Time (min) - L1 670nm	 - L1 670nm	Time (min) - L2 785nm	 - L2 785nm	Time (min) - L3 980nm	 - L3 980nm	Time (min) - L5 670nm	 - L5 670nm	Time (min) - L6 785nm	 - L6 785nm	Time (min) - L7 980nm	 - L7 980nm	
0,1745	76,2198	0,1745	73,2766	0,1745	67,5856	0,1745	53,815	0,1745	74,4296	0,1745	67,4935	
0,339033	76,1806	0,339033	73,277	0,339033	67,5851	0,339033	53,823	0,339033	74,4172	0,339033	67,4924	
0,50325	76,2268	0,50325	73,277	0,50325	67,585	0,50325	53,8174	0,50325	74,4171	0,50325	67,4914	
0,667	76,2226	0,667	73,2941	0,667	67,6594	0,667	54,0949	0,667	48,5694	0,667	72,809	
0,8315	76,2068	0,8315	73,2821	0,8315	67,603	0,8315	54,5103	0,8315	78,4665	0,8315	72,7489	
0,996533	76,2065	0,996533	73,2774	0,996533	67,5941	0,996533	54,4748	0,996533	78,4572	0,996533	72,7358	
1,16075	76,2112	1,16075	73,2756	1,16075	67,5911	1,16075	54,504	1,16075	78,3122	1,16075	72,7408	
1,3271	76,8011	1,3271	73,3098	1,3271	67,6468	1,3271	77,6371	1,3271	73,0808	1,3271	67,5036	
1,49185	76,2426	1,49185	73,3029	1,49185	67,6415	1,49185	77,6595	1,49185	73,1884	1,49185	67,5252	
1,65642	75,7851	1,65642	73,2813	1,65642	67,6132	1,65642	77,7807	1,65642	73,1377	1,65642	67,4886	
1,82068	76,2109	1,82068	73,2787	1,82068	67,6013	1,82068	77,2004	1,82068	73,1201	1,82068	67,4734	
1,98493	76,1879	1,98493	73,2797	1,98493	67,5972	1,98493	79,3823	1,98493	73,1152	1,98493	67,4676	
2,14865	76,2113	2,14865	73,2774	2,14865	67,5945	2,14865	77,7292	2,14865	73,1112	2,14865	67,4633	
2,31247	76,2122	2,31247	73,2771	2,31247	67,593	2,31247	77,7474	2,31247	73,1117	2,31247	67,4615	
2,47723	76,2165	2,47723	73,2763	2,47723	67,5916	2,47723	77,7222	2,47723	73,1098	2,47723	67,4614	
2,64197	76,1837	2,64197	73,2757	2,64197	67,5908	2,64197	77,2455	2,64197	73,1078	2,64197	67,46	
2,80598	76,1987	2,80598	73,2763	2,80598	67,5897	2,80598	77,6799	2,80598	73,1024	2,80598	67,4589	
2,9708	76,2197	2,9708	73,2744	2,9708	67,5894	2,9708	77,7396	2,9708	73,1061	2,9708	67,4581	
3,13532	76,1886	3,13532	73,2755	3,13532	67,5883	3,13532	77,5804	3,13532	73,106	3,13532	67,4576	
3,29957	76,197	3,29957	73,2748	3,29957	67,5888	3,29957	71,621	3,29957	73,1059	3,29957	67,4568	
3,46382	76,2214	3,46382	73,276	3,46382	67,5884	3,46382	77,8063	3,46382	73,1038	3,46382	67,4558	
3,62838	76,2255	3,62838	73,2733	3,62838	67,5874	3,62838	78,1417	3,62838	73,1045	3,62838	67,4555	
3,79235	76,2202	3,79235	73,2759	3,79235	67,5875	3,79235	78,2598	3,79235	73,1033	3,79235	67,4553	
3,9569	76,2197	3,9569	73,2751	3,9569	67,5862	3,9569	77,645	3,9569	73,1028	3,9569	67,4551	
4,12167	76,2234	4,12167	73,2756	4,12167	67,5865	4,12167	77,7687	4,12167	73,102	4,12167	67,4542	
4,2859	76,1952	4,2859	73,2755	4,2859	67,5863	4,2859	78,1816	4,2859	73,1039	4,2859	67,4544	
4,4499	76,2253	4,4499	73,2757	4,4499	67,5862	4,4499	78,0816	4,4499	73,1039	4,4499	67,4546	
4,61388	76,1972	4,61388	73,2757	4,61388	67,5863	4,61388	78,4602	4,61388	73,1027	4,61388	67,4545	
4,7787	76,2214	4,7787	73,2753	4,7787	67,5859	4,7787	77,6701	4,7787	73,1035	4,7787	67,4537	
4,9427	76,2238	4,9427	73,2749	4,9427	67,5861	4,9427	77,629	4,9427	73,1022	4,9427	67,4545	
5,10775	76,1904	5,10775	73,2747	5,10775	67,5855	5,10775	77,2494	5,10775	73,1025	5,10775	67,4541	
5,27232	76,2276	5,27232	73,2745	5,27232	67,5856	5,27232	77,385	5,27232	73,1042	5,27232	67,4528	
5,43657	76,2296	5,43657	73,2754	5,43657	67,5851	5,43657	77,4936	5,43657	73,102	5,43657	67,453	
5,60083	76,2234	5,60083	73,2747	5,60083	67,5852	5,60083	78,2073	5,60083	73,1015	5,60083	67,4533	
5,76508	76,1803	5,76508	73,275	5,76508	67,5855	5,76508	77,2002	5,76508	73,1025	5,76508	67,4535	
5,9296	76,2284	5,9296	73,2736	5,9296	67,5855	5,9296	78,1611	5,9296	73,1029	5,9296	67,4534	
6,09357	76,1974	6,09357	73,2754	6,09357	67,5845	6,09357	78,0972	6,09357	73,1009	6,09357	67,4534	
6,25755	76,2259	6,25755	73,2761	6,25755	67,5855	6,25755	76,9049	6,25755	73,1012	6,25755	67,4527	
6,42182	76,2278	6,42182	73,2756	6,42182	67,5855	6,42182	77,6316	6,42182	73,1008	6,42182	67,4537	
6,5858	76,2262	6,5858	73,2754	6,5858	67,5849	6,5858	77,6323	6,5858	73,1019	6,5858	67,4533	
6,74978	76,1982	6,74978	73,2757	6,74978	67,5842	6,74978	76,5929	6,74978	73,1015	6,74978	67,4524	
6,91375	76,2235	6,91375	73,275	6,91375	67,5849	6,91375	77,1903	6,91375	73,0991	6,91375	67,4525	
7,07857	76,2243	7,07857	73,2758	7,07857	67,5855	7,07857	78,083	7,07857	73,1024	7,07857	67,4536	
7,24282	76,2282	7,24282	73,2742	7,24282	67,5854	7,24282	138,29	7,24282	73,1017	7,24282	67,4523	
7,4065	76,226	7,4065	73,2738	7,4065	67,5851	7,4065	77,6377	7,4065	73,1017	7,4065	67,4527	
7,57073	76,2243	7,57073	73,2748	7,57073	67,5848	7,57073	77,3614	7,57073	73,1017	7,57073	67,4528	
7,73448	76,2232	7,73448	73,2736	7,73448	67,5853	7,73448	78,1777	7,73448	73,1009	7,73448	67,4528	
7,8982	76,2231	7,8982	73,2752	7,8982	67,5851	7,8982	78,4774	7,8982	73,1021	7,8982	67,4522	
8,06278	76,2243	8,06278	73,276	8,06278	67,5847	8,06278	78,0484	8,06278	73,1013	8,06278	67,4525	
8,22623	76,2245	8,22623	73,2729	8,22623	67,5846	8,22623	77,609	8,22623	73,1005	8,22623	67,4524	
8,39025	76,2289	8,39025	73,274	8,39025	67,5846	8,39025	78,1494	8,39025	73,1024	8,39025	67,4524	
8,55453	76,2297	8,55453	73,2756	8,55453	67,5849	8,55453	83,5709	8,55453	73,1013	8,55453	67,452	
8,71878	76,2232	8,71878	73,2753	8,71878	67,5851	8,71878	77,4845	8,71878	73,0991	8,71878	67,4533	
8,88302	76,2258	8,88302	73,273	8,88302	67,5847	8,88302	77,733	8,88302	73,0997	8,88302	67,4522	
9,04673	76,2256	9,04673	73,2725	9,04673	67,5851	9,04673	78,1114	9,04673	73,1008	9,04673	67,4525	
9,21017	76,225	9,21017	73,2763	9,21017	67,5844	9,21017	77,6287	9,21017	73,1022	9,21017	67,4525	
9,3747	76,2262	9,3747	73,2746	9,3747	67,5848	9,3747	77,6879	9,3747	73,0998	9,3747	67,4522	
9,53925	76,23	9,53925	73,2747	9,53925	67,5845	9,53925	78,5893	9,53925	73,0979	9,53925	67,4524	
9,70297	76,2301	9,70297	73,2753	9,70297	67,5848	9,70297	77,7167	9,70297	73,0981	9,70297	67,4524	
9,86695	76,1925	9,86695	73,273	9,86695	67,5851	9,86695	78,1282	9,86695	73,1023	9,86695	67,4515	
10,0315	76,2309	10,0315	73,2734	10,0315	67,585	10,0315	77,6136	10,0315	73,1013	10,0315	67,4525	
10,1976	76,1945	10,1976	73,2745	10,1976	67,585	10,1976	78,1869	10,1976	73,1033	10,1976	67,4523	
10,3624	76,2274	10,3624	73,2757	10,3624	67,5848	10,3624	77,7298	10,3624	73,1025	10,3624	67,4524	
10,5267	76,2244	10,5267	73,274	10,5267	67,5851	10,5267	78,2436	10,5267	73,1023	10,5267	67,4524	
10,6909	76,2291	10,6909	73,2742	10,6909	67,5846	10,6909	78,1298	10,6909	73,0965	10,6909	67,452	
10,8554	76,1948	10,8554	73,2726	10,8554	67,5845	10,8554	77,7069	10,8554	73,1034	10,8554	67,4521	
11,0194	76,1986	11,0194	73,2755	11,0194	67,5852	11,0194	78,1626	11,0194	73,1019	11,0194	67,452	
11,184	76,2285	11,184	73,2747	11,184	67,585	11,184	-187,757	11,184	73,0987	11,184	67,4517	
11,3482	76,2314	11,3482	73,2751	11,3482	67,585	11,3482	78,0565	11,3482	73,0997	11,3482	67,452	
11,5122	76,2234	11,5122	73,2746	11,5122	67,5843	11,5122	77,6733	11,5122	73,1	11,5122	67,4516	
11,6764	76,2243	11,6764	73,2742	11,6764	67,5847	11,6764	78,2067	11,6764	73,1011	11,6764	67,4521	
11,8407	76,2279	11,8407	73,2747	11,8407	67,5841	11,8407	77,2428	11,8407	73,0994	11,8407	67,4517	
12,0052	76,2005	12,0052	73,275	12,0052	67,5854	12,0052	78,2344	12,0052	73,1018	12,0052	67,4522	
12,1697	76,1809	12,1697	73,2731	12,1697	67,5851	12,1697	78,6083	12,1697	73,0996	12,1697	67,4523	
12,3343	76,1955	12,3343	73,2748	12,3343	67,5845	12,3343	78,1882	12,3343	73,0998	12,3343	67,4525	
12,4983	76,2236	12,4983	73,2749	12,4983	67,585	12,4983	77,6673	12,4983	73,096	12,4983	67,4521	
12,662	76,1809	12,662	73,2746	12,662	67,5853	12,662	78,1422	12,662	73,1011	12,662	67,4518	
12,826	76,2281	12,826	73,2742	12,826	67,5846	12,826	78,4248	12,826	73,0991	12,826	67,4522	
12,9895	76,2211	12,9895	73,2747	12,9895	67,5846	12,9895	88,237	12,9895	73,1002	12,9895	67,4518	
13,1537	76,2266	13,1537	73,2746	13,1537	67,5846	13,1537	78,0899	13,1537	73,0988	13,1537	67,4519	
13,3175	76,2267	13,3175	73,2747	13,3175	67,5848	13,3175	78,0712	13,3175	73,1008	13,3175	67,452	
13,4815	76,1959	13,4815	73,2749	13,4815	67,5848	13,4815	78,0872	13,4815	73,0971	13,4815	67,452	
13,6454	76,2239	13,6454	73,2747	13,6454	67,5847	13,6454	77,4897	13,6454	73,1004	13,6454	67,4516	
13,81	76,2298	13,81	73,2753	13,81	67,5854	13,81	78,1718	13,81	73,1001	13,81	67,4513	
13,9737	76,2244	13,9737	73,2761	13,9737	67,5845	13,9737	78,1914	13,9737	73,1007	13,9737	67,4522	
14,1376	76,2277	14,1376	73,2739	14,1376	67,5854	14,1376	78,151	14,1376	73,1018	14,1376	67,4521	
14,3016	76,2306	14,3016	73,2745	14,3016	67,5852	14,3016	77,6883	14,3016	73,1026	14,3016	67,4523	
14,4659	76,1791	14,4659	73,2743	14,4659	67,5848	14,4659	77,6461	14,4659	73,1008	14,4659	67,4517	
14,6299	76,1783	14,6299	73,274	14,6299	67,5856	14,6299	77,7584	14,6299	73,1003	14,6299	67,452	
14,7941	76,2322	14,7941	73,2738	14,7941	67,5855	14,7941	78,284	14,7941	73,1016	14,7941	67,4511	
14,9581	76,2001	14,9581	73,2756	14,9581	67,5852	14,9581	78,0423	14,9581	73,1025	14,9581	67,4514	
15,1216	76,2291	15,1216	73,2752	15,1216	67,5849	15,1216	78,4144	15,1216	73,0991	15,1216	67,4516	
15,2853	76,2237	15,2853	73,2746	15,2853	67,5851	15,2853	77,5702	15,2853	73,102	15,2853	67,4523	
15,4498	75,7302	15,4498	73,2741	15,4498	67,5849	15,4498	77,5471	15,4498	73,1003	15,4498	67,4515	
15,6138	76,1996	15,6138	73,2751	15,6138	67,585	15,6138	78,0587	15,6138	73,1006	15,6138	67,452	
15,7778	76,2259	15,7778	73,2748	15,7778	67,5844	15,7778	78,1071	15,7778	73,104	15,7778	67,4518	
15,9418	76,1957	15,9418	73,275	15,9418	67,5848	15,9418	78,2917	15,9418	73,0995	15,9418	67,4511	
16,1055	76,2283	16,1055	73,2752	16,1055	67,5843	16,1055	77,6364	16,1055	73,1019	16,1055	67,452	
16,2692	76,2264	16,2692	73,2751	16,2692	67,5849	16,2692	77,6675	16,2692	73,1031	16,2692	67,4518	
16,4326	76,2214	16,4326	73,2749	16,4326	67,5847	16,4326	77,474	16,4326	73,1027	16,4326	67,4518	
16,5966	76,2286	16,5966	73,2748	16,5966	67,5845	16,5966	77,4094	16,5966	73,102	16,5966	67,4523	
16,7608	76,2226	16,7608	73,2737	16,7608	67,5844	16,7608	78,2111	16,7608	73,0975	16,7608	67,4519	
16,9243	76,2216	16,9243	73,2725	16,9243	67,5845	16,9243	77,6882	16,9243	73,1017	16,9243	67,4511	
17,088	76,2199	17,088	73,2744	17,088	67,5846	17,088	78,0955	17,088	73,103	17,088	67,4517	
17,2518	76,1942	17,2518	73,2751	17,2518	67,5846	17,2518	78,146	17,2518	73,1006	17,2518	67,4513	
17,4155	76,2268	17,4155	73,2735	17,4155	67,5849	17,4155	78,0984	17,4155	73,1026	17,4155	67,4509	
17,5793	76,1856	17,5793	73,2731	17,5793	67,5847	17,5793	78,2576	17,5793	73,1026	17,5793	67,4525	
17,744	76,2284	17,744	73,2735	17,744	67,585	17,744	78,1193	17,744	73,1012	17,744	67,4511	
17,9077	76,2261	17,9077	73,2727	17,9077	67,585	17,9077	77,5106	17,9077	73,1022	17,9077	67,4519	
18,0717	76,2283	18,0717	73,2737	18,0717	67,5847	18,0717	78,1961	18,0717	73,1026	18,0717	67,4513	
18,2357	76,2274	18,2357	73,2745	18,2357	67,5849	18,2357	78,4394	18,2357	73,1046	18,2357	67,4524	
18,3997	76,2277	18,3997	73,2747	18,3997	67,5843	18,3997	77,6044	18,3997	73,1014	18,3997	67,4523	
18,5637	76,192	18,5637	73,2745	18,5637	67,5849	18,5637	77,7025	18,5637	73,1011	18,5637	67,4513	
18,7277	76,2265	18,7277	73,2751	18,7277	67,5849	18,7277	78,0653	18,7277	73,1024	18,7277	67,4515	
18,8914	76,221	18,8914	73,2756	18,8914	67,586	18,8914	78,103	18,8914	73,1031	18,8914	67,4515	
19,055	76,2263	19,055	73,2768	19,055	67,5858	19,055	77,6065	19,055	73,0987	19,055	67,4511	
19,219	76,2286	19,219	73,2784	19,219	67,5867	19,219	77,5899	19,219	73,1027	19,219	67,4515	
19,383	76,2256	19,383	73,279	19,383	67,587	19,383	78,2803	19,383	73,0968	19,383	67,4512	
19,547	76,2221	19,547	73,2784	19,547	67,5876	19,547	78,0863	19,547	73,1011	19,547	67,4513	
19,7104	76,2186	19,7104	73,2796	19,7104	67,5892	19,7104	78,1592	19,7104	73,0985	19,7104	67,4515	
19,8747	76,18	19,8747	73,2812	19,8747	67,5882	19,8747	77,6435	19,8747	73,1032	19,8747	67,452	
20,039	76,2249	20,039	73,2799	20,039	67,5891	20,039	78,187	20,039	73,1037	20,039	67,4519	
20,2027	76,2218	20,2027	73,2831	20,2027	67,59	20,2027	77,6409	20,2027	73,1015	20,2027	67,4516	
20,3664	76,2211	20,3664	73,285	20,3664	67,5903	20,3664	77,7063	20,3664	73,1004	20,3664	67,4513	
20,5301	76,2199	20,5301	73,285	20,5301	67,5906	20,5301	78,2397	20,5301	73,1011	20,5301	67,4509	
20,6941	76,217	20,6941	73,2865	20,6941	67,591	20,6941	78,0635	20,6941	73,1028	20,6941	67,4518	
20,8579	76,2161	20,8579	73,2872	20,8579	67,5918	20,8579	78,8284	20,8579	73,1013	20,8579	67,452	
21,0219	76,2202	21,0219	73,2884	21,0219	67,5919	21,0219	75,3475	21,0219	73,1017	21,0219	67,4517	
21,1861	76,2252	21,1861	73,289	21,1861	67,5929	21,1861	78,1079	21,1861	73,1017	21,1861	67,4516	
21,3501	76,2173	21,3501	73,2895	21,3501	67,5934	21,3501	78,0782	21,3501	73,102	21,3501	67,4514	
21,5144	76,2227	21,5144	73,29	21,5144	67,5942	21,5144	77,5628	21,5144	73,1006	21,5144	67,4513	
21,6789	76,2225	21,6789	73,2913	21,6789	67,5945	21,6789	78,1691	21,6789	73,1024	21,6789	67,4512	
21,8426	76,2143	21,8426	73,2923	21,8426	67,5945	21,8426	77,6704	21,8426	73,1037	21,8426	67,4517	
22,0061	75,7245	22,0061	73,2917	22,0061	67,5945	22,0061	77,7118	22,0061	73,103	22,0061	67,4515	
22,1698	76,2161	22,1698	73,2911	22,1698	67,5951	22,1698	78,0785	22,1698	73,1038	22,1698	67,452	
22,3335	76,2199	22,3335	73,2942	22,3335	67,5959	22,3335	78,092	22,3335	73,1016	22,3335	67,451	
22,497	76,2209	22,497	73,2931	22,497	67,5964	22,497	78,0852	22,497	73,1021	22,497	67,4517	
22,6607	76,2188	22,6607	73,2948	22,6607	67,5966	22,6607	78,1484	22,6607	73,1021	22,6607	67,4519	
22,8247	76,2204	22,8247	73,2956	22,8247	67,5972	22,8247	78,1033	22,8247	73,1002	22,8247	67,4518	
22,9886	75,7179	22,9886	73,2962	22,9886	67,5976	22,9886	78,3494	22,9886	73,1009	22,9886	67,452	
23,1523	76,226	23,1523	73,2976	23,1523	67,5979	23,1523	78,15	23,1523	73,1025	23,1523	67,4515	
23,3166	76,2197	23,3166	73,2981	23,3166	67,5978	23,3166	78,1073	23,3166	73,1017	23,3166	67,4511	
23,4806	76,2193	23,4806	73,2982	23,4806	67,5982	23,4806	78,9486	23,4806	73,1008	23,4806	67,4516	
23,644	76,2242	23,644	73,2996	23,644	67,5988	23,644	78,2968	23,644	73,1025	23,644	67,4519	
23,808	76,2162	23,808	73,2997	23,808	67,5986	23,808	78,166	23,808	73,1017	23,808	67,4513	
23,9714	76,2201	23,9714	73,2993	23,9714	67,5987	23,9714	77,5945	23,9714	73,1037	23,9714	67,4519	
24,1362	76,2207	24,1362	73,3003	24,1362	67,5989	24,1362	77,5691	24,1362	73,1033	24,1362	67,4516	
24,3002	76,2207	24,3002	73,3014	24,3002	67,6001	24,3002	86,5113	24,3002	73,0988	24,3002	67,4522	
24,4639	76,2209	24,4639	73,3009	24,4639	67,6002	24,4639	77,6584	24,4639	73,1019	24,4639	67,4518	
24,6279	76,2168	24,6279	73,3012	24,6279	67,6002	24,6279	78,0789	24,6279	73,1025	24,6279	67,452	
24,7916	75,7216	24,7916	73,303	24,7916	67,6	24,7916	80,2794	24,7916	73,1031	24,7916	67,4511	
24,9556	76,2191	24,9556	73,3018	24,9556	67,6006	24,9556	78,1212	24,9556	73,1026	24,9556	67,4517	
25,1196	76,2284	25,1196	73,3021	25,1196	67,6006	25,1196	78,2608	25,1196	73,1015	25,1196	67,4516	
25,2836	76,2202	25,2836	73,3025	25,2836	67,6013	25,2836	77,6487	25,2836	73,102	25,2836	67,4515	
25,4477	76,1877	25,4477	73,3003	25,4477	67,5999	25,4477	78,116	25,4477	73,1008	25,4477	67,4511	
25,6119	76,2136	25,6119	73,3025	25,6119	67,6007	25,6119	77,1283	25,6119	73,1039	25,6119	67,4515	
25,7756	76,2194	25,7756	73,3023	25,7756	67,6004	25,7756	78,1018	25,7756	73,1033	25,7756	67,4514	
25,9391	76,217	25,9391	73,3022	25,9391	67,6006	25,9391	77,5897	25,9391	73,1017	25,9391	67,4511	
26,1028	76,2157	26,1028	73,3017	26,1028	67,6004	26,1028	78,1197	26,1028	73,1035	26,1028	67,4515	
26,2665	76,2152	26,2665	73,3027	26,2665	67,6005	26,2665	78,6647	26,2665	73,1022	26,2665	67,451	
26,4304	76,221	26,4304	73,3024	26,4304	67,6004	26,4304	77,6036	26,4304	73,1005	26,4304	67,4522	
26,5944	76,2198	26,5944	73,3016	26,5944	67,6007	26,5944	78,2406	26,5944	73,0997	26,5944	67,4513	
26,7582	76,1771	26,7582	73,303	26,7582	67,6005	26,7582	78,1276	26,7582	73,1021	26,7582	67,4517	
26,923	76,2184	26,923	73,3018	26,923	67,6002	26,923	77,0504	26,923	73,0997	26,923	67,4509	
27,088	76,205	27,088	73,2999	27,088	67,6002	27,088	78,409	27,088	73,1015	27,088	67,4518	
27,2531	76,2189	27,2531	73,3014	27,2531	67,6	27,2531	77,6223	27,2531	73,0996	27,2531	67,4509	
27,4179	76,219	27,4179	73,3002	27,4179	67,5999	27,4179	78,1708	27,4179	73,1024	27,4179	67,4508	
27,5818	76,2171	27,5818	73,3008	27,5818	67,5999	27,5818	85,613	27,5818	73,1007	27,5818	67,452	
27,7458	76,2246	27,7458	73,301	27,7458	67,5999	27,7458	77,6429	27,7458	73,1042	27,7458	67,4512	
27,9098	76,1788	27,9098	73,3015	27,9098	67,5996	27,9098	77,7642	27,9098	73,1027	27,9098	67,4513	
28,0744	76,2149	28,0744	73,3011	28,0744	67,5995	28,0744	78,0674	28,0744	73,1003	28,0744	67,4511	
28,2394	76,221	28,2394	73,3015	28,2394	67,5995	28,2394	78,0757	28,2394	73,1013	28,2394	67,451	
28,4041	76,1912	28,4041	73,3013	28,4041	67,5994	28,4041	82,4223	28,4041	73,1005	28,4041	67,4513	
28,5684	76,2208	28,5684	73,3011	28,5684	67,5992	28,5684	77,2716	28,5684	73,1016	28,5684	67,451	
28,7328	76,2154	28,7328	73,3008	28,7328	67,5993	28,7328	78,3216	28,7328	73,1008	28,7328	67,451	
28,8976	76,2164	28,8976	73,2991	28,8976	67,5994	28,8976	78,1383	28,8976	73,1025	28,8976	67,4513	
29,0622	76,2247	29,0622	73,3009	29,0622	67,5999	29,0622	78,0737	29,0622	73,1006	29,0622	67,4509	
29,227	76,2195	29,227	73,301	29,227	67,5999	29,227	76,6117	29,227	73,1006	29,227	67,4513	
29,3912	76,2204	29,3912	73,3004	29,3912	67,6	29,3912	78,0838	29,3912	73,1022	29,3912	67,4512	
29,5555	76,2173	29,5555	73,3001	29,5555	67,5998	29,5555	78,0756	29,5555	73,1021	29,5555	67,4509	
29,7192	76,2204	29,7192	73,2991	29,7192	67,5993	29,7192	78,0729	29,7192	73,1012	29,7192	67,4512	
29,8834	76,2217	29,8834	73,2988	29,8834	67,599	29,8834	78,1434	29,8834	73,1035	29,8834	67,451	
30,0469	76,2238	30,0469	73,3003	30,0469	67,5995	30,0469	77,6199	30,0469	73,1003	30,0469	67,4509	
30,2109	76,1865	30,2109	73,3007	30,2109	67,5998	30,2109	78,3485	30,2109	73,0999	30,2109	67,451	
30,3755	76,2161	30,3755	73,3002	30,3755	67,5989	30,3755	78,1643	30,3755	73,1019	30,3755	67,4504	
30,5393	76,2258	30,5393	73,3004	30,5393	67,5996	30,5393	78,0811	30,5393	73,1023	30,5393	67,451	
30,7035	76,217	30,7035	73,3003	30,7035	67,5993	30,7035	77,7104	30,7035	73,0986	30,7035	67,4506	
30,8675	76,2235	30,8675	73,3003	30,8675	67,5995	30,8675	78,4776	30,8675	73,1012	30,8675	67,451	
31,0315	76,2164	31,0315	73,301	31,0315	67,599	31,0315	78,0748	31,0315	73,1022	31,0315	67,4504	
31,1952	76,2246	31,1952	73,2988	31,1952	67,5988	31,1952	78,0766	31,1952	73,1031	31,1952	67,4508	
31,3592	76,2166	31,3592	73,2999	31,3592	67,5993	31,3592	79,9279	31,3592	73,0999	31,3592	67,4506	
31,5238	76,217	31,5238	73,3007	31,5238	67,5998	31,5238	78,446	31,5238	73,1023	31,5238	67,451	
31,6883	76,215	31,6883	73,3001	31,6883	67,5993	31,6883	78,0697	31,6883	73,0994	31,6883	67,4509	
31,8528	76,2182	31,8528	73,3007	31,8528	67,5991	31,8528	78,1085	31,8528	73,1014	31,8528	67,4507	
32,0171	76,2177	32,0171	73,3	32,0171	67,5993	32,0171	77,7297	32,0171	73,1027	32,0171	67,4507	
32,1811	76,2192	32,1811	73,3006	32,1811	67,5993	32,1811	77,633	32,1811	73,0996	32,1811	67,4511	
32,3453	76,2183	32,3453	73,3005	32,3453	67,5995	32,3453	75,7355	32,3453	73,1008	32,3453	67,451	
32,5093	76,2147	32,5093	73,3005	32,5093	67,5994	32,5093	78,1341	32,5093	73,1016	32,5093	67,4509	
32,673	76,2217	32,673	73,2997	32,673	67,5999	32,673	78,1748	32,673	73,0976	32,673	67,4516	
32,837	76,2207	32,837	73,3005	32,837	67,5992	32,837	78,4618	32,837	73,1001	32,837	67,4506	
33,001	76,2174	33,001	73,3002	33,001	67,5987	33,001	79,1329	33,001	73,1004	33,001	67,4503	
33,165	76,2165	33,165	73,2978	33,165	67,5998	33,165	78,8177	33,165	73,1017	33,165	67,4507	
33,329	76,2154	33,329	73,3001	33,329	67,5991	33,329	78,6314	33,329	73,1013	33,329	67,4516	
33,4932	76,1924	33,4932	73,2976	33,4932	67,5995	33,4932	74,2299	33,4932	73,1013	33,4932	67,4515	
33,6575	76,2186	33,6575	73,3	33,6575	67,5994	33,6575	77,6986	33,6575	73,0989	33,6575	67,4512	
33,8212	76,2193	33,8212	73,2992	33,8212	67,5993	33,8212	77,5922	33,8212	73,099	33,8212	67,4511	
33,9852	76,2174	33,9852	73,3001	33,9852	67,5992	33,9852	68,9256	33,9852	73,098	33,9852	67,4512	
34,1492	76,2177	34,1492	73,3004	34,1492	67,5993	34,1492	78,0444	34,1492	73,1023	34,1492	67,4508	
34,3135	76,2248	34,3135	73,2988	34,3135	67,5996	34,3135	77,378	34,3135	73,1014	34,3135	67,4514	
34,4772	76,2194	34,4772	73,3002	34,4772	67,5997	34,4772	78,09	34,4772	73,1019	34,4772	67,4515	
34,6409	76,2249	34,6409	73,2977	34,6409	67,5996	34,6409	78,1663	34,6409	73,1008	34,6409	67,4502	
34,8054	76,2214	34,8054	73,2997	34,8054	67,5991	34,8054	77,4625	34,8054	73,1	34,8054	67,451	
34,9694	76,2181	34,9694	73,2995	34,9694	67,5984	34,9694	77,5941	34,9694	73,1006	34,9694	67,4508	
35,1334	76,2161	35,1334	73,3	35,1334	67,5992	35,1334	76,8179	35,1334	73,1019	35,1334	67,451	
35,2974	76,2253	35,2974	73,3	35,2974	67,5993	35,2974	78,1293	35,2974	73,1003	35,2974	67,4512	
35,4611	76,2209	35,4611	73,3001	35,4611	67,599	35,4611	77,7275	35,4611	73,0989	35,4611	67,4508	
35,6251	76,2183	35,6251	73,2995	35,6251	67,5993	35,6251	78,1045	35,6251	73,0997	35,6251	67,4503	
35,7891	76,2202	35,7891	73,3	35,7891	67,5993	35,7891	78,3264	35,7891	73,0994	35,7891	67,4506	
35,9536	76,2172	35,9536	73,2997	35,9536	67,5985	35,9536	78,0889	35,9536	73,1017	35,9536	67,4508	
36,1178	76,2198	36,1178	73,3001	36,1178	67,5995	36,1178	86,7239	36,1178	73,101	36,1178	67,4509	
36,2821	76,2243	36,2821	73,2996	36,2821	67,5995	36,2821	79,5073	36,2821	73,0967	36,2821	67,4506	
36,4467	76,2217	36,4467	73,2995	36,4467	67,599	36,4467	77,6392	36,4467	73,0994	36,4467	67,4513	
36,6106	76,2196	36,6106	73,2995	36,6106	67,5989	36,6106	77,5178	36,6106	73,1003	36,6106	67,451	
36,7751	76,2224	36,7751	73,2997	36,7751	67,5988	36,7751	78,4798	36,7751	73,0997	36,7751	67,4509	
36,9391	76,2198	36,9391	73,299	36,9391	67,5981	36,9391	77,6185	36,9391	73,0975	36,9391	67,4505	
37,1036	76,2197	37,1036	73,2975	37,1036	67,5987	37,1036	78,0959	37,1036	73,1008	37,1036	67,4508	
37,2673	76,2188	37,2673	73,2999	37,2673	67,5989	37,2673	77,6755	37,2673	73,1004	37,2673	67,4511	
37,4319	76,2192	37,4319	73,2998	37,4319	67,599	37,4319	86,1682	37,4319	73,1011	37,4319	67,4502	
37,5956	76,2259	37,5956	73,2992	37,5956	67,5991	37,5956	78,0567	37,5956	73,1023	37,5956	67,4504	
37,7603	76,2222	37,7603	73,2995	37,7603	67,5991	37,7603	78,1736	37,7603	73,1011	37,7603	67,4508	
37,9247	76,219	37,9247	73,2995	37,9247	67,5992	37,9247	86,1272	37,9247	73,1016	37,9247	67,4501	
38,0884	76,2184	38,0884	73,2995	38,0884	67,5989	38,0884	78,1819	38,0884	73,1022	38,0884	67,4504	
38,2521	76,2259	38,2521	73,3004	38,2521	67,5986	38,2521	77,7117	38,2521	73,1017	38,2521	67,4503	
38,4156	76,2242	38,4156	73,2995	38,4156	67,5989	38,4156	78,1168	38,4156	73,1032	38,4156	67,4508	
38,5801	76,2219	38,5801	73,2999	38,5801	67,5988	38,5801	75,5112	38,5801	73,1004	38,5801	67,4506	
38,7443	76,2197	38,7443	73,2993	38,7443	67,5982	38,7443	77,5706	38,7443	73,1013	38,7443	67,4509	
38,9088	76,2219	38,9088	73,2999	38,9088	67,5985	38,9088	78,8731	38,9088	73,1024	38,9088	67,451	
39,0731	76,2184	39,0731	73,2994	39,0731	67,5992	39,0731	78,0691	39,0731	73,1013	39,0731	67,4505	
39,2371	76,2164	39,2371	73,2983	39,2371	67,5988	39,2371	77,6175	39,2371	73,0996	39,2371	67,4512	
39,4018	76,2206	39,4018	73,2982	39,4018	67,5988	39,4018	77,6488	39,4018	73,1013	39,4018	67,4503	
39,5658	76,2218	39,5658	73,2994	39,5658	67,5988	39,5658	77,7238	39,5658	73,1026	39,5658	67,4507	
39,7298	76,2241	39,7298	73,2972	39,7298	67,5986	39,7298	77,7313	39,7298	73,1021	39,7298	67,4511	
39,8941	76,2212	39,8941	73,2999	39,8941	67,5984	39,8941	101,997	39,8941	73,1007	39,8941	67,4508	
40,0583	76,2162	40,0583	73,2996	40,0583	67,5989	40,0583	77,6797	40,0583	73,1013	40,0583	67,451	
40,2221	76,2209	40,2221	73,2989	40,2221	67,5983	40,2221	78,9739	40,2221	73,1005	40,2221	67,4504	
40,386	76,1845	40,386	73,2992	40,386	67,5987	40,386	79,0164	40,386	73,1007	40,386	67,4504	
40,5503	76,1902	40,5503	73,2999	40,5503	67,5989	40,5503	78,0672	40,5503	73,102	40,5503	67,4508	
40,7145	76,2214	40,7145	73,2995	40,7145	67,5989	40,7145	78,0596	40,7145	73,1013	40,7145	67,4501	
40,8784	76,1891	40,8784	73,299	40,8784	67,5993	40,8784	77,6102	40,8784	73,1027	40,8784	67,4504	
41,0421	76,1811	41,0421	73,2992	41,0421	67,5989	41,0421	77,5077	41,0421	73,0997	41,0421	67,4502	
41,2067	76,2242	41,2067	73,2994	41,2067	67,5991	41,2067	77,5097	41,2067	73,1008	41,2067	67,4502	
41,3704	76,2183	41,3704	73,2998	41,3704	67,5989	41,3704	76,6796	41,3704	73,1019	41,3704	67,4503	
41,5341	76,2222	41,5341	73,2989	41,5341	67,5986	41,5341	78,1144	41,5341	73,1015	41,5341	67,4501	
41,6981	76,2158	41,6981	73,2991	41,6981	67,5986	41,6981	78,1053	41,6981	73,1019	41,6981	67,45	
41,8626	76,2246	41,8626	73,2993	41,8626	67,5987	41,8626	81,891	41,8626	73,1027	41,8626	67,4508	
42,0269	76,2207	42,0269	73,2985	42,0269	67,5986	42,0269	78,0661	42,0269	73,1011	42,0269	67,4505	
42,1906	76,2157	42,1906	73,299	42,1906	67,5992	42,1906	78,0606	42,1906	73,1003	42,1906	67,4504	
42,3545	76,2158	42,3545	73,299	42,3545	67,5988	42,3545	78,0954	42,3545	73,0997	42,3545	67,4506	
42,5188	76,2227	42,5188	73,2994	42,5188	67,5992	42,5188	78,0861	42,5188	73,1028	42,5188	67,4511	
42,6833	76,1895	42,6833	73,2975	42,6833	67,5987	42,6833	78,1465	42,6833	73,1025	42,6833	67,451	
42,8477	76,2229	42,8477	73,2969	42,8477	67,5979	42,8477	77,6719	42,8477	73,1009	42,8477	67,4506	
43,0122	76,2177	43,0122	73,2992	43,0122	67,5993	43,0122	78,1142	43,0122	73,1049	43,0122	67,451	
43,1783	76,2216	43,1783	73,2988	43,1783	67,5987	43,1783	78,0883	43,1783	73,104	43,1783	67,4506	
43,3426	76,189	43,3426	73,2982	43,3426	67,5989	43,3426	77,5447	43,3426	73,1031	43,3426	67,4512	
43,5071	75,7195	43,5071	73,2988	43,5071	67,5987	43,5071	76,2802	43,5071	73,1033	43,5071	67,451	
43,6716	76,2179	43,6716	73,299	43,6716	67,5988	43,6716	77,5825	43,6716	73,1051	43,6716	67,4512	
43,8356	76,2172	43,8356	73,2991	43,8356	67,5988	43,8356	78,0866	43,8356	73,1044	43,8356	67,4509	
43,9995	76,2182	43,9995	73,2994	43,9995	67,5988	43,9995	78,2772	43,9995	73,1069	43,9995	67,4512	
44,1633	76,2184	44,1633	73,2994	44,1633	67,5983	44,1633	78,4994	44,1633	73,1052	44,1633	67,4513	
44,3273	76,217	44,3273	73,2984	44,3273	67,5984	44,3273	78,0955	44,3273	73,1058	44,3273	67,4515	
44,491	76,2243	44,491	73,2982	44,491	67,599	44,491	71,9837	44,491	73,1051	44,491	67,4517	
44,6552	76,2211	44,6552	73,2991	44,6552	67,5985	44,6552	76,2314	44,6552	73,1072	44,6552	67,4509	
44,8192	76,22	44,8192	73,2983	44,8192	67,5989	44,8192	76,9666	44,8192	73,1081	44,8192	67,4515	
44,9829	76,2174	44,9829	73,2981	44,9829	67,5987	44,9829	77,5553	44,9829	73,1068	44,9829	67,4518	
45,1466	76,2228	45,1466	73,2968	45,1466	67,5986	45,1466	77,6637	45,1466	73,1068	45,1466	67,4514	
45,3116	76,2207	45,3116	73,2972	45,3116	67,5989	45,3116	78,1145	45,3116	73,1006	45,3116	67,4513	
45,4763	76,2211	45,4763	73,2989	45,4763	67,5986	45,4763	78,243	45,4763	73,1083	45,4763	67,4524	
45,6411	76,222	45,6411	73,2994	45,6411	67,5985	45,6411	79,2326	45,6411	73,1076	45,6411	67,4518	
45,8049	76,2172	45,8049	73,2988	45,8049	67,599	45,8049	80,4826	45,8049	73,1054	45,8049	67,4518	
45,9694	76,2137	45,9694	73,2989	45,9694	67,5994	45,9694	78,0951	45,9694	73,1093	45,9694	67,4519	
46,1334	76,2152	46,1334	73,2996	46,1334	67,5985	46,1334	78,1112	46,1334	73,1064	46,1334	67,4514	
46,2973	75,7235	46,2973	73,2989	46,2973	67,5987	46,2973	77,6231	46,2973	73,1082	46,2973	67,4515	
46,461	76,2167	46,461	73,2988	46,461	67,5984	46,461	77,4985	46,461	73,1097	46,461	67,4517	
46,6253	76,2201	46,6253	73,2986	46,6253	67,5985	46,6253	77,5194	46,6253	73,1095	46,6253	67,4519	
46,789	76,2179	46,789	73,2986	46,789	67,5978	46,789	73,9651	46,789	73,1031	46,789	67,4523	
46,953	75,7208	46,953	73,2978	46,953	67,5986	46,953	77,6872	46,953	73,1097	46,953	67,4521	
47,117	76,2193	47,117	73,2988	47,117	67,599	47,117	77,615	47,117	73,1091	47,117	67,4521	
47,281	76,2199	47,281	73,2989	47,281	67,5983	47,281	78,0708	47,281	73,1101	47,281	67,4523	
47,445	76,2212	47,445	73,299	47,445	67,5992	47,445	78,1394	47,445	73,1097	47,445	67,4518	
47,6095	76,2173	47,6095	73,2992	47,6095	67,599	47,6095	77,6578	47,6095	73,1065	47,6095	67,4519	
47,7732	76,2236	47,7732	73,2991	47,7732	67,5989	47,7732	78,2082	47,7732	73,1088	47,7732	67,4524	
47,9371	76,2247	47,9371	73,2985	47,9371	67,5994	47,9371	78,1034	47,9371	73,1094	47,9371	67,4527	
48,1028	76,2173	48,1028	73,2983	48,1028	67,5978	48,1028	78,0705	48,1028	73,1104	48,1028	67,4518	
48,267	76,2178	48,267	73,2983	48,267	67,5988	48,267	78,1028	48,267	73,1081	48,267	67,4519	
48,4313	76,2244	48,4313	73,2994	48,4313	67,5986	48,4313	78,0851	48,4313	73,1111	48,4313	67,4525	
48,5958	76,2249	48,5958	73,299	48,5958	67,599	48,5958	77,4715	48,5958	73,1104	48,5958	67,4521	
48,7598	76,2163	48,7598	73,299	48,7598	67,5989	48,7598	77,6054	48,7598	73,1107	48,7598	67,4519	
48,9243	76,1897	48,9243	73,2987	48,9243	67,5983	48,9243	78,1688	48,9243	73,1103	48,9243	67,4529	
49,0882	76,2223	49,0882	73,299	49,0882	67,5989	49,0882	77,6404	49,0882	73,1135	49,0882	67,4525	
49,2527	76,2214	49,2527	73,2991	49,2527	67,5987	49,2527	78,9569	49,2527	73,1124	49,2527	67,4518	
49,4165	76,226	49,4165	73,2993	49,4165	67,5991	49,4165	78,1176	49,4165	73,1105	49,4165	67,453	
49,5804	76,2154	49,5804	73,2992	49,5804	67,5987	49,5804	78,1024	49,5804	73,1118	49,5804	67,4524	
49,7446	76,2217	49,7446	73,2982	49,7446	67,5987	49,7446	82,6191	49,7446	73,1137	49,7446	67,4515	
49,9084	76,2185	49,9084	73,2977	49,9084	67,5984	49,9084	80,0155	49,9084	73,1104	49,9084	67,4521	
50,0728	76,1872	50,0728	73,2986	50,0728	67,5986	50,0728	78,0957	50,0728	73,114	50,0728	67,4528	
50,2368	76,2194	50,2368	73,2987	50,2368	67,5982	50,2368	78,0632	50,2368	73,1141	50,2368	67,4528	
50,4011	76,2225	50,4011	73,2992	50,4011	67,5988	50,4011	77,5687	50,4011	73,1149	50,4011	67,4526	
50,565	76,2196	50,565	73,2985	50,565	67,5983	50,565	98,1429	50,565	73,1132	50,565	67,4522	
50,7285	76,2155	50,7285	73,2962	50,7285	67,5985	50,7285	77,6164	50,7285	73,1138	50,7285	67,4526	
50,8933	76,2219	50,8933	73,2982	50,8933	67,5989	50,8933	78,138	50,8933	73,1155	50,8933	67,4528	
51,0581	76,2221	51,0581	73,2984	51,0581	67,5991	51,0581	78,2457	51,0581	73,1143	51,0581	67,4527	
51,2218	76,2201	51,2218	73,2981	51,2218	67,5984	51,2218	78,2151	51,2218	73,1147	51,2218	67,4527	
51,3858	76,2244	51,3858	73,2986	51,3858	67,5987	51,3858	78,1028	51,3858	73,1167	51,3858	67,4525	
51,5501	76,2259	51,5501	73,2989	51,5501	67,5989	51,5501	78,1953	51,5501	73,1168	51,5501	67,4532	
51,7138	76,2231	51,7138	73,2986	51,7138	67,599	51,7138	78,2319	51,7138	73,1119	51,7138	67,4527	
51,8786	76,2227	51,8786	73,2985	51,8786	67,5985	51,8786	78,076	51,8786	73,1151	51,8786	67,4523	
52,0431	76,2213	52,0431	73,2992	52,0431	67,5984	52,0431	78,2114	52,0431	73,1159	52,0431	67,4529	
52,2077	76,2196	52,2077	73,2987	52,2077	67,5989	52,2077	77,4806	52,2077	73,1152	52,2077	67,4528	
52,3719	76,2229	52,3719	73,2989	52,3719	67,5987	52,3719	77,6245	52,3719	73,1172	52,3719	67,4525	
52,5373	76,2249	52,5373	73,2988	52,5373	67,599	52,5373	76,8793	52,5373	73,1172	52,5373	67,453	
52,7007	76,2172	52,7007	73,299	52,7007	67,5991	52,7007	76,7394	52,7007	73,1165	52,7007	67,4531	
52,8644	76,2181	52,8644	73,2985	52,8644	67,5987	52,8644	78,1741	52,8644	73,119	52,8644	67,4531	
53,0289	76,1931	53,0289	73,2985	53,0289	67,5989	53,0289	78,0917	53,0289	73,1176	53,0289	67,4527	
53,1931	76,2228	53,1931	73,2988	53,1931	67,5983	53,1931	78,1415	53,1931	73,1181	53,1931	67,4527	
53,3574	76,2151	53,3574	73,2983	53,3574	67,5982	53,3574	78,1461	53,3574	73,1199	53,3574	67,4523	
53,5216	76,2206	53,5216	73,2988	53,5216	67,5986	53,5216	77,7065	53,5216	73,1192	53,5216	67,4529	
53,6856	76,2226	53,6856	73,2988	53,6856	67,5985	53,6856	78,1203	53,6856	73,1205	53,6856	67,4531	
53,8496	76,2195	53,8496	73,2987	53,8496	67,5991	53,8496	77,5035	53,8496	73,1194	53,8496	67,4532	
54,0141	76,2189	54,0141	73,2989	54,0141	67,5987	54,0141	77,4644	54,0141	73,121	54,0141	67,4536	
54,1781	76,2299	54,1781	73,2989	54,1781	67,5985	54,1781	77,5964	54,1781	73,1205	54,1781	67,4534	
54,3418	76,2215	54,3418	73,2991	54,3418	67,5987	54,3418	78,4053	54,3418	73,1187	54,3418	67,4529	
54,5061	76,2214	54,5061	73,2991	54,5061	67,5985	54,5061	74,8732	54,5061	73,12	54,5061	67,4531	
54,6703	76,2178	54,6703	73,2974	54,6703	67,5981	54,6703	78,1172	54,6703	73,1217	54,6703	67,4535	
54,834	76,1957	54,834	73,2987	54,834	67,5993	54,834	77,5476	54,834	73,1217	54,834	67,4533	
54,998	76,2234	54,998	73,2988	54,998	67,5983	54,998	77,4262	54,998	73,1224	54,998	67,4531	
55,1628	76,2203	55,1628	73,2986	55,1628	67,5989	55,1628	77,1115	55,1628	73,1233	55,1628	67,4531	
55,327	76,2259	55,327	73,299	55,327	67,5985	55,327	77,566	55,327	73,1216	55,327	67,4535	
55,4918	76,2192	55,4918	73,2987	55,4918	67,599	55,4918	78,046	55,4918	73,1221	55,4918	67,4539	
55,6561	76,2196	55,6561	73,2989	55,6561	67,5985	55,6561	76,9431	55,6561	73,1221	55,6561	67,4536	
55,82	76,2219	55,82	73,2985	55,82	67,5986	55,82	78,1259	55,82	73,1231	55,82	67,4533	
55,9841	76,2275	55,9841	73,2987	55,9841	67,5985	55,9841	78,2114	55,9841	73,1227	55,9841	67,4538	
56,1483	76,2203	56,1483	73,2981	56,1483	67,5985	56,1483	78,5889	56,1483	73,1227	56,1483	67,4532	
56,312	76,2218	56,312	73,299	56,312	67,5982	56,312	77,5949	56,312	73,125	56,312	67,4534	
56,476	76,2278	56,476	73,2983	56,476	67,5987	56,476	78,1311	56,476	73,1239	56,476	67,4534	
56,6403	76,2208	56,6403	73,2989	56,6403	67,5983	56,6403	76,7056	56,6403	73,1236	56,6403	67,454	
56,8042	75,7262	56,8042	73,2988	56,8042	67,5985	56,8042	78,0927	56,8042	73,1213	56,8042	67,4535	
56,9677	76,2221	56,9677	73,2959	56,9677	67,5987	56,9677	78,4536	56,9677	73,1249	56,9677	67,4537	
57,1317	76,2247	57,1317	73,299	57,1317	67,5987	57,1317	78,712	57,1317	73,1248	57,1317	67,4534	
57,2962	75,725	57,2962	73,2988	57,2962	67,5994	57,2962	78,083	57,2962	73,1256	57,2962	67,4531	
57,461	76,2187	57,461	73,2984	57,461	67,5983	57,461	77,4656	57,461	73,1259	57,461	67,4535	
57,625	76,2164	57,625	73,299	57,625	67,5986	57,625	77,5775	57,625	73,125	57,625	67,4537	
57,7893	76,2186	57,7893	73,2987	57,7893	67,5987	57,7893	78,2941	57,7893	73,1245	57,7893	67,4533	
57,9533	76,2209	57,9533	73,2988	57,9533	67,5982	57,9533	78,3989	57,9533	73,1252	57,9533	67,4538	
58,1175	76,2234	58,1175	73,2983	58,1175	67,5991	58,1175	77,5315	58,1175	73,1237	58,1175	67,4538	
58,2822	76,2225	58,2822	73,2991	58,2822	67,5988	58,2822	78,156	58,2822	73,1257	58,2822	67,4536	
58,4465	76,1881	58,4465	73,2983	58,4465	67,5985	58,4465	78,3621	58,4465	73,1233	58,4465	67,4534	
58,6105	76,2213	58,6105	73,2991	58,6105	67,5987	58,6105	74,6124	58,6105	73,1259	58,6105	67,4539	
58,7747	76,221	58,7747	73,2981	58,7747	67,5986	58,7747	78,2353	58,7747	73,1252	58,7747	67,4537	
58,9393	76,2174	58,9393	73,2992	58,9393	67,599	58,9393	77,1411	58,9393	73,1252	58,9393	67,4539	
59,1038	76,2206	59,1038	73,2983	59,1038	67,5984	59,1038	77,5251	59,1038	73,1277	59,1038	67,454	
59,2681	76,1913	59,2681	73,2989	59,2681	67,5991	59,2681	72,2809	59,2681	73,1285	59,2681	67,4543	
59,432	76,22	59,432	73,2986	59,432	67,5988	59,432	77,5516	59,432	73,1286	59,432	67,4542	
59,596	76,2216	59,596	73,2995	59,596	67,5988	59,596	78,1882	59,596	73,1281	59,596	67,4538	
59,7598	76,222	59,7598	73,2982	59,7598	67,5986	59,7598	78,1551	59,7598	73,1262	59,7598	67,4538	
59,9237	76,2196	59,9237	73,2983	59,9237	67,5992	59,9237	77,5889	59,9237	73,1278	59,9237	67,4542	
60,0885	76,2233	60,0885	73,2996	60,0885	67,5986	60,0885	77,5733	60,0885	73,1295	60,0885	67,4537	
60,2528	76,2212	60,2528	73,2978	60,2528	67,5992	60,2528	78,2265	60,2528	73,126	60,2528	67,4541	
60,4168	76,2187	60,4168	73,2982	60,4168	67,5984	60,4168	78,1229	60,4168	73,1301	60,4168	67,454	
60,5807	76,2262	60,5807	73,2984	60,5807	67,5984	60,5807	78,439	60,5807	73,1293	60,5807	67,454	
60,745	76,2251	60,745	73,2979	60,745	67,5985	60,745	78,0555	60,745	73,1269	60,745	67,4537	
60,9084	76,2253	60,9084	73,298	60,9084	67,5987	60,9084	78,1464	60,9084	73,1284	60,9084	67,4536	
61,0724	76,2231	61,0724	73,2978	61,0724	67,5987	61,0724	77,6057	61,0724	73,1298	61,0724	67,4537	
61,2361	76,2249	61,2361	73,2983	61,2361	67,5997	61,2361	78,1417	61,2361	73,1294	61,2361	67,4545	
61,3998	76,2248	61,3998	73,2987	61,3998	67,5981	61,3998	77,5338	61,3998	73,1314	61,3998	67,4538	
61,5633	76,2265	61,5633	73,2985	61,5633	67,5987	61,5633	78,7897	61,5633	73,1336	61,5633	67,4538	
61,7267	76,2228	61,7267	73,2993	61,7267	67,5987	61,7267	77,6024	61,7267	73,1332	61,7267	67,4541	
61,8907	75,7233	61,8907	73,2985	61,8907	67,5985	61,8907	78,475	61,8907	73,1318	61,8907	67,4542	
62,0544	75,7257	62,0544	73,2987	62,0544	67,5987	62,0544	73,4971	62,0544	73,1327	62,0544	67,4542	
62,2181	76,2242	62,2181	73,2996	62,2181	67,5989	62,2181	74,2279	62,2181	73,133	62,2181	67,4541	
62,3819	76,2178	62,3819	73,2982	62,3819	67,5989	62,3819	78,8865	62,3819	73,1338	62,3819	67,4548	
62,5454	76,2238	62,5454	73,2993	62,5454	67,5996	62,5454	78,0839	62,5454	73,1307	62,5454	67,4543	
62,7093	76,2299	62,7093	73,2987	62,7093	67,5988	62,7093	78,1064	62,7093	73,1334	62,7093	67,4549	
62,873	76,2282	62,873	73,2982	62,873	67,5991	62,873	78,0952	62,873	73,1338	62,873	67,4547	
63,0365	76,2185	63,0365	73,2976	63,0365	67,5986	63,0365	78,0865	63,0365	73,1352	63,0365	67,4545	
63,2002	76,2194	63,2002	73,2989	63,2002	67,5991	63,2002	77,1441	63,2002	73,1346	63,2002	67,4546	
63,3639	76,2232	63,3639	73,2983	63,3639	67,5985	63,3639	77,5248	63,3639	73,1316	63,3639	67,4547	
63,5273	76,2197	63,5273	73,2981	63,5273	67,5984	63,5273	77,5729	63,5273	73,1373	63,5273	67,4541	
63,691	76,2175	63,691	73,2987	63,691	67,599	63,691	78,0949	63,691	73,1361	63,691	67,4546	
63,8545	76,1953	63,8545	73,2985	63,8545	67,5988	63,8545	78,1138	63,8545	73,136	63,8545	67,4544	
64,0182	76,2282	64,0182	73,2986	64,0182	67,5986	64,0182	78,3327	64,0182	73,1356	64,0182	67,4551	
64,1819	76,2273	64,1819	73,2979	64,1819	67,5986	64,1819	78,1663	64,1819	73,1368	64,1819	67,4541	
64,3454	76,2162	64,3454	73,2985	64,3454	67,5988	64,3454	77,4139	64,3454	73,1352	64,3454	67,454	
64,5096	76,221	64,5096	73,2968	64,5096	67,5988	64,5096	78,0962	64,5096	73,1359	64,5096	67,4547	
64,6736	76,2227	64,6736	73,2985	64,6736	67,5985	64,6736	78,5082	64,6736	73,1342	64,6736	67,4554	
64,8375	76,2181	64,8375	73,2988	64,8375	67,5987	64,8375	76,676	64,8375	73,1329	64,8375	67,4548	
65,0012	76,2214	65,0012	73,2984	65,0012	67,5987	65,0012	78,1231	65,0012	73,1357	65,0012	67,4541	
65,1652	76,2231	65,1652	73,2986	65,1652	67,5989	65,1652	77,6701	65,1652	73,1373	65,1652	67,4549	
65,3292	76,2242	65,3292	73,2984	65,3292	67,5985	65,3292	77,5292	65,3292	73,1347	65,3292	67,4548	
65,4937	76,223	65,4937	73,2984	65,4937	67,5986	65,4937	78,0449	65,4937	73,1354	65,4937	67,4542	
65,658	76,2212	65,658	73,2986	65,658	67,5988	65,658	77,1343	65,658	73,1384	65,658	67,4548	
65,8214	76,2184	65,8214	73,299	65,8214	67,5993	65,8214	78,7958	65,8214	73,1365	65,8214	67,4547	
65,9852	76,2229	65,9852	73,2986	65,9852	67,599	65,9852	78,1428	65,9852	73,1382	65,9852	67,4547	
66,1491	76,2212	66,1491	73,2985	66,1491	67,599	66,1491	78,311	66,1491	73,1333	66,1491	67,455	
66,3131	76,1771	66,3131	73,2989	66,3131	67,599	66,3131	71,5329	66,3131	73,137	66,3131	67,4547	
66,4774	76,2218	66,4774	73,2983	66,4774	67,5987	66,4774	78,063	66,4774	73,138	66,4774	67,4553	
66,6411	76,2242	66,6411	73,2984	66,6411	67,5984	66,6411	77,3049	66,6411	73,1371	66,6411	67,4546	
66,8051	76,2182	66,8051	73,2984	66,8051	67,599	66,8051	77,6103	66,8051	73,1382	66,8051	67,4549	
66,9691	76,2261	66,9691	73,2987	66,9691	67,5993	66,9691	77,6218	66,9691	73,1372	66,9691	67,4555	
67,1331	76,2189	67,1331	73,2989	67,1331	67,5989	67,1331	77,487	67,1331	73,1334	67,1331	67,4546	
67,2968	76,1907	67,2968	73,3004	67,2968	67,5993	67,2968	73,2071	67,2968	73,1364	67,2968	67,4549	
67,4605	76,2113	67,4605	73,3343	67,4605	67,6159	67,4605	78,1947	67,4605	73,1372	67,4605	67,4546	
67,6242	76,2155	67,6242	73,3593	67,6242	67,636	67,6242	78,111	67,6242	73,1378	67,6242	67,4547	
67,7879	76,2136	67,7879	73,3573	67,7879	67,6378	67,7879	78,6969	67,7879	73,1383	67,7879	67,4548	
67,9521	76,212	67,9521	73,3591	67,9521	67,641	67,9521	93,6987	67,9521	73,1392	67,9521	67,4543	
68,1161	76,2139	68,1161	73,3635	68,1161	67,6431	68,1161	78,0359	68,1161	73,138	68,1161	67,4549	
68,2801	76,2138	68,2801	73,3654	68,2801	67,6455	68,2801	78,083	68,2801	73,1386	68,2801	67,4541	
68,4438	76,2102	68,4438	73,3666	68,4438	67,6469	68,4438	77,223	68,4438	73,1389	68,4438	67,4544	
68,6073	76,2133	68,6073	73,367	68,6073	67,6478	68,6073	78,4462	68,6073	73,1379	68,6073	67,4549	
68,771	76,211	68,771	73,3661	68,771	67,6485	68,771	78,6934	68,771	73,1399	68,771	67,4551	
68,935	76,2149	68,935	73,3682	68,935	67,6486	68,935	78,1713	68,935	73,1393	68,935	67,455	
69,0987	76,2095	69,0987	73,368	69,0987	67,6491	69,0987	78,6087	69,0987	73,1383	69,0987	67,4553	
69,2627	76,2131	69,2627	73,3677	69,2627	67,6485	69,2627	78,0872	69,2627	73,1391	69,2627	67,4547	
69,4267	76,2107	69,4267	73,3676	69,4267	67,6483	69,4267	78,0865	69,4267	73,1404	69,4267	67,4546	
69,5912	76,2133	69,5912	73,3669	69,5912	67,6487	69,5912	78,2175	69,5912	73,1396	69,5912	67,4546	
69,755	76,2114	69,755	73,3671	69,755	67,6485	69,755	79,4119	69,755	73,141	69,755	67,4544	
69,9189	76,2145	69,9189	73,3665	69,9189	67,6479	69,9189	78,4669	69,9189	73,1407	69,9189	67,4544	
70,0832	76,2127	70,0832	73,3667	70,0832	67,6483	70,0832	78,1338	70,0832	73,1394	70,0832	67,4551	
70,2471	76,215	70,2471	73,3658	70,2471	67,6477	70,2471	78,09	70,2471	73,1416	70,2471	67,4552	
70,4106	76,1661	70,4106	73,3672	70,4106	67,6484	70,4106	76,0956	70,4106	73,1427	70,4106	67,4557	
70,5743	76,2112	70,5743	73,3666	70,5743	67,6479	70,5743	77,3813	70,5743	73,1393	70,5743	67,4549	
70,7381	76,2157	70,7381	73,3646	70,7381	67,6486	70,7381	78,0904	70,7381	73,1401	70,7381	67,4552	
70,902	76,2132	70,902	73,368	70,902	67,6477	70,902	78,7044	70,902	73,1421	70,902	67,4551	
71,066	76,212	71,066	73,3657	71,066	67,6482	71,066	77,6336	71,066	73,1386	71,066	67,4551	
71,23	76,2109	71,23	73,3658	71,23	67,6474	71,23	78,1068	71,23	73,1419	71,23	67,4549	
71,3937	76,2105	71,3937	73,3663	71,3937	67,6476	71,3937	77,5601	71,3937	73,1429	71,3937	67,4554	
71,5572	76,2125	71,5572	73,3654	71,5572	67,6478	71,5572	79,1638	71,5572	73,1426	71,5572	67,4554	
71,7209	76,2112	71,7209	73,363	71,7209	67,6475	71,7209	78,0722	71,7209	73,1396	71,7209	67,4553	
71,8849	76,2132	71,8849	73,3668	71,8849	67,6475	71,8849	78,0706	71,8849	73,1416	71,8849	67,4549	
72,0486	76,2089	72,0486	73,3671	72,0486	67,6479	72,0486	78,0612	72,0486	73,1391	72,0486	67,4554	
72,2121	75,7052	72,2121	73,3665	72,2121	67,6476	72,2121	77,5724	72,2121	73,1382	72,2121	67,455	
72,3757	76,2112	72,3757	73,3653	72,3757	67,6474	72,3757	78,0905	72,3757	73,1418	72,3757	67,4553	
72,54	76,2136	72,54	73,3645	72,54	67,6475	72,54	78,0678	72,54	73,1424	72,54	67,4553	
72,704	76,178	72,704	73,3652	72,704	67,6474	72,704	78,5599	72,704	73,1429	72,704	67,4555	
72,868	76,2083	72,868	73,365	72,868	67,6471	72,868	77,645	72,868	73,1428	72,868	67,4554	
73,0323	76,2178	73,0323	73,3629	73,0323	67,6471	73,0323	76,5962	73,0323	73,1422	73,0323	67,4557	
73,196	76,2142	73,196	73,365	73,196	67,6472	73,196	78,1209	73,196	73,1407	73,196	67,4555	
73,3595	76,2127	73,3595	73,3648	73,3595	67,6467	73,3595	77,5892	73,3595	73,1385	73,3595	67,455	
73,5232	76,2174	73,5232	73,3643	73,5232	67,6464	73,5232	78,1711	73,5232	73,1419	73,5232	67,4553	
73,6872	76,2137	73,6872	73,3656	73,6872	67,6461	73,6872	78,0791	73,6872	73,1413	73,6872	67,455	
73,8506	76,2114	73,8506	73,3649	73,8506	67,6463	73,8506	78,2289	73,8506	73,1397	73,8506	67,4554	
74,0141	76,2137	74,0141	73,3643	74,0141	67,6456	74,0141	78,1047	74,0141	73,1408	74,0141	67,4551	
74,1778	76,2121	74,1778	73,3635	74,1778	67,6455	74,1778	77,5083	74,1778	73,1425	74,1778	67,4551	
74,3418	76,2127	74,3418	73,3623	74,3418	67,6449	74,3418	78,1358	74,3418	73,1393	74,3418	67,4553	
74,5063	76,2073	74,5063	73,3618	74,5063	67,6442	74,5063	76,8857	74,5063	73,1389	74,5063	67,4549	
74,67	76,2109	74,67	73,3614	74,67	67,6445	74,67	77,485	74,67	73,1399	74,67	67,4558	
74,8342	76,2155	74,8342	73,3614	74,8342	67,6437	74,8342	78,0662	74,8342	73,1398	74,8342	67,4552	
74,9977	76,209	74,9977	73,3622	74,9977	67,6437	74,9977	77,5853	74,9977	73,1424	74,9977	67,4554	
75,1614	76,2094	75,1614	73,3607	75,1614	67,6438	75,1614	78,5902	75,1614	73,1408	75,1614	67,4557	
75,3251	76,2148	75,3251	73,361	75,3251	67,6422	75,3251	75,2572	75,3251	73,1427	75,3251	67,4558	
75,4888	76,2155	75,4888	73,3561	75,4888	67,6395	75,4888	78,1678	75,4888	73,1412	75,4888	67,4557	
75,6525	76,2133	75,6525	73,3505	75,6525	67,6348	75,6525	77,2	75,6525	73,1399	75,6525	67,4556	
75,8167	76,2109	75,8167	73,3467	75,8167	67,6318	75,8167	77,4177	75,8167	73,1415	75,8167	67,4552	
75,9808	76,2134	75,9808	73,3456	75,9808	67,6294	75,9808	78,0921	75,9808	73,1404	75,9808	67,4553	
76,145	76,2183	76,145	73,3431	76,145	67,6278	76,145	78,2055	76,145	73,1426	76,145	67,4555	
76,3087	76,2217	76,3087	73,3421	76,3087	67,6262	76,3087	76,9725	76,3087	73,1396	76,3087	67,455	
76,4727	76,2222	76,4727	73,3233	76,4727	67,616	76,4727	76,841	76,4727	73,1421	76,4727	67,4551	
76,637	76,2175	76,637	73,2959	76,637	67,598	76,637	78,1055	76,637	73,1392	76,637	67,4548	
76,8012	76,2271	76,8012	73,2808	76,8012	67,5896	76,8012	78,0678	76,8012	73,1418	76,8012	67,455	
76,9647	76,225	76,9647	73,2741	76,9647	67,586	76,9647	78,2727	76,9647	73,1408	76,9647	67,4547	
77,1284	76,2281	77,1284	73,2734	77,1284	67,5849	77,1284	78,2957	77,1284	73,1418	77,1284	67,455	
77,2924	76,226	77,2924	73,2732	77,2924	67,5845	77,2924	78,2646	77,2924	73,1407	77,2924	67,4551	
77,4567	76,2264	77,4567	73,2725	77,4567	67,584	77,4567	76,5064	77,4567	73,1396	77,4567	67,4553	
77,621	76,2243	77,621	73,2706	77,621	67,584	77,621	78,1356	77,621	73,1412	77,621	67,4547	
77,7854	76,221	77,7854	73,2717	77,7854	67,5836	77,7854	78,2087	77,7854	73,1403	77,7854	67,4546	
77,9494	76,2111	77,9494	73,2711	77,9494	67,5835	77,9494	78,0851	77,9494	73,1414	77,9494	67,455	
78,1128	76,2235	78,1128	73,2719	78,1128	67,5837	78,1128	77,3787	78,1128	73,1401	78,1128	67,4544	
78,2768	76,2221	78,2768	73,2704	78,2768	67,5828	78,2768	78,2864	78,2768	73,139	78,2768	67,4552	
78,4408	76,2302	78,4408	73,2696	78,4408	67,5827	78,4408	78,1023	78,4408	73,1402	78,4408	67,4547	
78,6045	76,2271	78,6045	73,2686	78,6045	67,583	78,6045	77,5724	78,6045	73,1413	78,6045	67,4547	
78,7684	76,1959	78,7684	73,2716	78,7684	67,5837	78,7684	78,1432	78,7684	73,1392	78,7684	67,4549	
78,9324	76,2254	78,9324	73,27	78,9324	67,5835	78,9324	78,0514	78,9324	73,1411	78,9324	67,4552	
79,0967	76,2212	79,0967	73,2712	79,0967	67,5831	79,0967	78,255	79,0967	73,1402	79,0967	67,4551	
79,2609	76,2241	79,2609	73,2688	79,2609	67,5831	79,2609	78,1899	79,2609	73,1395	79,2609	67,4548	
79,4249	76,2273	79,4249	73,2711	79,4249	67,5828	79,4249	93,1824	79,4249	73,1409	79,4249	67,4547	
79,5892	76,2228	79,5892	73,2711	79,5892	67,5829	79,5892	78,0417	79,5892	73,1383	79,5892	67,4542	
79,7532	76,2226	79,7532	73,2682	79,7532	67,5829	79,7532	77,2336	79,7532	73,1406	79,7532	67,4551	
79,9182	76,225	79,9182	73,2708	79,9182	67,5834	79,9182	78,0814	79,9182	73,1398	79,9182	67,4549	
80,0819	76,2204	80,0819	73,2678	80,0819	67,5827	80,0819	78,4158	80,0819	73,1401	80,0819	67,455	
80,2461	76,2235	80,2461	73,2676	80,2461	67,5831	80,2461	77,4192	80,2461	73,1403	80,2461	67,4551	
80,4105	76,1937	80,4105	73,268	80,4105	67,5823	80,4105	77,4953	80,4105	73,1433	80,4105	67,4548	
80,5744	76,2246	80,5744	73,271	80,5744	67,5834	80,5744	78,7366	80,5744	73,1404	80,5744	67,455	
80,7381	76,2235	80,7381	73,2687	80,7381	67,5826	80,7381	82,7445	80,7381	73,1386	80,7381	67,4551	
80,9016	76,2262	80,9016	73,2703	80,9016	67,5824	80,9016	77,356	80,9016	73,1391	80,9016	67,4542	
