Time (s)	Exp_data	Gamma_E	Gamma_I	Gamma_T
147.396000	0.000000	0.000000	0.000000
157.248000	0.309224	0.000000	0.309224
167.070000	0.516003	0.000000	0.516003
176.910000	0.654996	0.000000	0.654996
186.750000	0.748218	0.000000	0.748218
196.590000	0.810742	0.000000	0.810742
206.448000	0.852738	0.000000	0.852738
216.288000	0.880842	0.000000	0.880842
226.128000	0.899691	0.000000	0.899691
235.968000	0.912333	0.000000	0.912333
245.802000	0.920808	0.000000	0.920808
255.630000	0.926490	0.000000	0.926490
265.452000	0.930302	0.000000	0.930302
275.310000	0.932867	0.000000	0.932867
285.150000	0.934584	0.000000	0.934584
294.972000	0.935734	0.000000	0.935734
304.794000	0.936506	0.000000	0.936506
314.616000	0.937024	0.000000	0.937024
324.456000	0.937372	0.000000	0.937372
334.278000	0.937605	0.000000	0.937605
344.148000	0.937762	0.000000	0.937762
353.952000	0.937867	0.000000	0.937867
363.774000	0.937937	0.000000	0.937937
373.620000	0.937985	0.000000	0.937985
383.490000	0.938016	0.000000	0.938016
393.324000	0.938038	0.000000	0.938038
403.182000	0.938052	0.000000	0.938052
412.986000	0.938061	0.000000	0.938061
422.796000	0.938068	0.000000	0.938068
432.672000	0.938072	0.000000	0.938072
442.494000	0.938075	0.000000	0.938075
452.334000	0.938077	0.000000	0.938077
462.174000	0.938078	0.000000	0.938078
471.996000	0.938079	0.000000	0.938079
481.806000	0.938080	0.000000	0.938080
491.646000	0.938080	0.000000	0.938080
501.480000	0.938080	0.000000	0.938080
511.308000	0.938081	0.000000	0.938081
521.112000	0.937911	0.000000	0.937911
530.922000	0.936075	0.000000	0.936075
540.726000	0.934245	0.000000	0.934245
550.578000	0.932408	0.000000	0.932408
560.400000	0.930581	0.000000	0.930581
570.228000	0.928757	0.000000	0.928757
580.086000	0.926930	0.000000	0.926930
589.926000	0.925110	0.000000	0.925110
599.760000	0.923295	0.000000	0.923295
609.570000	0.921488	0.000000	0.921488
619.440000	0.919674	0.000000	0.919674
629.310000	0.917863	0.000000	0.917863
639.150000	0.916061	0.000000	0.916061
649.008000	0.914259	0.000000	0.914259
658.848000	0.912465	0.000000	0.912465
668.730000	0.910666	0.000000	0.910666
678.624000	0.908868	0.000000	0.908868
688.482000	0.907081	0.000000	0.907081
698.352000	0.905294	0.000000	0.905294
708.210000	0.903514	0.000000	0.903514
718.068000	0.901737	0.000000	0.901737
727.938000	0.899961	0.000000	0.899961
737.808000	0.898189	0.000000	0.898189
747.642000	0.896427	0.000000	0.896427
757.494000	0.894665	0.000000	0.894665
767.316000	0.892912	0.000000	0.892912
777.126000	0.891164	0.000000	0.891164
786.960000	0.889416	0.000000	0.889416
796.842000	0.887663	0.000000	0.887663
806.718000	0.885914	0.000000	0.885914
816.540000	0.884178	0.000000	0.884178
826.410000	0.882437	0.000000	0.882437
836.280000	0.880699	0.000000	0.880699
846.102000	0.878973	0.000000	0.878973
856.002000	0.877237	0.000000	0.877237
865.908000	0.875504	0.000000	0.875504
875.730000	0.873788	0.000000	0.873788
885.570000	0.872073	0.000000	0.872073
895.428000	0.870357	0.000000	0.870357
905.286000	0.868646	0.000000	0.868646
915.138000	0.866938	0.000000	0.866938
924.960000	0.865240	0.000000	0.865240
934.812000	0.863539	0.000000	0.863539
944.718000	0.861832	0.000000	0.861832
954.612000	0.860131	0.000000	0.860131
964.434000	0.858446	0.000000	0.858446
974.274000	0.856760	0.000000	0.856760
984.132000	0.855075	0.000000	0.855075
993.984000	0.853395	0.000000	0.853395
1003.824000	0.851719	0.000000	0.851719
1013.682000	0.850044	0.000000	0.850044
1023.552000	0.848371	0.000000	0.848371
1033.392000	0.846705	0.000000	0.846705
1043.214000	0.845046	0.000000	0.845046
1053.120000	0.843376	0.000000	0.843376
1062.960000	0.841720	0.000000	0.841720
1072.794000	0.840069	0.000000	0.840069
1082.652000	0.838417	0.000000	0.838417
1092.510000	0.836768	0.000000	0.836768
1102.368000	0.835122	0.000000	0.835122
1112.202000	0.833484	0.000000	0.833484
1122.030000	0.831849	0.000000	0.831849
1131.888000	0.830213	0.000000	0.830213
1141.710000	0.828587	0.000000	0.828587
1151.580000	0.826955	0.000000	0.826955
1161.438000	0.825329	0.000000	0.825329
1171.290000	0.823706	0.000000	0.823706
1181.142000	0.822087	0.000000	0.822087
1191.012000	0.820469	0.000000	0.820469
1200.852000	0.818858	0.000000	0.818858
1210.692000	0.817250	0.000000	0.817250
1220.514000	0.815649	0.000000	0.815649
1230.408000	0.814039	0.000000	0.814039
1240.224000	0.812445	0.000000	0.812445
1250.100000	0.810844	0.000000	0.810844
1259.958000	0.809249	0.000000	0.809249
1269.780000	0.807664	0.000000	0.807664
1279.632000	0.806076	0.000000	0.806076
1289.460000	0.804496	0.000000	0.804496
1299.300000	0.802916	0.000000	0.802916
1309.152000	0.801338	0.000000	0.801338
1318.992000	0.799765	0.000000	0.799765
1328.868000	0.798189	0.000000	0.798189
1338.690000	0.796625	0.000000	0.796625
1348.542000	0.795059	0.000000	0.795059
1358.406000	0.793495	0.000000	0.793495
1368.246000	0.791937	0.000000	0.791937
1378.116000	0.790378	0.000000	0.790378
1387.950000	0.788827	0.000000	0.788827
1397.790000	0.787278	0.000000	0.787278
1407.660000	0.785728	0.000000	0.785728
1417.482000	0.784189	0.000000	0.784189
1427.334000	0.782647	0.000000	0.782647
1437.192000	0.781108	0.000000	0.781108
1447.032000	0.779575	0.000000	0.779575
1456.914000	0.778038	0.000000	0.778038
1466.754000	0.776510	0.000000	0.776510
1476.606000	0.774984	0.000000	0.774984
1486.464000	0.773460	0.000000	0.773460
1496.298000	0.771942	0.000000	0.771942
1506.156000	0.770424	0.000000	0.770424
1516.026000	0.768907	0.000000	0.768907
1525.884000	0.767395	0.000000	0.767395
1535.724000	0.765888	0.000000	0.765888
1545.576000	0.764383	0.000000	0.764383
1555.416000	0.762882	0.000000	0.762882
1565.274000	0.761382	0.000000	0.761382
1575.144000	0.759883	0.000000	0.759883
1584.966000	0.758394	0.000000	0.758394
1594.824000	0.756902	0.000000	0.756902
1604.676000	0.755415	0.000000	0.755415
1614.516000	0.753932	0.000000	0.753932
1624.326000	0.752456	0.000000	0.752456
1634.148000	0.750982	0.000000	0.750982
1644.018000	0.749503	0.000000	0.749503
1653.870000	0.748030	0.000000	0.748030
1663.710000	0.746561	0.000000	0.746561
1673.568000	0.745093	0.000000	0.745093
1683.402000	0.743631	0.000000	0.743631
1693.272000	0.742167	0.000000	0.742167
1703.112000	0.740710	0.000000	0.740710
1713.018000	0.739246	0.000000	0.739246
1722.858000	0.737795	0.000000	0.737795
1732.698000	0.736346	0.000000	0.736346
1742.550000	0.734899	0.000000	0.734899
1752.444000	0.733448	0.000000	0.733448
1762.284000	0.732009	0.000000	0.732009
1772.118000	0.730572	0.000000	0.730572
1781.976000	0.729136	0.000000	0.729136
1791.834000	0.727702	0.000000	0.727702
1801.656000	0.726276	0.000000	0.726276
1811.544000	0.724843	0.000000	0.724843
1821.402000	0.723417	0.000000	0.723417
1831.206000	0.722002	0.000000	0.722002
1841.094000	0.720578	0.000000	0.720578
1850.946000	0.719162	0.000000	0.719162
1860.786000	0.717750	0.000000	0.717750
1870.674000	0.716334	0.000000	0.716334
1880.526000	0.714926	0.000000	0.714926
1890.348000	0.713525	0.000000	0.713525
1900.188000	0.712124	0.000000	0.712124
1910.106000	0.710715	0.000000	0.710715
1919.928000	0.709323	0.000000	0.709323
1929.798000	0.707926	0.000000	0.707926
1939.668000	0.706532	0.000000	0.706532
1949.526000	0.705142	0.000000	0.705142
1959.402000	0.703753	0.000000	0.703753
1969.236000	0.702372	0.000000	0.702372
1979.088000	0.700992	0.000000	0.700992
1988.928000	0.699616	0.000000	0.699616
1998.780000	0.698241	0.000000	0.698241
2008.656000	0.696865	0.000000	0.696865
2018.490000	0.695498	0.000000	0.695498
2028.360000	0.694128	0.000000	0.694128
2038.200000	0.692766	0.000000	0.692766
2048.022000	0.691408	0.000000	0.691408
2057.880000	0.690048	0.000000	0.690048
2067.768000	0.688687	0.000000	0.688687
2077.638000	0.687331	0.000000	0.687331
2087.502000	0.685978	0.000000	0.685978
2097.360000	0.684629	0.000000	0.684629
2107.200000	0.683285	0.000000	0.683285
2117.040000	0.681944	0.000000	0.681944
2126.910000	0.680601	0.000000	0.680601
2136.774000	0.679262	0.000000	0.679262
2146.578000	0.677933	0.000000	0.677933
2156.400000	0.676605	0.000000	0.676605
2166.240000	0.675276	0.000000	0.675276
2176.062000	0.673953	0.000000	0.673953
2185.866000	0.672635	0.000000	0.672635
2195.706000	0.671314	0.000000	0.671314
2205.546000	0.669996	0.000000	0.669996
2215.368000	0.668684	0.000000	0.668684
2225.238000	0.667367	0.000000	0.667367
2235.078000	0.666057	0.000000	0.666057
2244.900000	0.664752	0.000000	0.664752
2254.740000	0.663447	0.000000	0.663447
2264.574000	0.662145	0.000000	0.662145
2274.426000	0.660844	0.000000	0.660844
2284.254000	0.659548	0.000000	0.659548
2294.142000	0.658247	0.000000	0.658247
2304.012000	0.656951	0.000000	0.656951
2313.852000	0.655661	0.000000	0.655661
2323.692000	0.654374	0.000000	0.654374
2333.514000	0.653091	0.000000	0.653091
2343.402000	0.651803	0.000000	0.651803
2353.260000	0.650521	0.000000	0.650521
2363.130000	0.649240	0.000000	0.649240
2373.006000	0.647961	0.000000	0.647961
2382.846000	0.646689	0.000000	0.646689
2392.716000	0.645416	0.000000	0.645416
2402.556000	0.644149	0.000000	0.644149
2412.378000	0.642886	0.000000	0.642886
2422.218000	0.641624	0.000000	0.641624
2432.040000	0.640367	0.000000	0.640367
2441.844000	0.639114	0.000000	0.639114
2451.684000	0.637860	0.000000	0.637860
2461.536000	0.636606	0.000000	0.636606
2471.424000	0.635350	0.000000	0.635350
2481.270000	0.634102	0.000000	0.634102
2491.122000	0.632856	0.000000	0.632856
2500.962000	0.631614	0.000000	0.631614
2510.802000	0.630374	0.000000	0.630374
2520.672000	0.629132	0.000000	0.629132
2530.512000	0.627897	0.000000	0.627897
2540.334000	0.626667	0.000000	0.626667
2550.174000	0.625437	0.000000	0.625437
2559.978000	0.624213	0.000000	0.624213
2569.854000	0.622983	0.000000	0.622983
2579.694000	0.621760	0.000000	0.621760
2589.516000	0.620542	0.000000	0.620542
2599.350000	0.619325	0.000000	0.619325
2609.160000	0.618112	0.000000	0.618112
2618.982000	0.616901	0.000000	0.616901
2628.822000	0.615690	0.000000	0.615690
2638.662000	0.614482	0.000000	0.614482
2648.466000	0.613280	0.000000	0.613280
2658.288000	0.612078	0.000000	0.612078
2668.176000	0.610870	0.000000	0.610870
2678.004000	0.609673	0.000000	0.609673
2687.874000	0.608472	0.000000	0.608472
2697.744000	0.607274	0.000000	0.607274
2707.590000	0.606081	0.000000	0.606081
2717.412000	0.604894	0.000000	0.604894
