# label exp_avg exp_sigma calc_avg calc_avg_rew
0.008210	4.171e-03	4.568e-04	5.071e-03	4.727e-03
0.008666	4.510e-03	3.958e-04	5.061e-03	4.717e-03
0.009122	4.357e-03	3.447e-04	5.050e-03	4.707e-03
0.009578	4.193e-03	3.093e-04	5.040e-03	4.698e-03
0.010034	3.831e-03	2.778e-04	5.029e-03	4.688e-03
0.010490	3.989e-03	2.674e-04	5.018e-03	4.678e-03
0.010946	4.555e-03	2.464e-04	5.008e-03	4.668e-03
0.011402	4.405e-03	2.264e-04	4.997e-03	4.658e-03
0.011859	4.179e-03	2.184e-04	4.986e-03	4.648e-03
0.012315	4.128e-03	2.038e-04	4.976e-03	4.638e-03
0.012771	4.581e-03	2.022e-04	4.965e-03	4.628e-03
0.013227	4.270e-03	1.898e-04	4.954e-03	4.618e-03
0.013683	4.552e-03	1.807e-04	4.943e-03	4.608e-03
0.014139	4.212e-03	1.755e-04	4.932e-03	4.598e-03
0.014595	4.348e-03	1.717e-04	4.921e-03	4.587e-03
0.015051	4.540e-03	1.658e-04	4.910e-03	4.577e-03
0.015507	4.638e-03	1.600e-04	4.898e-03	4.566e-03
0.015963	4.652e-03	1.577e-04	4.887e-03	4.556e-03
0.016420	4.382e-03	1.527e-04	4.875e-03	4.545e-03
0.016876	4.649e-03	1.495e-04	4.863e-03	4.534e-03
0.017332	4.435e-03	1.445e-04	4.851e-03	4.523e-03
0.017788	4.322e-03	1.415e-04	4.839e-03	4.512e-03
0.018244	4.449e-03	1.417e-04	4.827e-03	4.501e-03
0.018700	4.561e-03	1.383e-04	4.815e-03	4.489e-03
0.019156	4.271e-03	1.330e-04	4.802e-03	4.478e-03
0.019612	4.613e-03	1.319e-04	4.790e-03	4.466e-03
0.020068	4.623e-03	1.299e-04	4.777e-03	4.454e-03
0.020524	4.529e-03	1.293e-04	4.764e-03	4.442e-03
0.020980	4.431e-03	1.262e-04	4.751e-03	4.430e-03
0.021437	4.467e-03	1.246e-04	4.737e-03	4.417e-03
0.021893	4.333e-03	1.213e-04	4.723e-03	4.404e-03
0.022349	4.499e-03	1.210e-04	4.710e-03	4.391e-03
0.022805	4.278e-03	1.201e-04	4.695e-03	4.378e-03
0.023261	4.280e-03	1.162e-04	4.681e-03	4.365e-03
0.023717	4.479e-03	1.163e-04	4.667e-03	4.352e-03
0.024401	4.457e-03	8.050e-05	4.644e-03	4.331e-03
0.025313	4.414e-03	7.828e-05	4.613e-03	4.302e-03
0.026225	4.206e-03	7.781e-05	4.582e-03	4.273e-03
0.027138	4.184e-03	7.535e-05	4.549e-03	4.242e-03
0.028050	4.328e-03	7.385e-05	4.515e-03	4.211e-03
0.028962	4.085e-03	7.214e-05	4.480e-03	4.178e-03
0.029874	4.126e-03	7.114e-05	4.444e-03	4.145e-03
0.030786	4.139e-03	6.972e-05	4.407e-03	4.111e-03
0.031699	4.170e-03	6.867e-05	4.369e-03	4.075e-03
0.032611	4.113e-03	6.709e-05	4.330e-03	4.039e-03
0.033523	4.049e-03	6.606e-05	4.290e-03	4.002e-03
0.034435	4.148e-03	6.549e-05	4.249e-03	3.965e-03
0.035347	4.007e-03	6.398e-05	4.208e-03	3.926e-03
0.036259	4.043e-03	6.347e-05	4.166e-03	3.888e-03
0.037172	3.906e-03	6.261e-05	4.124e-03	3.848e-03
0.038084	3.940e-03	6.171e-05	4.081e-03	3.808e-03
0.038996	3.935e-03	6.067e-05	4.037e-03	3.768e-03
0.039908	3.953e-03	6.043e-05	3.993e-03	3.727e-03
0.040820	3.799e-03	5.892e-05	3.949e-03	3.686e-03
0.041732	3.735e-03	5.842e-05	3.905e-03	3.645e-03
0.042872	3.764e-03	4.709e-05	3.849e-03	3.593e-03
0.044241	3.711e-03	4.629e-05	3.781e-03	3.531e-03
0.045609	3.606e-03	4.549e-05	3.714e-03	3.468e-03
0.046977	3.584e-03	4.460e-05	3.646e-03	3.405e-03
0.048345	3.482e-03	4.381e-05	3.579e-03	3.343e-03
0.049713	3.454e-03	4.335e-05	3.511e-03	3.280e-03
0.051082	3.442e-03	4.254e-05	3.444e-03	3.218e-03
0.052450	3.375e-03	4.191e-05	3.377e-03	3.156e-03
0.053818	3.319e-03	4.149e-05	3.311e-03	3.095e-03
0.055186	3.336e-03	4.107e-05	3.245e-03	3.034e-03
0.056554	3.238e-03	4.074e-05	3.180e-03	2.973e-03
0.057923	3.160e-03	4.129e-05	3.116e-03	2.913e-03
0.059291	3.064e-03	4.184e-05	3.052e-03	2.854e-03
0.060659	3.078e-03	4.348e-05	2.989e-03	2.796e-03
0.062027	2.991e-03	4.375e-05	2.927e-03	2.738e-03
0.063623	2.916e-03	3.853e-05	2.856e-03	2.672e-03
0.065447	2.792e-03	3.900e-05	2.776e-03	2.599e-03
0.067271	2.725e-03	3.934e-05	2.699e-03	2.527e-03
0.069096	2.720e-03	4.084e-05	2.623e-03	2.456e-03
0.070920	2.652e-03	3.851e-05	2.549e-03	2.388e-03
0.072744	2.570e-03	3.757e-05	2.478e-03	2.322e-03
0.074568	2.516e-03	3.685e-05	2.408e-03	2.258e-03
0.076392	2.463e-03	3.649e-05	2.341e-03	2.195e-03
0.078216	2.358e-03	3.581e-05	2.277e-03	2.135e-03
0.080040	2.352e-03	3.561e-05	2.214e-03	2.077e-03
0.081864	2.382e-03	3.524e-05	2.154e-03	2.022e-03
0.083916	2.223e-03	3.109e-05	2.090e-03	1.962e-03
0.086196	2.206e-03	3.081e-05	2.021e-03	1.898e-03
0.088476	2.128e-03	3.032e-05	1.956e-03	1.838e-03
0.090756	2.051e-03	3.010e-05	1.895e-03	1.781e-03
0.093036	1.988e-03	2.978e-05	1.837e-03	1.728e-03
0.095316	1.949e-03	2.954e-05	1.782e-03	1.677e-03
0.097596	1.874e-03	2.903e-05	1.731e-03	1.629e-03
0.099875	1.847e-03	2.884e-05	1.682e-03	1.584e-03
0.102155	1.833e-03	2.856e-05	1.636e-03	1.542e-03
0.104663	1.716e-03	2.583e-05	1.589e-03	1.498e-03
0.107399	1.677e-03	2.820e-05	1.541e-03	1.453e-03
0.110134	1.661e-03	2.858e-05	1.496e-03	1.411e-03
0.112870	1.597e-03	2.675e-05	1.453e-03	1.372e-03
0.115605	1.569e-03	2.617e-05	1.414e-03	1.335e-03
0.118341	1.525e-03	2.576e-05	1.377e-03	1.301e-03
0.121076	1.466e-03	2.512e-05	1.341e-03	1.268e-03
0.123811	1.424e-03	2.426e-05	1.308e-03	1.237e-03
0.126775	1.356e-03	2.249e-05	1.274e-03	1.205e-03
0.129966	1.309e-03	2.405e-05	1.239e-03	1.173e-03
0.133157	1.255e-03	2.375e-05	1.206e-03	1.142e-03
0.136348	1.276e-03	2.421e-05	1.174e-03	1.112e-03
0.139539	1.193e-03	2.427e-05	1.143e-03	1.084e-03
0.142729	1.122e-03	2.376e-05	1.113e-03	1.056e-03
0.145920	1.089e-03	2.351e-05	1.084e-03	1.029e-03
0.149338	1.098e-03	2.186e-05	1.054e-03	1.001e-03
0.152985	1.014e-03	2.177e-05	1.023e-03	9.726e-04
0.156631	9.827e-04	2.161e-05	9.926e-04	9.445e-04
0.160277	9.549e-04	2.148e-05	9.632e-04	9.173e-04
0.163923	9.360e-04	2.143e-05	9.346e-04	8.908e-04
0.167796	9.309e-04	1.997e-05	9.053e-04	8.636e-04
0.171898	8.768e-04	1.989e-05	8.753e-04	8.358e-04
0.175999	8.378e-04	1.979e-05	8.466e-04	8.092e-04
0.180100	8.388e-04	1.968e-05	8.191e-04	7.836e-04
0.184200	7.901e-04	2.011e-05	7.928e-04	7.593e-04
0.188301	7.880e-04	2.153e-05	7.678e-04	7.361e-04
0.192629	7.388e-04	2.111e-05	7.429e-04	7.130e-04
0.197185	7.112e-04	2.013e-05	7.181e-04	6.900e-04
0.201740	6.833e-04	1.938e-05	6.948e-04	6.684e-04
0.206295	6.691e-04	1.905e-05	6.730e-04	6.482e-04
0.210850	6.610e-04	1.875e-05	6.526e-04	6.293e-04
0.215633	6.103e-04	1.753e-05	6.325e-04	6.106e-04
0.220643	5.910e-04	1.732e-05	6.127e-04	5.923e-04
0.225652	5.878e-04	1.713e-05	5.942e-04	5.751e-04
0.230661	5.598e-04	1.676e-05	5.768e-04	5.590e-04
0.235898	5.244e-04	1.589e-05	5.596e-04	5.430e-04
0.241361	5.084e-04	1.573e-05	5.425e-04	5.272e-04
0.246825	4.629e-04	1.559e-05	5.263e-04	5.122e-04
0.252287	5.024e-04	1.547e-05	5.108e-04	4.978e-04
0.257977	4.735e-04	1.473e-05	4.953e-04	4.834e-04
0.263894	4.607e-04	1.459e-05	4.799e-04	4.691e-04
0.269811	4.236e-04	1.448e-05	4.650e-04	4.553e-04
0.275727	4.274e-04	1.435e-05	4.507e-04	4.421e-04
0.281870	4.141e-04	1.369e-05	4.365e-04	4.288e-04
0.288239	3.826e-04	1.352e-05	4.223e-04	4.157e-04
0.294608	4.007e-04	1.347e-05	4.087e-04	4.031e-04
0.301204	3.632e-04	1.291e-05	3.953e-04	3.907e-04
0.308026	3.555e-04	1.286e-05	3.821e-04	3.784e-04
0.314847	3.484e-04	1.388e-05	3.695e-04	3.667e-04
0.321668	3.242e-04	1.459e-05	3.575e-04	3.556e-04
0.328714	3.099e-04	1.310e-05	3.458e-04	3.448e-04
0.335987	3.140e-04	1.265e-05	3.343e-04	3.341e-04
0.343259	2.941e-04	1.299e-05	3.233e-04	3.239e-04
0.350757	3.040e-04	1.306e-05	3.126e-04	3.140e-04
0.358482	2.822e-04	1.323e-05	3.020e-04	3.042e-04
0.366431	2.763e-04	1.301e-05	2.917e-04	2.946e-04
0.374607	2.535e-04	1.309e-05	2.816e-04	2.852e-04
0.382781	2.775e-04	1.316e-05	2.719e-04	2.762e-04
0.391180	2.604e-04	1.283e-05	2.625e-04	2.675e-04
0.399805	2.461e-04	1.285e-05	2.533e-04	2.590e-04
0.408428	2.299e-04	1.294e-05	2.446e-04	2.509e-04
0.417276	2.288e-04	1.268e-05	2.362e-04	2.431e-04
0.426348	2.191e-04	1.276e-05	2.281e-04	2.356e-04
0.435646	2.370e-04	1.373e-05	2.203e-04	2.284e-04
0.445167	2.148e-04	1.652e-05	2.129e-04	2.215e-04
0.454686	1.984e-04	1.853e-05	2.060e-04	2.152e-04
0.464430	1.984e-04	1.945e-05	1.994e-04	2.090e-04
0.474397	1.961e-04	2.038e-05	1.931e-04	2.031e-04
0.484587	1.986e-04	2.167e-05	1.870e-04	1.975e-04
0.495001	1.632e-04	2.400e-05	1.810e-04	1.919e-04
