#! FIELDS time d d1
 0.000000 0.787234 0.873800
 1.000000 0.751757 0.853503
 2.000000 0.573669 0.578150
 3.000000 0.491898 0.629350
 4.000000 0.465586 0.603302
 5.000000 0.506100 0.706792
 6.000000 0.540023 0.918593
 7.000000 0.747094 0.708432
 8.000000 0.543716 0.770188
 9.000000 0.594269 0.845591
 10.000000 0.476883 0.706253
 11.000000 0.559652 0.810366
 12.000000 0.544913 0.819234
 13.000000 0.525032 0.693410
 14.000000 0.516366 0.671037
 15.000000 0.430528 0.527192
 16.000000 0.501547 0.692373
 17.000000 0.605846 0.660109
 18.000000 0.508535 0.662476
 19.000000 0.512918 0.668528
 20.000000 0.513781 0.631958
 21.000000 0.502551 0.677205
 22.000000 0.581093 0.645639
 23.000000 0.651703 0.640969
 24.000000 0.469345 0.670963
 25.000000 0.692549 0.794640
 26.000000 0.684357 0.556620
 27.000000 0.638819 0.575579
 28.000000 0.572470 0.579380
 29.000000 0.587695 0.708436
 30.000000 0.613966 0.616845
 31.000000 0.487538 0.750426
 32.000000 0.488207 0.674724
 33.000000 0.493320 0.649317
 34.000000 0.546272 0.653062
 35.000000 0.587226 0.782526
 36.000000 0.480851 0.624662
 37.000000 0.597875 0.585230
 38.000000 0.706749 0.651989
 39.000000 0.486495 0.710703
 40.000000 0.537405 0.614330
 41.000000 0.502869 0.622982
 42.000000 0.530993 0.627332
 43.000000 0.575804 0.602058
 44.000000 0.713286 0.537879
 45.000000 0.533189 0.657933
 46.000000 0.548472 0.595208
 47.000000 0.480704 0.557675
 48.000000 0.516676 0.578845
 49.000000 0.439168 0.645006
 50.000000 0.504463 0.598325
 51.000000 0.443138 0.665938
 52.000000 0.669063 0.583730
 53.000000 0.413441 0.528104
 54.000000 0.563074 0.766067
 55.000000 0.751690 0.531840
 56.000000 0.695391 0.595158
 57.000000 0.429219 0.583363
 58.000000 0.532925 0.791678
 59.000000 0.510637 0.592044
 60.000000 0.597301 0.526310
 61.000000 0.669846 0.555009
 62.000000 0.566578 0.581051
 63.000000 0.543802 0.512970
 64.000000 0.428000 0.656982
 65.000000 0.556722 0.617927
 66.000000 0.628352 0.547749
 67.000000 0.681567 0.546094
 68.000000 0.669430 0.540698
 69.000000 0.713911 0.550901
 70.000000 0.647511 0.563342
 71.000000 0.560898 0.626305
 72.000000 0.548369 0.763876
 73.000000 0.538257 0.552987
 74.000000 0.473816 0.644090
 75.000000 0.668352 0.575608
 76.000000 0.636202 0.547311
 77.000000 0.511787 0.559998
 78.000000 0.687754 0.541913
 79.000000 0.532739 0.553323
 80.000000 0.710035 0.536974
 81.000000 0.661401 0.527539
 82.000000 0.520624 0.627895
 83.000000 0.482223 0.623545
 84.000000 0.491245 0.494228
 85.000000 0.441354 0.616913
 86.000000 0.520011 0.567375
 87.000000 0.446109 0.479456
 88.000000 0.411988 0.470971
 89.000000 0.459540 0.530349
 90.000000 0.537940 0.707727
 91.000000 0.638970 0.536472
 92.000000 0.395288 0.498796
 93.000000 0.699346 0.537087
 94.000000 0.727669 0.523627
 95.000000 0.702645 0.541386
 96.000000 0.486133 0.585118
 97.000000 0.476035 0.527445
 98.000000 0.594930 0.511285
 99.000000 0.654221 0.457001
 100.000000 0.608149 0.636205
 101.000000 0.550247 0.597470
 102.000000 0.491586 0.599995
 103.000000 0.477055 0.622377
 104.000000 0.473841 0.530773
 105.000000 0.549846 0.600170
 106.000000 0.492472 0.610674
 107.000000 0.469055 0.660286
 108.000000 0.515958 0.600081
 109.000000 0.619273 0.571452
 110.000000 0.947402 0.489965
 111.000000 1.242848 0.542943
 112.000000 0.534878 0.619146
 113.000000 0.484862 0.475380
 114.000000 0.521147 0.643013
 115.000000 0.504985 0.591089
 116.000000 0.490536 0.677146
 117.000000 0.453394 0.622349
 118.000000 0.580471 0.570370
 119.000000 0.753154 0.552857
 120.000000 0.757296 0.590726
 121.000000 0.795358 0.660377
 122.000000 0.693989 0.648038
 123.000000 0.495933 0.670807
 124.000000 0.592849 0.647897
 125.000000 0.682089 0.626596
 126.000000 0.460001 0.778256
 127.000000 0.571286 0.599435
 128.000000 0.587141 0.603094
 129.000000 0.496860 0.567121
 130.000000 0.497951 0.523001
 131.000000 0.452404 0.553347
 132.000000 0.399684 0.676131
 133.000000 0.559691 0.640015
 134.000000 0.568457 0.564589
 135.000000 0.380002 0.556885
 136.000000 0.494737 0.607399
 137.000000 0.461247 0.698978
 138.000000 0.462278 0.594055
 139.000000 0.453010 0.580321
 140.000000 0.532926 0.911769
 141.000000 0.497064 0.783848
 142.000000 0.467535 0.560643
 143.000000 0.518106 0.839536
 144.000000 0.522944 1.015302
 145.000000 0.453947 0.865403
 146.000000 0.472336 0.832678
 147.000000 0.474505 0.587410
 148.000000 0.500833 0.624411
 149.000000 0.524932 0.543483
 150.000000 0.522985 0.593914
 151.000000 0.468779 0.629633
 152.000000 0.880429 0.583489
 153.000000 0.731716 0.683455
 154.000000 0.585468 0.532021
 155.000000 0.495049 0.533413
 156.000000 0.683457 0.564897
 157.000000 0.494799 0.678046
 158.000000 0.697253 0.606399
 159.000000 0.459097 0.673909
 160.000000 0.445018 0.616596
 161.000000 0.561515 0.602692
 162.000000 0.559287 0.563329
 163.000000 0.432379 0.694830
 164.000000 0.624457 0.618817
 165.000000 0.709556 0.599281
 166.000000 0.595035 0.558638
 167.000000 0.698717 0.605021
 168.000000 0.688230 0.536759
 169.000000 0.649853 0.682177
 170.000000 0.575006 0.708832
 171.000000 0.689931 0.644951
 172.000000 0.599023 0.740182
 173.000000 0.685824 0.597673
 174.000000 0.597349 0.767730
 175.000000 0.404105 0.558109
 176.000000 0.517851 0.646191
 177.000000 0.463761 0.693182
 178.000000 0.783756 0.612162
 179.000000 0.468305 0.665983
 180.000000 0.958414 0.617470
 181.000000 0.463285 0.674357
 182.000000 0.556568 0.662605
 183.000000 0.541209 0.754431
 184.000000 0.438566 0.570449
 185.000000 0.550374 0.661104
 186.000000 0.545914 0.863242
 187.000000 0.544299 0.578872
 188.000000 2.244731 1.592943
 189.000000 0.628117 0.649397
 190.000000 2.064860 1.793570
 191.000000 0.530565 0.801860
 192.000000 0.505804 0.619963
 193.000000 0.675878 0.696419
 194.000000 0.648893 0.644588
 195.000000 0.677278 0.641357
 196.000000 0.671858 0.722588
 197.000000 0.551787 0.783034
 198.000000 1.679764 1.597089
 199.000000 1.994971 1.562944
 200.000000 0.601087 0.585799
 201.000000 0.505235 0.651778
 202.000000 0.470643 0.722244
 203.000000 0.672260 0.545488
 204.000000 0.635346 0.513937
 205.000000 0.680313 0.562982
 206.000000 0.585139 0.550634
 207.000000 0.699967 0.556529
 208.000000 0.547199 0.575702
 209.000000 0.674728 1.120353
 210.000000 0.549543 1.023370
 211.000000 0.471808 1.088710
 212.000000 0.686847 0.541738
 213.000000 0.716879 0.601360
 214.000000 0.481557 0.892939
 215.000000 0.413506 0.598720
 216.000000 0.508618 0.619940
 217.000000 0.531333 0.578496
 218.000000 0.533226 0.517845
 219.000000 1.025519 1.177113
 220.000000 0.723731 0.518982
 221.000000 0.485144 0.543743
 222.000000 1.044393 1.221403
 223.000000 0.637722 0.499510
 224.000000 0.506442 0.549054
 225.000000 0.532114 0.518904
 226.000000 0.679791 0.530079
 227.000000 0.650812 0.542515
 228.000000 0.841450 0.523100
 229.000000 0.738865 0.559259
 230.000000 0.558296 0.583394
 231.000000 0.974774 1.155272
 232.000000 0.652709 0.558620
 233.000000 0.758031 1.089577
 234.000000 0.479397 0.542324
 235.000000 0.509165 0.961593
 236.000000 0.631808 0.520871
 237.000000 0.661807 1.018012
 238.000000 0.499558 0.522897
 239.000000 0.688759 0.532900
 240.000000 0.516527 0.543041
 241.000000 0.608542 0.519443
 242.000000 0.602639 1.160997
 243.000000 2.154945 1.636982
 244.000000 0.680960 0.677852
 245.000000 0.579619 1.082344
 246.000000 0.737668 0.498969
 247.000000 0.828073 1.089603
 248.000000 1.378787 1.663394
 249.000000 0.620101 0.998516
 250.000000 0.582445 0.544387
 251.000000 0.698417 0.507875
 252.000000 2.179375 1.850733
 253.000000 0.809842 1.161291
 254.000000 0.833395 0.796819
 255.000000 1.945059 1.638052
 256.000000 0.607824 1.184523
 257.000000 0.519352 0.501924
 258.000000 0.581007 0.525428
 259.000000 0.541351 0.987675
 260.000000 0.495836 0.550074
 261.000000 0.555145 0.534342
 262.000000 0.576402 0.482872
 263.000000 0.622606 0.505261
 264.000000 0.654468 0.526694
 265.000000 0.627507 0.535920
 266.000000 0.462421 0.540866
 267.000000 0.611200 0.572605
 268.000000 0.564669 0.646394
 269.000000 0.613562 0.509576
 270.000000 0.503685 0.529855
 271.000000 0.475375 0.611276
 272.000000 0.647564 0.564175
 273.000000 0.824750 1.034661
 274.000000 0.651267 0.551065
 275.000000 0.581660 0.549554
 276.000000 0.651253 0.580390
 277.000000 0.715380 0.522644
 278.000000 0.695017 0.555480
 279.000000 0.591047 0.547828
 280.000000 0.526592 0.536606
 281.000000 0.585240 0.543427
 282.000000 0.625914 1.019417
 283.000000 0.523608 0.501508
 284.000000 0.468064 0.573729
 285.000000 0.680545 0.580195
 286.000000 0.737636 0.559302
 287.000000 0.687304 0.552041
 288.000000 0.637725 0.550423
 289.000000 0.543582 0.578136
 290.000000 0.653530 0.530268
 291.000000 0.658557 0.534462
 292.000000 0.683870 0.531964
 293.000000 0.426184 0.580136
 294.000000 0.518510 0.541288
 295.000000 0.486782 0.486637
 296.000000 0.484971 0.563444
 297.000000 0.500405 0.552288
 298.000000 0.509970 0.629999
 299.000000 0.610787 0.525736
 300.000000 0.631056 0.510742
 301.000000 0.518033 0.568477
 302.000000 0.665806 0.521614
 303.000000 0.652141 0.507644
 304.000000 0.562302 0.520267
 305.000000 0.634989 0.633685
 306.000000 0.710882 0.531189
 307.000000 0.718145 0.573220
 308.000000 0.531610 0.552784
 309.000000 0.587853 0.534634
 310.000000 0.791605 0.511497
 311.000000 0.610176 0.541909
 312.000000 0.772946 0.521450
 313.000000 0.769351 0.537791
 314.000000 0.507294 0.512464
