#! FIELDS time d d1
 0.000000 0.598122 0.993303
 1.000000 0.993516 0.924053
 2.000000 0.671926 0.940606
 3.000000 0.616337 0.876776
 4.000000 0.552519 0.918224
 5.000000 0.515725 0.548334
 6.000000 0.530216 0.600957
 7.000000 0.479026 0.508355
 8.000000 0.487115 0.613903
 9.000000 0.441091 0.564409
 10.000000 0.646279 1.094739
 11.000000 0.503918 0.604414
 12.000000 0.470010 0.620545
 13.000000 0.468600 0.535726
 14.000000 0.849690 0.895988
 15.000000 0.453017 0.540941
 16.000000 0.441780 0.583494
 17.000000 0.560644 0.614207
 18.000000 1.358026 1.042001
 19.000000 0.641964 0.998132
 20.000000 0.924793 0.824510
 21.000000 0.907317 0.843190
 22.000000 0.910685 0.952542
 23.000000 0.501257 0.673900
 24.000000 0.617901 0.530666
 25.000000 0.527418 0.490018
 26.000000 0.472217 0.902245
 27.000000 0.671500 0.975134
 28.000000 0.496985 0.911410
 29.000000 0.482346 0.912598
 30.000000 0.759204 0.747584
 31.000000 0.805899 0.835586
 32.000000 0.566719 0.716721
 33.000000 0.539853 0.523497
 34.000000 0.961363 0.659843
 35.000000 0.561347 0.585619
 36.000000 0.551806 0.512644
 37.000000 0.776877 0.664696
 38.000000 0.480371 0.574283
 39.000000 0.473441 0.628241
 40.000000 0.511200 0.586974
 41.000000 0.484406 0.555192
 42.000000 0.499441 0.677650
 43.000000 0.507639 0.648465
 44.000000 0.472717 0.629187
 45.000000 0.471362 0.561029
 46.000000 0.666536 0.588891
 47.000000 0.473651 0.596159
 48.000000 0.742652 0.950391
 49.000000 0.506054 0.511204
 50.000000 0.843828 1.079725
 51.000000 0.592164 0.604772
 52.000000 0.562585 0.591524
 53.000000 0.789758 1.031921
 54.000000 0.785695 1.112331
 55.000000 0.635001 0.709706
 56.000000 0.461184 0.618284
 57.000000 0.477311 0.595461
 58.000000 0.491453 0.594997
 59.000000 0.522254 0.657233
 60.000000 0.979678 0.551475
 61.000000 0.473693 0.624366
 62.000000 0.417398 0.586482
 63.000000 0.432787 0.591273
 64.000000 0.482549 0.603340
 65.000000 0.780432 0.975304
 66.000000 0.522150 0.609570
 67.000000 0.603246 0.622299
 68.000000 0.786827 0.985952
 69.000000 0.477243 0.655809
 70.000000 0.759861 1.096559
 71.000000 0.808058 0.980851
 72.000000 0.866368 1.028227
 73.000000 0.537569 0.577319
 74.000000 0.855396 1.050935
 75.000000 0.942221 1.061838
 76.000000 0.787590 1.086628
 77.000000 0.655227 0.637342
 78.000000 0.576745 0.548414
 79.000000 0.900677 1.075165
 80.000000 0.509197 0.710716
 81.000000 0.855821 0.800151
 82.000000 0.434799 0.816404
 83.000000 0.448025 0.599474
 84.000000 0.468740 0.709849
 85.000000 0.463555 0.649928
 86.000000 0.566893 0.634321
 87.000000 0.456778 0.678526
 88.000000 0.438583 0.588803
 89.000000 0.454834 0.678373
 90.000000 0.490625 0.798425
 91.000000 0.428271 0.649748
 92.000000 0.616193 0.545620
 93.000000 0.637475 0.816885
 94.000000 0.482795 0.482963
 95.000000 0.472455 0.841529
 96.000000 0.496874 0.687765
 97.000000 0.518634 0.660855
 98.000000 1.073239 1.159187
 99.000000 0.446364 0.549997
 100.000000 1.118537 1.159740
 101.000000 0.883702 0.594502
 102.000000 1.086948 1.128630
 103.000000 1.208487 0.964907
 104.000000 1.119997 0.977401
 105.000000 0.483219 0.541059
 106.000000 1.035869 0.855211
 107.000000 0.774337 0.576030
 108.000000 1.374547 1.079220
 109.000000 0.432593 0.590436
 110.000000 0.601097 0.881717
 111.000000 0.552990 0.609148
 112.000000 0.908243 0.576461
 113.000000 0.554434 0.589771
 114.000000 0.574283 0.599642
 115.000000 0.466019 0.605532
 116.000000 0.711805 0.658820
 117.000000 0.461101 0.639952
 118.000000 0.557432 0.570407
 119.000000 0.575363 0.548410
 120.000000 0.429503 0.570176
 121.000000 0.515843 0.546482
 122.000000 0.445135 0.569552
 123.000000 0.425476 0.579267
 124.000000 0.843692 0.579404
 125.000000 0.925065 0.604533
 126.000000 0.879092 0.640984
 127.000000 0.440765 0.568287
 128.000000 0.450978 0.494557
 129.000000 0.445840 0.593624
 130.000000 0.433729 0.517598
 131.000000 0.504899 0.486096
 132.000000 0.429638 0.736504
 133.000000 0.535580 1.018150
 134.000000 0.750426 0.526301
 135.000000 0.465547 0.547764
 136.000000 0.452555 0.708478
 137.000000 0.500025 0.565835
 138.000000 0.477885 0.586106
 139.000000 0.761652 0.633766
 140.000000 0.489998 0.527706
 141.000000 0.488989 0.571681
 142.000000 0.430212 0.548757
 143.000000 0.454064 0.624878
 144.000000 0.561795 0.671300
 145.000000 0.490448 0.608588
 146.000000 0.533646 0.552833
 147.000000 0.455470 0.648548
 148.000000 0.486674 0.588915
 149.000000 0.508681 0.581323
 150.000000 0.493535 0.605702
 151.000000 0.474616 0.526729
 152.000000 0.465516 0.552051
 153.000000 0.470580 0.586212
 154.000000 0.749091 0.597183
 155.000000 0.457555 0.674716
 156.000000 0.530306 0.607801
 157.000000 0.652492 0.590568
 158.000000 0.741741 0.617496
 159.000000 0.520240 0.548280
 160.000000 0.583888 0.602216
 161.000000 0.557701 0.633997
 162.000000 0.533504 0.659652
 163.000000 0.764441 0.576335
 164.000000 0.483994 0.609305
 165.000000 0.498512 0.615338
 166.000000 0.511986 0.639511
 167.000000 0.523354 0.856416
 168.000000 0.409650 0.581503
 169.000000 0.435553 0.637919
 170.000000 0.575243 0.811203
 171.000000 0.477437 0.958859
 172.000000 0.411137 0.802809
 173.000000 0.438517 0.719556
 174.000000 0.707478 1.043073
 175.000000 0.706848 1.033203
 176.000000 1.049463 1.073035
 177.000000 0.872290 1.085229
 178.000000 0.534274 0.678912
 179.000000 0.387238 0.572830
 180.000000 0.688053 0.973462
 181.000000 0.883541 0.924063
 182.000000 0.547447 0.606904
 183.000000 0.560527 0.634745
 184.000000 0.518040 0.889146
 185.000000 0.535508 0.547588
 186.000000 0.560418 0.635039
 187.000000 0.442694 1.179575
 188.000000 0.511362 0.897861
 189.000000 0.436908 0.629122
 190.000000 0.746566 1.288822
 191.000000 0.677284 1.282712
 192.000000 0.757932 1.192836
 193.000000 1.016634 1.226758
 194.000000 0.550208 0.714223
 195.000000 0.499005 0.813991
 196.000000 0.469566 0.709710
 197.000000 0.635751 0.562442
 198.000000 0.448795 0.827654
 199.000000 0.429517 0.812284
 200.000000 0.513553 0.859884
 201.000000 0.502682 0.892847
 202.000000 0.483628 0.873865
 203.000000 0.569362 0.771011
 204.000000 0.589826 0.741823
 205.000000 0.617179 0.708515
 206.000000 0.550903 0.654836
 207.000000 0.557992 0.671748
 208.000000 0.499876 0.637444
 209.000000 0.469513 0.637329
 210.000000 0.514399 0.586206
 211.000000 0.473929 0.596720
 212.000000 0.521697 0.600749
 213.000000 0.465433 0.581763
 214.000000 0.516063 0.559962
 215.000000 0.561937 0.565121
 216.000000 0.490353 0.834077
 217.000000 0.480056 0.791071
 218.000000 0.514144 0.747991
 219.000000 0.491501 0.584223
 220.000000 0.503533 0.569804
 221.000000 0.454887 0.827126
 222.000000 0.490239 0.896686
 223.000000 1.053213 0.800813
 224.000000 0.519797 0.578423
 225.000000 0.482237 0.676155
 226.000000 0.581972 1.130029
 227.000000 0.601869 0.678301
 228.000000 0.431366 0.789641
 229.000000 0.515595 0.905278
 230.000000 0.499670 1.055315
 231.000000 1.248777 0.848615
 232.000000 0.481110 0.938105
 233.000000 0.525368 0.972982
 234.000000 0.492079 0.850735
 235.000000 0.463916 0.702437
 236.000000 0.501273 0.751390
 237.000000 0.586272 0.948180
 238.000000 0.602624 0.994458
 239.000000 0.457888 0.960505
 240.000000 0.479051 0.567234
 241.000000 0.567657 0.967135
 242.000000 0.407290 0.891040
 243.000000 0.578689 0.860705
 244.000000 0.605694 0.975910
 245.000000 0.741795 1.110633
 246.000000 0.509181 0.975379
 247.000000 0.597171 1.077739
 248.000000 1.201491 1.000435
 249.000000 1.149924 0.950685
 250.000000 1.229171 0.967408
 251.000000 0.498005 0.713105
 252.000000 1.127150 1.007193
 253.000000 1.058608 0.979844
 254.000000 0.505295 0.827716
 255.000000 0.560955 0.780927
 256.000000 0.593108 0.634384
 257.000000 0.558723 0.540726
 258.000000 0.473495 0.531613
 259.000000 0.525742 0.584659
 260.000000 0.513079 0.580853
 261.000000 0.452410 0.571301
 262.000000 0.474713 0.617460
 263.000000 0.558389 0.623822
 264.000000 0.547704 0.522612
 265.000000 0.444811 0.591123
 266.000000 0.509241 0.573168
 267.000000 0.469822 0.603607
 268.000000 0.494388 0.595256
 269.000000 0.569124 0.600415
 270.000000 0.558100 0.531005
 271.000000 0.428352 0.794867
 272.000000 1.217576 0.666259
 273.000000 0.448528 0.682534
 274.000000 0.521421 0.668638
