#! FIELDS time d d1
 0.000000 0.787234 0.873800
 1.000000 0.506100 0.706792
 2.000000 0.540023 0.918593
 3.000000 0.747094 0.708432
 4.000000 0.543716 0.770188
 5.000000 0.594269 0.845591
 6.000000 0.559652 0.810366
 7.000000 0.525032 0.693410
 8.000000 0.430528 0.527192
 9.000000 0.501547 0.692373
 10.000000 0.605846 0.660109
 11.000000 0.508535 0.662476
 12.000000 0.512918 0.668528
 13.000000 0.513781 0.631958
 14.000000 0.502551 0.677205
 15.000000 0.581093 0.645639
 16.000000 0.651703 0.640969
 17.000000 0.469345 0.670963
 18.000000 0.684357 0.556620
 19.000000 0.638819 0.575579
 20.000000 0.572470 0.579380
 21.000000 0.587695 0.708436
 22.000000 0.613966 0.616845
 23.000000 0.488207 0.674724
 24.000000 0.587226 0.782526
 25.000000 0.480851 0.624662
 26.000000 0.597875 0.585230
 27.000000 0.706749 0.651989
 28.000000 0.751690 0.531840
 29.000000 0.695391 0.595158
 30.000000 0.597301 0.526310
 31.000000 0.669846 0.555009
 32.000000 0.566578 0.581051
 33.000000 0.543802 0.512970
 34.000000 0.428000 0.656982
 35.000000 0.556722 0.617927
 36.000000 0.628352 0.547749
 37.000000 0.681567 0.546094
 38.000000 0.669430 0.540698
 39.000000 0.713911 0.550901
 40.000000 0.647511 0.563342
 41.000000 0.560898 0.626305
 42.000000 0.548369 0.763876
 43.000000 0.538257 0.552987
 44.000000 0.473816 0.644090
 45.000000 0.668352 0.575608
 46.000000 0.636202 0.547311
 47.000000 0.511787 0.559998
 48.000000 0.687754 0.541913
 49.000000 0.532739 0.553323
 50.000000 0.710035 0.536974
 51.000000 0.661401 0.527539
 52.000000 0.491245 0.494228
 53.000000 0.520011 0.567375
 54.000000 0.638970 0.536472
 55.000000 0.699346 0.537087
 56.000000 0.727669 0.523627
 57.000000 0.702645 0.541386
 58.000000 0.486133 0.585118
 59.000000 0.476035 0.527445
 60.000000 0.594930 0.511285
 61.000000 0.608149 0.636205
 62.000000 0.550247 0.597470
 63.000000 0.491586 0.599995
 64.000000 0.619273 0.571452
 65.000000 0.534878 0.619146
 66.000000 0.592849 0.647897
 67.000000 0.682089 0.626596
 68.000000 0.460001 0.778256
 69.000000 0.497951 0.523001
 70.000000 0.532926 0.911769
 71.000000 0.497064 0.783848
 72.000000 0.518106 0.839536
 73.000000 0.522944 1.015302
 74.000000 0.453947 0.865403
 75.000000 0.472336 0.832678
 76.000000 0.624457 0.618817
 77.000000 0.709556 0.599281
 78.000000 0.595035 0.558638
 79.000000 0.698717 0.605021
 80.000000 0.688230 0.536759
 81.000000 0.649853 0.682177
 82.000000 0.575006 0.708832
 83.000000 0.689931 0.644951
 84.000000 0.599023 0.740182
 85.000000 0.685824 0.597673
 86.000000 0.597349 0.767730
 87.000000 0.404105 0.558109
 88.000000 0.463761 0.693182
 89.000000 0.468305 0.665983
 90.000000 0.463285 0.674357
 91.000000 0.541209 0.754431
 92.000000 0.438566 0.570449
 93.000000 0.550374 0.661104
 94.000000 0.628117 0.649397
 95.000000 0.530565 0.801860
 96.000000 0.675878 0.696419
 97.000000 0.648893 0.644588
 98.000000 0.677278 0.641357
 99.000000 0.671858 0.722588
 100.000000 0.551787 0.783034
 101.000000 0.601087 0.585799
 102.000000 0.505235 0.651778
 103.000000 0.672260 0.545488
 104.000000 0.635346 0.513937
 105.000000 0.680313 0.562982
 106.000000 0.585139 0.550634
 107.000000 0.699967 0.556529
 108.000000 0.547199 0.575702
 109.000000 0.471808 1.088710
 110.000000 0.686847 0.541738
 111.000000 0.716879 0.601360
 112.000000 0.413506 0.598720
 113.000000 0.508618 0.619940
 114.000000 0.531333 0.578496
 115.000000 0.533226 0.517845
 116.000000 0.723731 0.518982
 117.000000 0.485144 0.543743
 118.000000 0.637722 0.499510
 119.000000 0.506442 0.549054
 120.000000 0.532114 0.518904
 121.000000 0.679791 0.530079
 122.000000 0.650812 0.542515
 123.000000 0.841450 0.523100
 124.000000 0.738865 0.559259
 125.000000 0.652709 0.558620
 126.000000 0.479397 0.542324
 127.000000 0.631808 0.520871
 128.000000 0.499558 0.522897
 129.000000 0.688759 0.532900
 130.000000 0.516527 0.543041
 131.000000 0.608542 0.519443
 132.000000 0.680960 0.677852
 133.000000 0.737668 0.498969
 134.000000 0.582445 0.544387
 135.000000 0.698417 0.507875
 136.000000 0.833395 0.796819
 137.000000 0.519352 0.501924
 138.000000 0.581007 0.525428
 139.000000 0.495836 0.550074
 140.000000 0.555145 0.534342
 141.000000 0.576402 0.482872
 142.000000 0.622606 0.505261
 143.000000 0.654468 0.526694
 144.000000 0.627507 0.535920
 145.000000 0.462421 0.540866
 146.000000 0.611200 0.572605
 147.000000 0.613562 0.509576
 148.000000 0.503685 0.529855
 149.000000 0.647564 0.564175
 150.000000 0.651267 0.551065
 151.000000 0.581660 0.549554
 152.000000 0.651253 0.580390
 153.000000 0.715380 0.522644
 154.000000 0.695017 0.555480
 155.000000 0.591047 0.547828
 156.000000 0.526592 0.536606
 157.000000 0.585240 0.543427
 158.000000 0.523608 0.501508
 159.000000 0.468064 0.573729
 160.000000 0.680545 0.580195
 161.000000 0.737636 0.559302
 162.000000 0.687304 0.552041
 163.000000 0.637725 0.550423
 164.000000 0.543582 0.578136
 165.000000 0.653530 0.530268
 166.000000 0.658557 0.534462
 167.000000 0.683870 0.531964
 168.000000 0.426184 0.580136
 169.000000 0.518510 0.541288
 170.000000 0.486782 0.486637
 171.000000 0.484971 0.563444
 172.000000 0.500405 0.552288
 173.000000 0.509970 0.629999
 174.000000 0.610787 0.525736
 175.000000 0.631056 0.510742
 176.000000 0.518033 0.568477
 177.000000 0.665806 0.521614
 178.000000 0.652141 0.507644
 179.000000 0.562302 0.520267
 180.000000 0.634989 0.633685
 181.000000 0.710882 0.531189
 182.000000 0.718145 0.573220
 183.000000 0.531610 0.552784
 184.000000 0.587853 0.534634
 185.000000 0.791605 0.511497
 186.000000 0.610176 0.541909
 187.000000 0.772946 0.521450
 188.000000 0.769351 0.537791
 189.000000 0.507294 0.512464
