#! FIELDS time d d1
 0.000000 0.755644 0.950096
 1.000000 0.872003 0.908469
 2.000000 0.740963 0.967969
 3.000000 0.841958 1.010935
 4.000000 0.459036 0.686512
 5.000000 0.613047 0.705739
 6.000000 0.785659 0.472531
 7.000000 0.491176 0.550211
 8.000000 0.500699 0.600757
 9.000000 0.566298 0.622644
 10.000000 1.194940 0.798272
 11.000000 0.499851 0.602603
 12.000000 0.488502 0.631640
 13.000000 0.591403 0.704649
 14.000000 0.505257 0.540883
 15.000000 0.564411 0.552335
 16.000000 0.770227 0.580091
 17.000000 0.596598 0.712237
 18.000000 0.455515 0.525275
 19.000000 0.824972 0.528085
 20.000000 0.588817 0.639944
 21.000000 0.949514 0.627578
 22.000000 0.673835 0.583795
 23.000000 0.450916 0.689559
 24.000000 0.898259 0.549987
 25.000000 1.086044 0.748730
 26.000000 0.744248 0.688028
 27.000000 0.832686 0.584196
 28.000000 1.169580 0.628728
 29.000000 0.395410 0.592356
 30.000000 1.122976 0.692752
 31.000000 1.115246 0.805906
 32.000000 0.492606 0.772218
 33.000000 0.477835 0.693030
 34.000000 0.517245 0.580568
 35.000000 0.481063 0.748931
 36.000000 0.501588 0.490478
 37.000000 1.457531 0.919984
 38.000000 1.274173 0.897134
 39.000000 1.373029 0.797151
 40.000000 1.049019 0.767748
 41.000000 0.509345 0.638180
 42.000000 1.070996 0.692195
 43.000000 1.252262 0.898725
 44.000000 1.327154 0.772069
 45.000000 0.852558 0.945417
 46.000000 1.093057 0.917837
 47.000000 0.904908 0.580304
 48.000000 0.464050 0.587095
 49.000000 0.526238 0.575039
 50.000000 0.476397 0.544238
 51.000000 0.516556 0.616309
 52.000000 0.459240 0.579890
 53.000000 0.509404 0.516339
 54.000000 0.493740 0.668436
 55.000000 0.852761 0.985501
 56.000000 0.715405 0.633854
 57.000000 0.580983 0.581438
 58.000000 0.688537 1.019613
 59.000000 1.038722 1.003919
 60.000000 0.519104 0.668468
 61.000000 0.807195 0.934936
 62.000000 1.066262 0.985010
 63.000000 1.131436 0.920657
 64.000000 0.504045 0.554050
 65.000000 0.515121 0.667249
 66.000000 0.488043 0.629089
 67.000000 0.468983 0.596973
 68.000000 0.650771 0.608699
 69.000000 1.092660 0.906104
 70.000000 0.468637 0.593045
 71.000000 0.612595 0.595190
 72.000000 0.563297 0.651274
 73.000000 0.481705 0.654981
 74.000000 0.509690 0.856239
 75.000000 1.126484 0.750326
 76.000000 0.517638 0.613317
 77.000000 0.589177 0.582086
 78.000000 1.080625 0.769573
 79.000000 1.034483 0.632907
 80.000000 0.475906 0.629782
 81.000000 0.528837 0.573310
 82.000000 0.705783 0.617429
 83.000000 0.623334 0.575105
 84.000000 0.687812 0.613380
 85.000000 0.497713 0.669156
 86.000000 0.570772 0.655406
 87.000000 0.484505 0.800453
 88.000000 0.684723 0.692712
 89.000000 0.477377 0.670501
 90.000000 0.559516 0.642253
 91.000000 0.494220 0.735555
 92.000000 0.656216 0.727415
 93.000000 0.433877 0.593041
 94.000000 0.514118 0.528482
 95.000000 0.686243 0.612786
 96.000000 0.448613 0.648769
 97.000000 1.029381 0.578538
 98.000000 0.495144 0.820401
 99.000000 1.143371 0.718655
 100.000000 0.463872 0.585041
 101.000000 1.825254 1.004734
 102.000000 0.876103 0.614783
 103.000000 1.115875 0.928317
 104.000000 0.600557 0.581355
 105.000000 0.497611 0.572460
 106.000000 0.846710 0.683120
 107.000000 0.978825 0.548002
 108.000000 1.078470 0.740336
 109.000000 0.657379 0.625126
 110.000000 0.475969 0.655758
 111.000000 0.496832 0.709954
 112.000000 0.579829 0.690926
 113.000000 0.511165 0.508356
 114.000000 0.677254 0.632245
 115.000000 0.462041 0.651301
 116.000000 0.604326 0.574687
 117.000000 0.525793 0.601655
