#! FIELDS time d d1
 0.000000 0.726068 0.954007
 1.000000 0.812696 0.958049
 2.000000 0.494344 0.648991
 3.000000 0.568674 0.698458
 4.000000 0.553226 0.681230
 5.000000 0.559201 0.574813
 6.000000 0.497592 0.663271
 7.000000 1.266975 0.572107
 8.000000 0.565618 0.754328
 9.000000 0.405879 0.619241
 10.000000 0.687464 0.544160
 11.000000 0.455969 0.661007
 12.000000 0.504787 0.638847
 13.000000 0.733220 0.657736
 14.000000 0.563206 0.687742
 15.000000 0.511361 0.602984
 16.000000 0.546060 0.659835
 17.000000 0.511857 0.669529
 18.000000 0.450991 0.676604
 19.000000 0.505004 0.713056
 20.000000 0.482316 0.595656
 21.000000 0.583605 0.562483
 22.000000 0.589855 0.628296
 23.000000 0.556182 0.589628
 24.000000 0.565474 0.641234
 25.000000 0.515928 0.618486
 26.000000 0.381767 0.828494
 27.000000 0.861842 0.676637
 28.000000 0.666607 0.575837
 29.000000 0.546133 0.539885
 30.000000 0.434568 0.797762
 31.000000 0.490474 0.763904
 32.000000 0.462276 0.734412
 33.000000 0.447508 0.659339
 34.000000 0.518518 0.629071
 35.000000 0.568372 0.599003
 36.000000 0.999878 0.834316
 37.000000 0.614658 1.002338
 38.000000 0.751395 0.527365
 39.000000 0.515411 0.782678
 40.000000 0.576850 0.888764
 41.000000 0.517587 0.644193
 42.000000 0.581344 0.688936
 43.000000 0.560281 0.624242
 44.000000 0.484394 0.547772
 45.000000 0.440770 0.548775
 46.000000 0.468722 0.648194
 47.000000 0.770250 0.593227
 48.000000 0.451315 0.594682
 49.000000 0.642210 0.535572
 50.000000 0.436106 0.573140
 51.000000 0.530135 0.600252
 52.000000 0.502285 0.601625
 53.000000 0.573237 0.583309
 54.000000 0.446716 0.655173
 55.000000 0.570016 0.662272
 56.000000 0.631131 0.560202
 57.000000 0.480147 0.555543
 58.000000 0.769491 0.549266
 59.000000 0.627159 0.571093
 60.000000 0.529884 0.558338
 61.000000 0.526501 0.538564
 62.000000 0.503509 0.600377
 63.000000 0.574862 0.567022
 64.000000 0.572682 0.677304
 65.000000 0.521417 0.586721
 66.000000 0.528760 0.665398
 67.000000 0.491391 0.638199
 68.000000 0.435736 0.671401
 69.000000 0.446594 0.652614
 70.000000 0.730648 0.545419
 71.000000 0.577545 0.659476
 72.000000 0.514535 0.590131
 73.000000 0.446818 0.582165
 74.000000 0.697434 0.612983
 75.000000 0.503958 0.664531
 76.000000 0.490888 0.529170
 77.000000 0.466445 0.862488
 78.000000 0.487910 0.804376
 79.000000 0.533604 0.945514
 80.000000 0.428958 0.608474
 81.000000 0.433181 0.600494
 82.000000 0.639491 0.604136
 83.000000 0.632751 0.624079
 84.000000 0.726704 0.613294
 85.000000 0.474477 0.667504
 86.000000 0.519482 0.662569
 87.000000 0.378621 0.600807
 88.000000 0.522596 0.566439
 89.000000 0.787575 0.539390
 90.000000 0.622232 0.669492
 91.000000 0.528921 0.557869
 92.000000 0.477809 0.621652
 93.000000 0.568428 0.570937
 94.000000 0.481633 0.518847
 95.000000 0.648798 0.471218
 96.000000 0.492334 0.567095
 97.000000 0.487149 0.636376
 98.000000 0.463830 0.559696
 99.000000 0.511573 0.548775
 100.000000 0.546433 0.577264
 101.000000 0.499024 0.586878
 102.000000 0.571095 0.548373
 103.000000 0.606851 0.610525
 104.000000 0.551839 0.609410
 105.000000 0.489883 0.522981
 106.000000 0.454275 0.553796
 107.000000 0.492032 1.022171
 108.000000 0.557889 0.590702
 109.000000 0.601977 0.598739
 110.000000 0.490287 0.584751
 111.000000 0.446498 0.673264
 112.000000 0.571949 0.776501
 113.000000 0.559180 0.548735
 114.000000 0.460133 0.633186
 115.000000 0.419544 0.628478
 116.000000 0.496102 0.614053
 117.000000 0.585727 0.566091
 118.000000 0.566446 0.653146
 119.000000 0.516915 0.567397
 120.000000 0.545184 0.551447
 121.000000 0.627140 0.583989
 122.000000 0.596244 0.547144
 123.000000 0.579753 0.605532
 124.000000 0.450885 0.677979
 125.000000 0.476371 0.743794
 126.000000 0.448494 0.642635
 127.000000 1.260321 1.417148
 128.000000 0.582712 0.613815
 129.000000 0.524040 0.637926
 130.000000 0.492905 0.640736
 131.000000 0.789228 0.552668
 132.000000 0.418069 0.681561
 133.000000 0.772055 0.497654
 134.000000 0.633926 0.535289
 135.000000 0.602592 0.597683
 136.000000 0.440257 0.665474
 137.000000 1.400048 1.671866
 138.000000 1.374269 1.611673
 139.000000 0.862254 1.056940
 140.000000 0.680049 0.527891
 141.000000 0.708040 0.559946
 142.000000 0.650149 0.559293
 143.000000 0.580450 0.911621
 144.000000 1.432084 1.252346
 145.000000 0.673386 0.518788
 146.000000 0.701430 0.530933
