#! FIELDS time d d1
 0.000000 0.751757 0.853503
 1.000000 0.573669 0.578150
 2.000000 0.491898 0.629350
 3.000000 0.465586 0.603302
 4.000000 0.476883 0.706253
 5.000000 0.544913 0.819234
 6.000000 0.516366 0.671037
 7.000000 0.692549 0.794640
 8.000000 0.487538 0.750426
 9.000000 0.493320 0.649317
 10.000000 0.546272 0.653062
 11.000000 0.486495 0.710703
 12.000000 0.537405 0.614330
 13.000000 0.502869 0.622982
 14.000000 0.530993 0.627332
 15.000000 0.575804 0.602058
 16.000000 0.713286 0.537879
 17.000000 0.533189 0.657933
 18.000000 0.548472 0.595208
 19.000000 0.480704 0.557675
 20.000000 0.516676 0.578845
 21.000000 0.439168 0.645006
 22.000000 0.504463 0.598325
 23.000000 0.443138 0.665938
 24.000000 0.669063 0.583730
 25.000000 0.413441 0.528104
 26.000000 0.563074 0.766067
 27.000000 0.429219 0.583363
 28.000000 0.532925 0.791678
 29.000000 0.510637 0.592044
 30.000000 0.520624 0.627895
 31.000000 0.482223 0.623545
 32.000000 0.441354 0.616913
 33.000000 0.446109 0.479456
 34.000000 0.411988 0.470971
 35.000000 0.459540 0.530349
 36.000000 0.537940 0.707727
 37.000000 0.395288 0.498796
 38.000000 0.654221 0.457001
 39.000000 0.477055 0.622377
 40.000000 0.473841 0.530773
 41.000000 0.549846 0.600170
 42.000000 0.492472 0.610674
 43.000000 0.469055 0.660286
 44.000000 0.515958 0.600081
 45.000000 0.947402 0.489965
 46.000000 1.242848 0.542943
 47.000000 0.484862 0.475380
 48.000000 0.521147 0.643013
 49.000000 0.504985 0.591089
 50.000000 0.490536 0.677146
 51.000000 0.453394 0.622349
 52.000000 0.580471 0.570370
 53.000000 0.753154 0.552857
 54.000000 0.757296 0.590726
 55.000000 0.795358 0.660377
 56.000000 0.693989 0.648038
 57.000000 0.495933 0.670807
 58.000000 0.571286 0.599435
 59.000000 0.587141 0.603094
 60.000000 0.496860 0.567121
 61.000000 0.452404 0.553347
 62.000000 0.399684 0.676131
 63.000000 0.559691 0.640015
 64.000000 0.568457 0.564589
 65.000000 0.380002 0.556885
 66.000000 0.494737 0.607399
 67.000000 0.461247 0.698978
 68.000000 0.462278 0.594055
 69.000000 0.453010 0.580321
 70.000000 0.467535 0.560643
 71.000000 0.474505 0.587410
 72.000000 0.500833 0.624411
 73.000000 0.524932 0.543483
 74.000000 0.522985 0.593914
 75.000000 0.468779 0.629633
 76.000000 0.880429 0.583489
 77.000000 0.731716 0.683455
 78.000000 0.585468 0.532021
 79.000000 0.495049 0.533413
 80.000000 0.683457 0.564897
 81.000000 0.494799 0.678046
 82.000000 0.697253 0.606399
 83.000000 0.459097 0.673909
 84.000000 0.445018 0.616596
 85.000000 0.561515 0.602692
 86.000000 0.559287 0.563329
 87.000000 0.432379 0.694830
 88.000000 0.517851 0.646191
 89.000000 0.783756 0.612162
 90.000000 0.958414 0.617470
 91.000000 0.556568 0.662605
 92.000000 0.545914 0.863242
 93.000000 0.544299 0.578872
 94.000000 2.244731 1.592943
 95.000000 2.064860 1.793570
 96.000000 0.505804 0.619963
 97.000000 1.679764 1.597089
 98.000000 1.994971 1.562944
 99.000000 0.470643 0.722244
 100.000000 0.674728 1.120353
 101.000000 0.549543 1.023370
 102.000000 0.481557 0.892939
 103.000000 1.025519 1.177113
 104.000000 1.044393 1.221403
 105.000000 0.558296 0.583394
 106.000000 0.974774 1.155272
 107.000000 0.758031 1.089577
 108.000000 0.509165 0.961593
 109.000000 0.661807 1.018012
 110.000000 0.602639 1.160997
 111.000000 2.154945 1.636982
 112.000000 0.579619 1.082344
 113.000000 0.828073 1.089603
 114.000000 1.378787 1.663394
 115.000000 0.620101 0.998516
 116.000000 2.179375 1.850733
 117.000000 0.809842 1.161291
 118.000000 1.945059 1.638052
 119.000000 0.607824 1.184523
 120.000000 0.541351 0.987675
 121.000000 0.564669 0.646394
 122.000000 0.475375 0.611276
 123.000000 0.824750 1.034661
 124.000000 0.625914 1.019417
