#! FIELDS time d d1
 0.000000 0.460858 0.568238
 1.000000 0.540461 0.514124
 2.000000 0.660595 0.599243
 3.000000 0.777048 0.600072
 4.000000 0.544745 0.627876
 5.000000 0.565450 0.605681
 6.000000 0.683125 0.604835
 7.000000 0.624443 0.520067
 8.000000 0.480230 0.601724
 9.000000 0.803527 0.640922
 10.000000 0.476640 0.693973
 11.000000 0.732498 0.589931
 12.000000 0.688948 0.556724
 13.000000 0.608136 0.518974
 14.000000 0.439099 0.532729
 15.000000 0.499241 0.574928
 16.000000 0.534814 0.566268
 17.000000 0.438126 0.591240
 18.000000 0.539542 0.588623
 19.000000 0.554210 0.571707
 20.000000 0.595356 0.608105
 21.000000 0.637307 0.636222
 22.000000 0.610191 0.629356
 23.000000 0.515343 0.529347
 24.000000 0.525987 0.582459
 25.000000 0.530182 0.549221
 26.000000 0.599838 0.562607
 27.000000 0.785414 0.559827
 28.000000 0.658694 0.605767
 29.000000 0.474209 0.671021
 30.000000 0.488427 0.633765
 31.000000 0.561862 0.591965
 32.000000 0.427570 0.546738
 33.000000 0.480240 0.576230
 34.000000 0.436538 0.631407
 35.000000 0.525172 0.639198
 36.000000 0.564264 0.632021
 37.000000 0.597523 0.607096
 38.000000 0.503220 0.564456
 39.000000 0.532437 0.610519
 40.000000 0.513086 0.608633
 41.000000 0.541713 0.579183
 42.000000 0.476413 0.498047
 43.000000 0.589364 0.489124
 44.000000 0.643464 0.640984
 45.000000 0.511144 0.613043
 46.000000 0.626672 0.596476
 47.000000 0.579886 0.611854
 48.000000 0.606470 0.590455
 49.000000 0.478424 0.580409
 50.000000 0.634010 0.647016
 51.000000 0.475206 0.572089
 52.000000 0.481525 0.598489
 53.000000 0.457100 0.650472
 54.000000 0.430333 0.592308
 55.000000 0.869594 0.615527
 56.000000 0.716358 0.545945
 57.000000 0.508545 0.609526
 58.000000 0.482552 0.582303
 59.000000 0.450947 0.594887
 60.000000 0.511203 0.598694
 61.000000 0.555605 0.576764
 62.000000 0.624778 0.571879
 63.000000 0.574023 0.652891
 64.000000 0.578165 0.519529
 65.000000 0.488439 0.587440
 66.000000 0.480541 0.555772
 67.000000 0.512139 0.518770
 68.000000 0.533473 0.542071
 69.000000 0.553717 0.495206
 70.000000 0.492353 0.615855
 71.000000 0.472730 0.647044
 72.000000 0.508231 0.597727
 73.000000 0.464933 0.598794
 74.000000 0.623072 0.600588
 75.000000 0.433117 0.606477
 76.000000 0.505669 0.575416
 77.000000 0.598004 0.545655
 78.000000 0.768475 0.498935
 79.000000 0.461844 0.560160
 80.000000 0.580643 0.531173
 81.000000 0.640685 0.530051
 82.000000 0.590467 0.563082
 83.000000 0.834941 0.545367
 84.000000 0.750805 0.534447
 85.000000 0.806608 0.555980
 86.000000 0.594273 0.554708
 87.000000 0.798585 0.501350
 88.000000 0.529115 0.584785
 89.000000 0.761623 0.585308
 90.000000 0.660788 0.672849
 91.000000 0.768624 0.631038
 92.000000 0.805895 0.621796
 93.000000 0.595778 0.581922
 94.000000 0.705500 0.592923
 95.000000 0.528371 0.673982
 96.000000 0.425397 0.670887
 97.000000 0.573388 0.634853
 98.000000 0.496119 0.597181
 99.000000 0.445954 0.693028
 100.000000 0.485722 0.659906
 101.000000 0.535408 0.615289
 102.000000 0.514358 0.731051
 103.000000 0.584538 0.524539
 104.000000 0.591207 0.531614
 105.000000 0.450340 0.594089
 106.000000 0.466161 0.545451
 107.000000 0.526529 0.617172
