#NUM AA HA CA CB CO N HN
2 K 4.503974317 51.31593001 28.36856589 0.00 124.7089026 7.095270746
3 P 4.346268871 60.1849065 29.46869864 0.00 0.00 0.00
4 R 4.551530273 51.93609117 27.43362314 0.00 125.1071899 8.701914042
5 P 4.369573265 60.38732936 29.41321048 0.00 0.00 0.00
6 S 4.360726456 55.70675412 61.31323292 0.00 116.6705274 8.414438873
7 G 0.00 42.64503058 0.00 0.00 110.8640814 8.365002389
8 V 3.977276241 59.83775712 30.03662186 0.00 119.61321 7.947458681
9 A 4.154495928 53.95872417 16.28359093 0.00 127.6101633 8.309513415
10 A 4.157056761 53.74656533 16.41501575 0.00 123.0419046 8.115019155
11 Q 4.693083435 0.00 22.18835488 0.00 122.2627915 8.143779902
12 K 0.00 0.00 0.00 0.00 0.00 0.00
13 K 0.00 0.00 0.00 0.00 0.00 0.00
14 K 0.00 0.00 0.00 0.00 0.00 0.00
15 R 4.171762035 53.83468769 31.09764281 0.00 119.3972953 8.166920843
16 K 4.157178913 0.00 0.00 0.00 122.6507673 8.218989372
17 H 4.589211689 52.33690127 26.21791636 0.00 120.0302823 8.49337662
18 A 4.211332725 49.63679945 16.7516471 0.00 126.2076934 8.347208554
19 R 4.186498466 53.47943698 30.3835238 0.00 120.9591154 8.326320853
20 H 4.621436706 52.25981541 26.49211948 0.00 120.5063896 8.572704942
21 L 4.498118903 0.00 39.84171689 0.00 124.1905601 8.335584147
22 H 4.571616644 0.00 0.00 0.00 119.1083142 8.559228595
23 N 4.469441182 0.00 36.1869047 0.00 120.0462333 8.134700656
24 A 4.164990626 49.98458354 16.73917995 0.00 124.4992859 8.228884083
25 H 4.548553065 0.00 0.00 0.00 120.7590041 8.423984552
