#ResNum	ResName	I_ratio	I_ratio_err
1	C1	0	0
2	K2	0.7864866508102812	0.00027018155791876824
3	P3	0	0
4	R4	0	0
5	P5	0	0
6	S6	0.7081577355228422	0.0005324028920747794
7	G7	0.8041024513224514	0.000587009075968319
8	V8	0.7984897443840234	0.0006321346975398594
9	A9	0.9851002528787522	0.0007784273460336407
10	A10	0.9372656136586884	0.0007222899724358486
11	Q11	0.9074388654853942	0.0008045085838161942
12	K12	0	0
13	K13	0	0
14	K14	0	0
15	R15	0.8300012681791767	0.0008484756020474888
16	K16	1.188674554594612	0.0005534595424475813
17	H17	0.9290784709535876	0.0007077178007322097
18	A18	0.5474564347939053	0.000534588852065871
19	R19	0.6922295196689984	0.000498212902372603
20	H20	0.426336705850904	0.00044532215886644317
21	L21	0.8452328791979367	0.0005150967467309915
22	H22	0.42466928116079045	0.0005867036304502883
23	N23	0.6287096887890584	0.000775517931546344
24	A24	0.66388961471376	0.00048317107232271977
25	H25	0.483130456451495	0.0005353722339955739
