Time (s)	Exp_data	Gamma_E	Gamma_I	Gamma_T
147.396000	0.023170	0.000000	0.000000	0.000000
157.248000	0.191570	0.317699	0.000000	0.317699
167.070000	0.428495	0.529142	0.000000	0.529142
176.910000	0.703983	0.670601	0.000000	0.670601
186.750000	0.847969	0.765027	0.000000	0.765027
196.590000	0.886254	0.828060	0.000000	0.828060
206.448000	0.896241	0.870198	0.000000	0.870198
216.288000	0.902622	0.898263	0.000000	0.898263
226.128000	0.923152	0.916998	0.000000	0.916998
235.968000	0.924262	0.929504	0.000000	0.929504
245.802000	0.921765	0.937847	0.000000	0.937847
255.630000	0.942572	0.943416	0.000000	0.943416
265.452000	0.945901	0.947133	0.000000	0.947133
275.310000	0.941740	0.949623	0.000000	0.949623
285.150000	0.942295	0.951282	0.000000	0.951282
294.972000	0.951450	0.952387	0.000000	0.952387
304.794000	0.946179	0.953126	0.000000	0.953126
314.616000	0.961160	0.953619	0.000000	0.953619
324.456000	0.966431	0.953949	0.000000	0.953949
334.278000	0.962824	0.954169	0.000000	0.954169
344.148000	0.971147	0.954317	0.000000	0.954317
353.952000	0.972534	0.954415	0.000000	0.954415
363.774000	0.972257	0.954480	0.000000	0.954480
373.620000	0.968650	0.954524	0.000000	0.954524
383.490000	0.978638	0.954553	0.000000	0.954553
393.324000	0.976418	0.954573	0.000000	0.954573
403.182000	0.982799	0.954586	0.000000	0.954586
412.986000	0.982522	0.954594	0.000000	0.954594
422.796000	0.983909	0.954070	0.000000	0.954070
432.672000	0.982244	0.952203	0.000000	0.952203
442.494000	0.990567	0.950349	0.000000	0.950349
452.334000	0.987516	0.948496	0.000000	0.948496
462.174000	0.981135	0.946647	0.000000	0.946647
471.996000	0.981412	0.944805	0.000000	0.944805
481.806000	0.983077	0.942968	0.000000	0.942968
491.646000	0.980580	0.941130	0.000000	0.941130
501.480000	0.985296	0.939296	0.000000	0.939296
511.308000	0.994174	0.937467	0.000000	0.937467
521.112000	0.993064	0.935646	0.000000	0.935646
530.922000	0.993619	0.933827	0.000000	0.933827
540.726000	0.986683	0.932013	0.000000	0.932013
550.578000	0.986683	0.930193	0.000000	0.930193
560.400000	0.990567	0.928383	0.000000	0.928383
570.228000	0.988071	0.926575	0.000000	0.926575
580.086000	1.000000	0.924765	0.000000	0.924765
589.926000	0.991400	0.922962	0.000000	0.922962
599.760000	0.979470	0.921164	0.000000	0.921164
609.570000	0.987793	0.919373	0.000000	0.919373
619.440000	0.984464	0.917575	0.000000	0.917575
629.310000	0.990013	0.915781	0.000000	0.915781
639.150000	0.993064	0.913995	0.000000	0.913995
649.008000	0.985296	0.912210	0.000000	0.912210
658.848000	0.980302	0.910431	0.000000	0.910431
668.730000	0.964766	0.908648	0.000000	0.908648
678.624000	0.964766	0.906867	0.000000	0.906867
688.482000	0.950063	0.905096	0.000000	0.905096
698.352000	0.938411	0.903326	0.000000	0.903326
708.210000	0.936469	0.901561	0.000000	0.901561
718.068000	0.927868	0.899800	0.000000	0.899800
727.938000	0.909558	0.898040	0.000000	0.898040
737.808000	0.905119	0.896284	0.000000	0.896284
747.642000	0.890693	0.894538	0.000000	0.894538
757.494000	0.884312	0.892791	0.000000	0.892791
767.316000	0.883480	0.891054	0.000000	0.891054
777.126000	0.880705	0.889322	0.000000	0.889322
786.960000	0.873769	0.887589	0.000000	0.887589
796.842000	0.865447	0.885851	0.000000	0.885851
806.718000	0.864614	0.884117	0.000000	0.884117
816.540000	0.856291	0.882397	0.000000	0.882397
826.410000	0.857401	0.880671	0.000000	0.880671
836.280000	0.853240	0.878949	0.000000	0.878949
846.102000	0.846027	0.877238	0.000000	0.877238
856.002000	0.840200	0.875517	0.000000	0.875517
865.908000	0.838258	0.873799	0.000000	0.873799
875.730000	0.835207	0.872098	0.000000	0.872098
885.570000	0.831878	0.870398	0.000000	0.870398
895.428000	0.828826	0.868698	0.000000	0.868698
905.286000	0.823832	0.867001	0.000000	0.867001
915.138000	0.824387	0.865308	0.000000	0.865308
924.960000	0.813845	0.863624	0.000000	0.863624
934.812000	0.821890	0.861938	0.000000	0.861938
944.718000	0.814400	0.860246	0.000000	0.860246
954.612000	0.814954	0.858560	0.000000	0.858560
964.434000	0.812735	0.856889	0.000000	0.856889
974.274000	0.809961	0.855218	0.000000	0.855218
984.132000	0.808019	0.853548	0.000000	0.853548
993.984000	0.804967	0.851882	0.000000	0.851882
1003.824000	0.807464	0.850221	0.000000	0.850221
1013.682000	0.805522	0.848560	0.000000	0.848560
1023.552000	0.803857	0.846900	0.000000	0.846900
1033.392000	0.797754	0.845249	0.000000	0.845249
1043.214000	0.797199	0.843604	0.000000	0.843604
1053.120000	0.793037	0.841948	0.000000	0.841948
1062.960000	0.786934	0.840307	0.000000	0.840307
1072.794000	0.793870	0.838669	0.000000	0.838669
1082.652000	0.789153	0.837031	0.000000	0.837031
1092.510000	0.787489	0.835396	0.000000	0.835396
1102.368000	0.786657	0.833764	0.000000	0.833764
1112.202000	0.781108	0.832140	0.000000	0.832140
1122.030000	0.781108	0.830519	0.000000	0.830519
1131.888000	0.782495	0.828897	0.000000	0.828897
1141.710000	0.778611	0.827284	0.000000	0.827284
1151.580000	0.778334	0.825666	0.000000	0.825666
1161.438000	0.771398	0.824053	0.000000	0.824053
1171.290000	0.769456	0.822444	0.000000	0.822444
1181.142000	0.764740	0.820839	0.000000	0.820839
1191.012000	0.770566	0.819234	0.000000	0.819234
1200.852000	0.770288	0.817636	0.000000	0.817636
1210.692000	0.773063	0.816042	0.000000	0.816042
1220.514000	0.766959	0.814454	0.000000	0.814454
1230.408000	0.763352	0.812857	0.000000	0.812857
1240.224000	0.765849	0.811276	0.000000	0.811276
1250.100000	0.759468	0.809689	0.000000	0.809689
1259.958000	0.761133	0.808107	0.000000	0.808107
1269.780000	0.755862	0.806534	0.000000	0.806534
1279.632000	0.758636	0.804960	0.000000	0.804960
1289.460000	0.759468	0.803392	0.000000	0.803392
1299.300000	0.757526	0.801826	0.000000	0.801826
1309.152000	0.750313	0.800261	0.000000	0.800261
1318.992000	0.757526	0.798700	0.000000	0.798700
1328.868000	0.751978	0.797137	0.000000	0.797137
1338.690000	0.753642	0.795586	0.000000	0.795586
1348.542000	0.751423	0.794033	0.000000	0.794033
1358.406000	0.756139	0.792481	0.000000	0.792481
1368.246000	0.751978	0.790936	0.000000	0.790936
1378.116000	0.750591	0.789389	0.000000	0.789389
1387.950000	0.740603	0.787851	0.000000	0.787851
1397.790000	0.752810	0.786315	0.000000	0.786315
1407.660000	0.750591	0.784777	0.000000	0.784777
1417.482000	0.745042	0.783250	0.000000	0.783250
1427.334000	0.741436	0.781721	0.000000	0.781721
1437.192000	0.747816	0.780194	0.000000	0.780194
1447.032000	0.746984	0.778672	0.000000	0.778672
1456.914000	0.748094	0.777148	0.000000	0.777148
1466.754000	0.735332	0.775632	0.000000	0.775632
1476.606000	0.741158	0.774118	0.000000	0.774118
1486.464000	0.741436	0.772606	0.000000	0.772606
1496.298000	0.737274	0.771101	0.000000	0.771101
1506.156000	0.738661	0.769595	0.000000	0.769595
1516.026000	0.740048	0.768089	0.000000	0.768089
1525.884000	0.736164	0.766589	0.000000	0.766589
1535.724000	0.735055	0.765094	0.000000	0.765094
1545.576000	0.736164	0.763601	0.000000	0.763601
1555.416000	0.733113	0.762112	0.000000	0.762112
1565.274000	0.734222	0.760623	0.000000	0.760623
1575.144000	0.727287	0.759136	0.000000	0.759136
1584.966000	0.728396	0.757658	0.000000	0.757658
1594.824000	0.726732	0.756178	0.000000	0.756178
1604.676000	0.730061	0.754702	0.000000	0.754702
1614.516000	0.723403	0.753231	0.000000	0.753231
1624.326000	0.725345	0.751767	0.000000	0.751767
1634.148000	0.725899	0.750304	0.000000	0.750304
1644.018000	0.722570	0.748836	0.000000	0.748836
1653.870000	0.720351	0.747374	0.000000	0.747374
1663.710000	0.722293	0.745917	0.000000	0.745917
1673.568000	0.723957	0.744460	0.000000	0.744460
1683.402000	0.724235	0.743010	0.000000	0.743010
1693.272000	0.717022	0.741556	0.000000	0.741556
1703.112000	0.715357	0.740111	0.000000	0.740111
1713.018000	0.720906	0.738658	0.000000	0.738658
1722.858000	0.716467	0.737218	0.000000	0.737218
1732.698000	0.714247	0.735780	0.000000	0.735780
1742.550000	0.722015	0.734344	0.000000	0.734344
1752.444000	0.721461	0.732904	0.000000	0.732904
1762.284000	0.720351	0.731475	0.000000	0.731475
1772.118000	0.712028	0.730050	0.000000	0.730050
1781.976000	0.714247	0.728624	0.000000	0.728624
1791.834000	0.708976	0.727201	0.000000	0.727201
1801.656000	0.706479	0.725785	0.000000	0.725785
1811.544000	0.716744	0.724363	0.000000	0.724363
1821.402000	0.708976	0.722949	0.000000	0.722949
1831.206000	0.710918	0.721544	0.000000	0.721544
1841.094000	0.713415	0.720130	0.000000	0.720130
1850.946000	0.704537	0.718725	0.000000	0.718725
1860.786000	0.702873	0.717323	0.000000	0.717323
1870.674000	0.708144	0.715918	0.000000	0.715918
1880.526000	0.705370	0.714520	0.000000	0.714520
1890.348000	0.701763	0.713130	0.000000	0.713130
1900.188000	0.702041	0.711739	0.000000	0.711739
1910.106000	0.700653	0.710341	0.000000	0.710341
1919.928000	0.699266	0.708958	0.000000	0.708958
1929.798000	0.705647	0.707572	0.000000	0.707572
1939.668000	0.697879	0.706188	0.000000	0.706188
1949.526000	0.701486	0.704808	0.000000	0.704808
1959.402000	0.696492	0.703429	0.000000	0.703429
1969.236000	0.701208	0.702059	0.000000	0.702059
1979.088000	0.696769	0.700688	0.000000	0.700688
1988.928000	0.694827	0.699322	0.000000	0.699322
1998.780000	0.693718	0.697957	0.000000	0.697957
2008.656000	0.694827	0.696591	0.000000	0.696591
2018.490000	0.699544	0.695234	0.000000	0.695234
2028.360000	0.697324	0.693874	0.000000	0.693874
2038.200000	0.693995	0.692521	0.000000	0.692521
2048.022000	0.695382	0.691173	0.000000	0.691173
2057.880000	0.691498	0.689823	0.000000	0.689823
2067.768000	0.688169	0.688472	0.000000	0.688472
2077.638000	0.686782	0.687125	0.000000	0.687125
2087.502000	0.687614	0.685782	0.000000	0.685782
2097.360000	0.692330	0.684443	0.000000	0.684443
2107.200000	0.688169	0.683108	0.000000	0.683108
2117.040000	0.687337	0.681776	0.000000	0.681776
2126.910000	0.685950	0.680443	0.000000	0.680443
2136.774000	0.684285	0.679113	0.000000	0.679113
2146.578000	0.685950	0.677794	0.000000	0.677794
2156.400000	0.686227	0.676475	0.000000	0.676475
2166.240000	0.690111	0.675156	0.000000	0.675156
2176.062000	0.685395	0.673842	0.000000	0.673842
2185.866000	0.686504	0.672533	0.000000	0.672533
2195.706000	0.687059	0.671221	0.000000	0.671221
2205.546000	0.680124	0.669913	0.000000	0.669913
2215.368000	0.687892	0.668609	0.000000	0.668609
2225.238000	0.682620	0.667301	0.000000	0.667301
2235.078000	0.678736	0.666000	0.000000	0.666000
2244.900000	0.684562	0.664704	0.000000	0.664704
2254.740000	0.683730	0.663408	0.000000	0.663408
2264.574000	0.678182	0.662115	0.000000	0.662115
2274.426000	0.680678	0.660823	0.000000	0.660823
2284.254000	0.678459	0.659536	0.000000	0.659536
2294.142000	0.675962	0.658244	0.000000	0.658244
2304.012000	0.678182	0.656956	0.000000	0.656956
2313.852000	0.680956	0.655675	0.000000	0.655675
2323.692000	0.672078	0.654397	0.000000	0.654397
2333.514000	0.678182	0.653123	0.000000	0.653123
2343.402000	0.670691	0.651844	0.000000	0.651844
2353.260000	0.669304	0.650571	0.000000	0.650571
2363.130000	0.675685	0.649298	0.000000	0.649298
2373.006000	0.672910	0.648028	0.000000	0.648028
2382.846000	0.673465	0.646764	0.000000	0.646764
2392.716000	0.671246	0.645499	0.000000	0.645499
2402.556000	0.667362	0.644241	0.000000	0.644241
2412.378000	0.674020	0.642987	0.000000	0.642987
2422.218000	0.664865	0.641733	0.000000	0.641733
2432.040000	0.671246	0.640484	0.000000	0.640484
2441.844000	0.670691	0.639240	0.000000	0.639240
2451.684000	0.669581	0.637994	0.000000	0.637994
2461.536000	0.671246	0.636748	0.000000	0.636748
2471.424000	0.670968	0.635501	0.000000	0.635501
2481.270000	0.672078	0.634261	0.000000	0.634261
2491.122000	0.674852	0.633023	0.000000	0.633023
2500.962000	0.669859	0.631788	0.000000	0.631788
2510.802000	0.666252	0.630557	0.000000	0.630557
2520.672000	0.670414	0.629323	0.000000	0.629323
2530.512000	0.668749	0.628096	0.000000	0.628096
2540.334000	0.662923	0.626874	0.000000	0.626874
2550.174000	0.664865	0.625652	0.000000	0.625652
2559.978000	0.665697	0.624436	0.000000	0.624436
2569.854000	0.664033	0.623214	0.000000	0.623214
2579.694000	0.656542	0.621999	0.000000	0.621999
2589.516000	0.662923	0.620789	0.000000	0.620789
2599.350000	0.661258	0.619579	0.000000	0.619579
2609.160000	0.661536	0.618375	0.000000	0.618375
2618.982000	0.664310	0.617171	0.000000	0.617171
2628.822000	0.659039	0.615968	0.000000	0.615968
2638.662000	0.662368	0.614767	0.000000	0.614767
2648.466000	0.657929	0.613573	0.000000	0.613573
2658.288000	0.658761	0.612379	0.000000	0.612379
2668.176000	0.659039	0.611179	0.000000	0.611179
2678.004000	0.659039	0.609989	0.000000	0.609989
2687.874000	0.656542	0.608796	0.000000	0.608796
2697.744000	0.658207	0.607605	0.000000	0.607605
2707.590000	0.655710	0.606420	0.000000	0.606420
2717.412000	0.656542	0.605239	0.000000	0.605239
