Time (s)	Exp_data	Gamma_E	Gamma_I	Gamma_T
147.396000	0.023170	0.000000	0.000000	0.000000
157.248000	0.191570	0.305774	0.001472	0.307246
167.070000	0.428495	0.511974	0.005218	0.517192
176.910000	0.703983	0.650903	0.010510	0.661413
186.750000	0.847969	0.743451	0.016835	0.760286
196.590000	0.886254	0.804245	0.023842	0.828087
206.448000	0.896241	0.843360	0.031309	0.874669
216.288000	0.902622	0.867529	0.039043	0.906572
226.128000	0.923152	0.881541	0.046946	0.928487
235.968000	0.924262	0.888615	0.054943	0.943558
245.802000	0.921765	0.890958	0.062976	0.953935
255.630000	0.942572	0.890087	0.071010	0.961097
265.452000	0.945901	0.887038	0.079021	0.966059
275.310000	0.941740	0.882499	0.087026	0.969525
285.150000	0.942295	0.876978	0.094971	0.971949
294.972000	0.951450	0.870811	0.102849	0.973660
304.794000	0.946179	0.864217	0.110668	0.974885
314.616000	0.961160	0.857350	0.118428	0.975778
324.456000	0.966431	0.850304	0.126138	0.976442
334.278000	0.962824	0.843178	0.133770	0.976948
344.148000	0.971147	0.835972	0.141375	0.977347
353.952000	0.972534	0.828805	0.148864	0.977669
363.774000	0.972257	0.821638	0.156303	0.977940
373.620000	0.968650	0.814481	0.163695	0.978176
383.490000	0.978638	0.807347	0.171040	0.978387
393.324000	0.976418	0.800286	0.178294	0.978580
403.182000	0.982799	0.793258	0.185502	0.978761
412.986000	0.982522	0.786323	0.192608	0.978931
422.796000	0.983909	0.779440	0.199656	0.979096
432.672000	0.982244	0.772567	0.206689	0.979256
442.494000	0.990567	0.765790	0.213623	0.979412
452.334000	0.987516	0.759058	0.220507	0.979565
462.174000	0.981135	0.752384	0.227332	0.979716
471.996000	0.981412	0.745781	0.234084	0.979864
481.806000	0.983077	0.739242	0.240769	0.980011
491.646000	0.980580	0.732741	0.247415	0.980156
501.480000	0.985296	0.726301	0.253998	0.980299
511.308000	0.994174	0.719921	0.260520	0.980441
521.112000	0.993064	0.713612	0.266969	0.980582
530.922000	0.993619	0.707355	0.273366	0.980721
540.726000	0.986683	0.701157	0.279702	0.980859
550.578000	0.986683	0.694982	0.286013	0.980996
560.400000	0.990567	0.688881	0.292250	0.981131
570.228000	0.988071	0.682829	0.298436	0.981266
580.086000	1.000000	0.676813	0.304586	0.981399
589.926000	0.991400	0.665813	0.310650	0.976464
599.760000	0.979470	0.654567	0.316608	0.971176
609.570000	0.987793	0.643538	0.322451	0.965990
619.440000	0.984464	0.632629	0.328231	0.960860
629.310000	0.990013	0.621905	0.333912	0.955818
639.150000	0.993064	0.611395	0.339481	0.950875
649.008000	0.985296	0.601043	0.344965	0.946008
658.848000	0.980302	0.590885	0.350347	0.941232
668.730000	0.964766	0.580856	0.355660	0.936516
678.624000	0.964766	0.570986	0.360889	0.931875
688.482000	0.950063	0.561319	0.366011	0.927329
698.352000	0.938411	0.551803	0.371052	0.922855
708.210000	0.936469	0.542460	0.376002	0.918462
718.068000	0.927868	0.533276	0.380867	0.914143
727.938000	0.909558	0.524236	0.385657	0.909893
737.808000	0.905119	0.515349	0.390365	0.905714
747.642000	0.890693	0.506645	0.394976	0.901621
757.494000	0.884312	0.498072	0.399518	0.897590
767.316000	0.883480	0.489669	0.403970	0.893639
777.126000	0.880705	0.481419	0.408341	0.889760
786.960000	0.873769	0.473287	0.412649	0.885936
796.842000	0.865447	0.465255	0.416905	0.882159
806.718000	0.864614	0.457363	0.421085	0.878449
816.540000	0.856291	0.449647	0.425173	0.874821
826.410000	0.857401	0.442025	0.429211	0.871236
836.280000	0.853240	0.434532	0.433181	0.867713
846.102000	0.846027	0.427201	0.437065	0.864266
856.002000	0.840200	0.419938	0.440913	0.860851
865.908000	0.838258	0.412793	0.444698	0.857491
875.730000	0.835207	0.405830	0.448387	0.854217
885.570000	0.831878	0.398971	0.452021	0.850992
895.428000	0.828826	0.392216	0.455600	0.847816
905.286000	0.823832	0.385575	0.459118	0.844693
915.138000	0.824387	0.379051	0.462575	0.841625
924.960000	0.813845	0.372656	0.465962	0.838619
934.812000	0.821890	0.366350	0.469303	0.835654
944.718000	0.814400	0.360118	0.472605	0.832723
954.612000	0.814954	0.353998	0.475847	0.829846
964.434000	0.812735	0.348026	0.479011	0.827037
974.274000	0.809961	0.342145	0.482127	0.824272
984.132000	0.808019	0.336352	0.485196	0.821548
993.984000	0.804967	0.330660	0.488211	0.818872
1003.824000	0.807464	0.325072	0.491172	0.816244
1013.682000	0.805522	0.319568	0.494088	0.813656
1023.552000	0.803857	0.314151	0.496958	0.811109
1033.392000	0.797754	0.308841	0.499771	0.808612
1043.214000	0.797199	0.303631	0.502531	0.806162
1053.120000	0.793037	0.298466	0.505268	0.803734
1062.960000	0.786934	0.293421	0.507940	0.801362
1072.794000	0.793870	0.288465	0.510566	0.799031
1082.652000	0.789153	0.283581	0.513154	0.796735
1092.510000	0.787489	0.278780	0.515697	0.794477
1102.368000	0.786657	0.274060	0.518198	0.792258
1112.202000	0.781108	0.269431	0.520650	0.790081
1122.030000	0.781108	0.264883	0.523060	0.787943
1131.888000	0.782495	0.260398	0.525436	0.785834
1141.710000	0.778611	0.256005	0.527763	0.783768
1151.580000	0.778334	0.251665	0.530062	0.781728
1161.438000	0.771398	0.247404	0.532320	0.779724
1171.290000	0.769456	0.243218	0.534538	0.777756
1181.142000	0.764740	0.239102	0.536718	0.775820
1191.012000	0.770566	0.235049	0.538865	0.773915
1200.852000	0.770288	0.231077	0.540970	0.772047
1210.692000	0.773063	0.227171	0.543039	0.770210
1220.514000	0.766959	0.223339	0.545069	0.768408
1230.408000	0.763352	0.219544	0.547080	0.766624
1240.224000	0.765849	0.215843	0.549041	0.764883
1250.100000	0.759468	0.212181	0.550981	0.763162
1259.958000	0.761133	0.208589	0.552884	0.761473
1269.780000	0.755862	0.205070	0.554748	0.759818
1279.632000	0.758636	0.201600	0.556586	0.758186
1289.460000	0.759468	0.198197	0.558389	0.756586
1299.300000	0.757526	0.194847	0.560164	0.755011
1309.152000	0.750313	0.191550	0.561911	0.753461
1318.992000	0.757526	0.188313	0.563626	0.751939
1328.868000	0.751978	0.185119	0.565318	0.750437
1338.690000	0.753642	0.181996	0.566973	0.748968
1348.542000	0.751423	0.178916	0.568604	0.747520
1358.406000	0.756139	0.175885	0.570210	0.746095
1368.246000	0.751978	0.172913	0.571785	0.744697
1378.116000	0.750591	0.169981	0.573338	0.743319
1387.950000	0.740603	0.167110	0.574859	0.741969
1397.790000	0.752810	0.164286	0.576355	0.740641
1407.660000	0.750591	0.161501	0.577830	0.739332
1417.482000	0.745042	0.158777	0.579274	0.738051
1427.334000	0.741436	0.156090	0.580697	0.736787
1437.192000	0.747816	0.153447	0.582097	0.735545
1447.032000	0.746984	0.150854	0.583471	0.734325
1456.914000	0.748094	0.148294	0.584828	0.733121
1466.754000	0.735332	0.145787	0.586156	0.731943
1476.606000	0.741158	0.143320	0.587462	0.730783
1486.464000	0.741436	0.140894	0.588748	0.729642
1496.298000	0.737274	0.138514	0.590009	0.728523
1506.156000	0.738661	0.136169	0.591251	0.727420
1516.026000	0.740048	0.133861	0.592474	0.726335
1525.884000	0.736164	0.131594	0.593675	0.725269
1535.724000	0.735055	0.129370	0.594853	0.724223
1545.576000	0.736164	0.127181	0.596013	0.723194
1555.416000	0.733113	0.125032	0.597152	0.722183
1565.274000	0.734222	0.122915	0.598273	0.721188
1575.144000	0.727287	0.120831	0.599377	0.720208
1584.966000	0.728396	0.118793	0.600457	0.719250
1594.824000	0.726732	0.116781	0.601523	0.718304
1604.676000	0.730061	0.114805	0.602570	0.717375
1614.516000	0.723403	0.112865	0.603598	0.716463
1624.326000	0.725345	0.110963	0.604605	0.715568
1634.148000	0.725899	0.109091	0.605597	0.714688
1644.018000	0.722570	0.107242	0.606577	0.713819
1653.870000	0.720351	0.105427	0.607538	0.712965
1663.710000	0.722293	0.103646	0.608482	0.712127
1673.568000	0.723957	0.101891	0.609412	0.711302
1683.402000	0.724235	0.100170	0.610323	0.710493
1693.272000	0.717022	0.098472	0.611223	0.709695
1703.112000	0.715357	0.096807	0.612105	0.708912
1713.018000	0.720906	0.095160	0.612977	0.708138
1722.858000	0.716467	0.093552	0.613829	0.707381
1732.698000	0.714247	0.091971	0.614667	0.706638
1742.550000	0.722015	0.090415	0.615491	0.705906
1752.444000	0.721461	0.088879	0.616305	0.705184
1762.284000	0.720351	0.087376	0.617101	0.704478
1772.118000	0.712028	0.085901	0.617883	0.703784
1781.976000	0.714247	0.084446	0.618654	0.703100
1791.834000	0.708976	0.083016	0.619411	0.702427
1801.656000	0.706479	0.081616	0.620153	0.701769
1811.544000	0.716744	0.080230	0.620887	0.701117
1821.402000	0.708976	0.078871	0.621607	0.700478
1831.206000	0.710918	0.077543	0.622311	0.699854
1841.094000	0.713415	0.076226	0.623008	0.699235
1850.946000	0.704537	0.074937	0.623692	0.698628
1860.786000	0.702873	0.073670	0.624363	0.698033
1870.674000	0.708144	0.072419	0.625025	0.697444
1880.526000	0.705370	0.071194	0.625675	0.696868
1890.348000	0.701763	0.069993	0.626311	0.696304
1900.188000	0.702041	0.068810	0.626938	0.695747
1910.106000	0.700653	0.067638	0.627559	0.695196
1919.928000	0.699266	0.066497	0.628163	0.694660
1929.798000	0.705647	0.065369	0.628760	0.694130
1939.668000	0.697879	0.064261	0.629347	0.693609
1949.526000	0.701486	0.063173	0.629924	0.693097
1959.402000	0.696492	0.062102	0.630491	0.692593
1969.236000	0.701208	0.061053	0.631047	0.692100
1979.088000	0.696769	0.060020	0.631595	0.691614
1988.928000	0.694827	0.059005	0.632132	0.691137
1998.780000	0.693718	0.058007	0.632661	0.690668
2008.656000	0.694827	0.057023	0.633182	0.690205
2018.490000	0.699544	0.056060	0.633692	0.689752
2028.360000	0.697324	0.055110	0.634196	0.689305
2038.200000	0.693995	0.054178	0.634689	0.688867
2048.022000	0.695382	0.053264	0.635174	0.688438
2057.880000	0.691498	0.052362	0.635651	0.688014
2067.768000	0.688169	0.051473	0.636122	0.687596
2077.638000	0.686782	0.050601	0.636585	0.687185
2087.502000	0.687614	0.049743	0.637039	0.686782
2097.360000	0.692330	0.048901	0.637485	0.686386
2107.200000	0.688169	0.048075	0.637923	0.685998
2117.040000	0.687337	0.047262	0.638353	0.685615
2126.910000	0.685950	0.046461	0.638778	0.685239
2136.774000	0.684285	0.045674	0.639195	0.684869
2146.578000	0.685950	0.044905	0.639602	0.684507
2156.400000	0.686227	0.044147	0.640004	0.684151
2166.240000	0.690111	0.043401	0.640399	0.683800
2176.062000	0.685395	0.042669	0.640787	0.683456
2185.866000	0.686504	0.041950	0.641167	0.683118
2195.706000	0.687059	0.041241	0.641543	0.682784
2205.546000	0.680124	0.040544	0.641912	0.682457
2215.368000	0.687892	0.039860	0.642275	0.682135
2225.238000	0.682620	0.039185	0.642633	0.681817
2235.078000	0.678736	0.038522	0.642984	0.681506
2244.900000	0.684562	0.037873	0.643328	0.681200
2254.740000	0.683730	0.037233	0.643667	0.680899
2264.574000	0.678182	0.036604	0.644000	0.680604
2274.426000	0.680678	0.035984	0.644328	0.680313
2284.254000	0.678459	0.035377	0.644650	0.680027
2294.142000	0.675962	0.034776	0.644968	0.679744
2304.012000	0.678182	0.034187	0.645281	0.679467
2313.852000	0.680956	0.033609	0.645587	0.679196
2323.692000	0.672078	0.033041	0.645888	0.678928
2333.514000	0.678182	0.032483	0.646183	0.678666
2343.402000	0.670691	0.031932	0.646475	0.678407
2353.260000	0.669304	0.031391	0.646762	0.678153
2363.130000	0.675685	0.030859	0.647044	0.677903
2373.006000	0.672910	0.030336	0.647321	0.677656
2382.846000	0.673465	0.029823	0.647593	0.677415
2392.716000	0.671246	0.029317	0.647860	0.677178
2402.556000	0.667362	0.028822	0.648123	0.676945
2412.378000	0.674020	0.028336	0.648380	0.676716
2422.218000	0.664865	0.027857	0.648634	0.676491
2432.040000	0.671246	0.027387	0.648883	0.676270
2441.844000	0.670691	0.026926	0.649127	0.676053
2451.684000	0.669581	0.026471	0.649369	0.675839
2461.536000	0.671246	0.026023	0.649606	0.675628
2471.424000	0.670968	0.025581	0.649840	0.675421
2481.270000	0.672078	0.025148	0.650069	0.675217
2491.122000	0.674852	0.024723	0.650295	0.675017
2500.962000	0.669859	0.024305	0.650516	0.674821
2510.802000	0.666252	0.023894	0.650734	0.674628
2520.672000	0.670414	0.023489	0.650948	0.674437
2530.512000	0.668749	0.023092	0.651158	0.674250
2540.334000	0.662923	0.022702	0.651365	0.674067
2550.174000	0.664865	0.022319	0.651568	0.673887
2559.978000	0.665697	0.021943	0.651767	0.673710
2569.854000	0.664033	0.021571	0.651964	0.673535
2579.694000	0.656542	0.021206	0.652158	0.673364
2589.516000	0.662923	0.020848	0.652347	0.673196
2599.350000	0.661258	0.020496	0.652534	0.673030
2609.160000	0.661536	0.020151	0.652717	0.672868
2618.982000	0.664310	0.019811	0.652897	0.672708
2628.822000	0.659039	0.019476	0.653074	0.672550
2638.662000	0.662368	0.019147	0.653249	0.672395
2648.466000	0.657929	0.018825	0.653419	0.672244
2658.288000	0.658761	0.018507	0.653588	0.672095
2668.176000	0.659039	0.018193	0.653754	0.671947
2678.004000	0.659039	0.017886	0.653917	0.671802
2687.874000	0.656542	0.017582	0.654077	0.671660
2697.744000	0.658207	0.017284	0.654235	0.671520
2707.590000	0.655710	0.016992	0.654390	0.671382
2717.412000	0.656542	0.016705	0.654542	0.671247
