Time (s)	Exp_data	Gamma_E	Gamma_I	Gamma_T
147.396000	0.023170	0.000000	0.000000	0.000000
157.248000	0.191570	0.161240	0.162480	0.323720
167.070000	0.428495	0.266858	0.272218	0.539075
176.910000	0.703983	0.335868	0.347247	0.683115
186.750000	0.847969	0.380319	0.398950	0.779269
196.590000	0.886254	0.408407	0.435077	0.843484
206.448000	0.896241	0.425620	0.460840	0.886460
216.288000	0.902622	0.435545	0.479597	0.915142
226.128000	0.923152	0.440651	0.493702	0.934353
235.968000	0.924262	0.442558	0.504689	0.947246
245.802000	0.921765	0.442346	0.513575	0.955921
255.630000	0.942572	0.440740	0.521044	0.961784
265.452000	0.945901	0.438218	0.527554	0.965772
275.310000	0.941740	0.435088	0.533432	0.968520
285.150000	0.942295	0.431579	0.538846	0.970425
294.972000	0.951450	0.427834	0.543935	0.971769
304.794000	0.946179	0.423942	0.548798	0.972741
314.616000	0.961160	0.419966	0.553497	0.973463
324.456000	0.966431	0.415940	0.558080	0.974020
334.278000	0.962824	0.411906	0.562557	0.974463
344.148000	0.971147	0.407857	0.566975	0.974832
353.952000	0.972534	0.403850	0.571298	0.975148
363.774000	0.972257	0.399860	0.575570	0.975430
373.620000	0.968650	0.395889	0.579799	0.975688
383.490000	0.978638	0.391940	0.583990	0.975930
393.324000	0.976418	0.388041	0.588118	0.976159
403.182000	0.982799	0.384168	0.592213	0.976380
412.986000	0.982522	0.380352	0.596242	0.976594
422.796000	0.983909	0.376570	0.600233	0.976803
432.672000	0.982244	0.372801	0.604209	0.977009
442.494000	0.990567	0.369088	0.608123	0.977211
452.334000	0.987516	0.365405	0.612005	0.977411
462.174000	0.981135	0.361759	0.615848	0.977608
471.996000	0.981412	0.358156	0.619646	0.977802
481.806000	0.983077	0.354593	0.623401	0.977994
491.646000	0.980580	0.351054	0.627130	0.978184
501.480000	0.985296	0.347553	0.630819	0.978372
511.308000	0.994174	0.344089	0.634470	0.978558
521.112000	0.993064	0.340667	0.638075	0.978742
530.922000	0.993619	0.337278	0.641646	0.978924
540.726000	0.986683	0.333924	0.645180	0.979104
550.578000	0.986683	0.330587	0.648696	0.979283
560.400000	0.990567	0.327294	0.652166	0.979460
570.228000	0.988071	0.324032	0.655603	0.979635
580.086000	1.000000	0.320792	0.659017	0.979809
589.926000	0.991400	0.317591	0.662390	0.979981
599.760000	0.979470	0.314423	0.665728	0.980151
609.570000	0.987793	0.311295	0.669024	0.980319
619.440000	0.984464	0.308179	0.672308	0.980486
629.310000	0.990013	0.302056	0.672500	0.974556
639.150000	0.993064	0.295887	0.672500	0.968387
649.008000	0.985296	0.289833	0.672500	0.962334
658.848000	0.980302	0.283914	0.672500	0.956415
668.730000	0.964766	0.278092	0.672500	0.950592
678.624000	0.964766	0.272381	0.672500	0.944882
688.482000	0.950063	0.266809	0.672500	0.939309
698.352000	0.938411	0.261343	0.672500	0.933844
708.210000	0.936469	0.255997	0.672500	0.928497
718.068000	0.927868	0.250759	0.672500	0.923260
727.938000	0.909558	0.245623	0.672500	0.918123
737.808000	0.905119	0.240591	0.672500	0.913092
747.642000	0.890693	0.235681	0.672500	0.908181
757.494000	0.884312	0.230862	0.672500	0.903362
767.316000	0.883480	0.226156	0.672500	0.898656
777.126000	0.880705	0.221551	0.672500	0.894052
786.960000	0.873769	0.217029	0.672500	0.889530
796.842000	0.865447	0.212578	0.672500	0.885079
806.718000	0.864614	0.208221	0.672500	0.880722
816.540000	0.856291	0.203977	0.672500	0.876477
826.410000	0.857401	0.199798	0.672500	0.872299
836.280000	0.853240	0.195706	0.672500	0.868206
846.102000	0.846027	0.191716	0.672500	0.864217
856.002000	0.840200	0.187777	0.672500	0.860278
865.908000	0.838258	0.183917	0.672500	0.856418
875.730000	0.835207	0.180168	0.672500	0.852668
885.570000	0.831878	0.176488	0.672500	0.848989
895.428000	0.828826	0.172878	0.672500	0.845378
905.286000	0.823832	0.169341	0.672500	0.841841
915.138000	0.824387	0.165878	0.672500	0.838379
924.960000	0.813845	0.162497	0.672500	0.834997
934.812000	0.821890	0.159174	0.672500	0.831675
944.718000	0.814400	0.155902	0.672500	0.828402
954.612000	0.814954	0.152701	0.672500	0.825201
964.434000	0.812735	0.149588	0.672500	0.822088
974.274000	0.809961	0.146533	0.672500	0.819033
984.132000	0.808019	0.143535	0.672500	0.816035
993.984000	0.804967	0.140600	0.672500	0.813101
1003.824000	0.807464	0.137729	0.672500	0.810229
1013.682000	0.805522	0.134911	0.672500	0.807411
1023.552000	0.803857	0.132147	0.672500	0.804648
1033.392000	0.797754	0.129449	0.672500	0.801949
1043.214000	0.797199	0.126810	0.672500	0.799310
1053.120000	0.793037	0.124203	0.672500	0.796703
1062.960000	0.786934	0.121666	0.672500	0.794167
1072.794000	0.793870	0.119183	0.672500	0.791684
1082.652000	0.789153	0.116745	0.672500	0.789245
1092.510000	0.787489	0.114356	0.672500	0.786857
1102.368000	0.786657	0.112017	0.672500	0.784517
1112.202000	0.781108	0.109730	0.672500	0.782231
1122.030000	0.781108	0.107492	0.672500	0.779993
1131.888000	0.782495	0.105293	0.672500	0.777793
1141.710000	0.778611	0.103147	0.672500	0.775647
1151.580000	0.778334	0.101034	0.672500	0.773534
1161.438000	0.771398	0.098967	0.672500	0.771467
1171.290000	0.769456	0.096943	0.672500	0.769444
1181.142000	0.764740	0.094961	0.672500	0.767461
1191.012000	0.770566	0.093016	0.672500	0.765516
1200.852000	0.770288	0.091116	0.672500	0.763617
1210.692000	0.773063	0.089255	0.672500	0.761756
1220.514000	0.766959	0.087436	0.672500	0.759936
1230.408000	0.763352	0.085641	0.672500	0.758141
1240.224000	0.765849	0.083896	0.672500	0.756396
1250.100000	0.759468	0.082176	0.672500	0.754677
1259.958000	0.761133	0.080495	0.672500	0.752995
1269.780000	0.755862	0.078854	0.672500	0.751355
1279.632000	0.758636	0.077242	0.672500	0.749742
1289.460000	0.759468	0.075666	0.672500	0.748167
1299.300000	0.757526	0.074121	0.672500	0.746621
1309.152000	0.750313	0.072605	0.672500	0.745106
1318.992000	0.757526	0.071123	0.672500	0.743623
1328.868000	0.751978	0.069665	0.672500	0.742165
1338.690000	0.753642	0.068245	0.672500	0.740745
1348.542000	0.751423	0.066849	0.672500	0.739350
1358.406000	0.756139	0.065481	0.672500	0.737981
1368.246000	0.751978	0.064144	0.672500	0.736644
1378.116000	0.750591	0.062830	0.672500	0.735330
1387.950000	0.740603	0.061547	0.672500	0.734048
1397.790000	0.752810	0.060290	0.672500	0.732791
1407.660000	0.750591	0.059055	0.672500	0.731556
1417.482000	0.745042	0.057852	0.672500	0.730352
1427.334000	0.741436	0.056669	0.672500	0.729169
1437.192000	0.747816	0.055509	0.672500	0.728010
1447.032000	0.746984	0.054376	0.672500	0.726876
1456.914000	0.748094	0.053260	0.672500	0.725761
1466.754000	0.735332	0.052173	0.672500	0.724673
1476.606000	0.741158	0.051106	0.672500	0.723606
1486.464000	0.741436	0.050060	0.672500	0.722561
1496.298000	0.737274	0.049039	0.672500	0.721539
1506.156000	0.738661	0.048035	0.672500	0.720536
1516.026000	0.740048	0.047051	0.672500	0.719552
1525.884000	0.736164	0.046089	0.672500	0.718589
1535.724000	0.735055	0.045148	0.672500	0.717648
1545.576000	0.736164	0.044224	0.672500	0.716725
1555.416000	0.733113	0.043321	0.672500	0.715822
1565.274000	0.734222	0.042435	0.672500	0.714935
1575.144000	0.727287	0.041566	0.672500	0.714066
1584.966000	0.728396	0.040718	0.672500	0.713219
1594.824000	0.726732	0.039885	0.672500	0.712386
1604.676000	0.730061	0.039070	0.672500	0.711570
1614.516000	0.723403	0.038272	0.672500	0.710772
1624.326000	0.725345	0.037493	0.672500	0.709993
1634.148000	0.725899	0.036728	0.672500	0.709229
1644.018000	0.722570	0.035976	0.672500	0.708477
1653.870000	0.720351	0.035240	0.672500	0.707741
1663.710000	0.722293	0.034521	0.672500	0.707021
1673.568000	0.723957	0.033814	0.672500	0.706315
1683.402000	0.724235	0.033124	0.672500	0.705625
1693.272000	0.717022	0.032446	0.672500	0.704946
1703.112000	0.715357	0.031783	0.672500	0.704284
1713.018000	0.720906	0.031130	0.672500	0.703630
1722.858000	0.716467	0.030494	0.672500	0.702995
1732.698000	0.714247	0.029871	0.672500	0.702372
1742.550000	0.722015	0.029261	0.672500	0.701761
1752.444000	0.721461	0.028660	0.672500	0.701160
1762.284000	0.720351	0.028074	0.672500	0.700575
1772.118000	0.712028	0.027501	0.672500	0.700002
1781.976000	0.714247	0.026939	0.672500	0.699439
1791.834000	0.708976	0.026388	0.672500	0.698888
1801.656000	0.706479	0.025850	0.672500	0.698350
1811.544000	0.716744	0.025319	0.672500	0.697820
1821.402000	0.708976	0.024801	0.672500	0.697302
1831.206000	0.710918	0.024297	0.672500	0.696797
1841.094000	0.713415	0.023798	0.672500	0.696298
1850.946000	0.704537	0.023311	0.672500	0.695812
1860.786000	0.702873	0.022835	0.672500	0.695336
1870.674000	0.708144	0.022367	0.672500	0.694867
1880.526000	0.705370	0.021909	0.672500	0.694410
1890.348000	0.701763	0.021463	0.672500	0.693963
1900.188000	0.702041	0.021024	0.672500	0.693525
1910.106000	0.700653	0.020592	0.672500	0.693092
1919.928000	0.699266	0.020172	0.672500	0.692672
1929.798000	0.705647	0.019759	0.672500	0.692259
1939.668000	0.697879	0.019354	0.672500	0.691854
1949.526000	0.701486	0.018958	0.672500	0.691459
1959.402000	0.696492	0.018569	0.672500	0.691070
1969.236000	0.701208	0.018190	0.672500	0.690691
1979.088000	0.696769	0.017819	0.672500	0.690319
1988.928000	0.694827	0.017455	0.672500	0.689955
1998.780000	0.693718	0.017098	0.672500	0.689598
2008.656000	0.694827	0.016747	0.672500	0.689248
2018.490000	0.699544	0.016405	0.672500	0.688906
2028.360000	0.697324	0.016069	0.672500	0.688570
2038.200000	0.693995	0.015741	0.672500	0.688242
2048.022000	0.695382	0.015420	0.672500	0.687921
2057.880000	0.691498	0.015105	0.672500	0.687605
2067.768000	0.688169	0.014795	0.672500	0.687295
2077.638000	0.686782	0.014492	0.672500	0.686992
2087.502000	0.687614	0.014195	0.672500	0.686696
2097.360000	0.692330	0.013905	0.672500	0.686405
2107.200000	0.688169	0.013621	0.672500	0.686121
2117.040000	0.687337	0.013343	0.672500	0.685843
2126.910000	0.685950	0.013069	0.672500	0.685570
2136.774000	0.684285	0.012802	0.672500	0.685302
2146.578000	0.685950	0.012541	0.672500	0.685042
2156.400000	0.686227	0.012286	0.672500	0.684786
2166.240000	0.690111	0.012035	0.672500	0.684535
2176.062000	0.685395	0.011789	0.672500	0.684290
2185.866000	0.686504	0.011550	0.672500	0.684050
2195.706000	0.687059	0.011314	0.672500	0.683814
2205.546000	0.680124	0.011083	0.672500	0.683583
2215.368000	0.687892	0.010857	0.672500	0.683357
2225.238000	0.682620	0.010634	0.672500	0.683135
2235.078000	0.678736	0.010417	0.672500	0.682918
2244.900000	0.684562	0.010205	0.672500	0.682705
2254.740000	0.683730	0.009996	0.672500	0.682497
2264.574000	0.678182	0.009792	0.672500	0.682293
2274.426000	0.680678	0.009592	0.672500	0.682093
2284.254000	0.678459	0.009396	0.672500	0.681897
2294.142000	0.675962	0.009204	0.672500	0.681704
2304.012000	0.678182	0.009015	0.672500	0.681516
2313.852000	0.680956	0.008831	0.672500	0.681331
2323.692000	0.672078	0.008651	0.672500	0.681151
2333.514000	0.678182	0.008474	0.672500	0.680975
2343.402000	0.670691	0.008300	0.672500	0.680801
2353.260000	0.669304	0.008131	0.672500	0.680631
2363.130000	0.675685	0.007964	0.672500	0.680465
2373.006000	0.672910	0.007801	0.672500	0.680301
2382.846000	0.673465	0.007641	0.672500	0.680142
2392.716000	0.671246	0.007485	0.672500	0.679985
2402.556000	0.667362	0.007332	0.672500	0.679833
2412.378000	0.674020	0.007183	0.672500	0.679683
2422.218000	0.664865	0.007036	0.672500	0.679536
2432.040000	0.671246	0.006893	0.672500	0.679393
2441.844000	0.670691	0.006752	0.672500	0.679253
2451.684000	0.669581	0.006614	0.672500	0.679115
2461.536000	0.671246	0.006479	0.672500	0.678980
2471.424000	0.670968	0.006346	0.672500	0.678847
2481.270000	0.672078	0.006216	0.672500	0.678717
2491.122000	0.674852	0.006089	0.672500	0.678590
2500.962000	0.669859	0.005965	0.672500	0.678466
2510.802000	0.666252	0.005843	0.672500	0.678344
2520.672000	0.670414	0.005724	0.672500	0.678224
2530.512000	0.668749	0.005607	0.672500	0.678107
2540.334000	0.662923	0.005492	0.672500	0.677993
2550.174000	0.664865	0.005380	0.672500	0.677881
2559.978000	0.665697	0.005271	0.672500	0.677771
2569.854000	0.664033	0.005163	0.672500	0.677663
2579.694000	0.656542	0.005057	0.672500	0.677558
2589.516000	0.662923	0.004954	0.672500	0.677455
2599.350000	0.661258	0.004853	0.672500	0.677354
2609.160000	0.661536	0.004754	0.672500	0.677255
2618.982000	0.664310	0.004657	0.672500	0.677158
2628.822000	0.659039	0.004562	0.672500	0.677063
2638.662000	0.662368	0.004469	0.672500	0.676970
2648.466000	0.657929	0.004378	0.672500	0.676879
2658.288000	0.658761	0.004289	0.672500	0.676789
2668.176000	0.659039	0.004201	0.672500	0.676701
2678.004000	0.659039	0.004115	0.672500	0.676616
2687.874000	0.656542	0.004031	0.672500	0.676531
2697.744000	0.658207	0.003948	0.672500	0.676449
2707.590000	0.655710	0.003868	0.672500	0.676368
2717.412000	0.656542	0.003789	0.672500	0.676289
