Time (s)	Exp_data	Gamma_E	Gamma_I	Gamma_T
147.396000	0.023170	0.000000	0.000000	0.000000
157.248000	0.191570	0.000000	0.348752	0.348752
167.070000	0.428495	0.000000	0.541427	0.541427
176.910000	0.703983	0.000000	0.648448	0.648448
186.750000	0.847969	0.000000	0.707749	0.707749
196.590000	0.886254	0.000000	0.740608	0.740608
206.448000	0.896241	0.000000	0.758840	0.758840
216.288000	0.902622	0.000000	0.768918	0.768918
226.128000	0.923152	0.000000	0.774502	0.774502
235.968000	0.924262	0.000000	0.777596	0.777596
245.802000	0.921765	0.000000	0.779310	0.779310
255.630000	0.942572	0.000000	0.780259	0.780259
265.452000	0.945901	0.000000	0.780786	0.780786
275.310000	0.941740	0.000000	0.781078	0.781078
285.150000	0.942295	0.000000	0.781240	0.781240
294.972000	0.951450	0.000000	0.781330	0.781330
304.794000	0.946179	0.000000	0.781379	0.781379
314.616000	0.961160	0.000000	0.781407	0.781407
324.456000	0.966431	0.000000	0.781422	0.781422
334.278000	0.962824	0.000000	0.781431	0.781431
344.148000	0.971147	0.000000	0.781435	0.781435
353.952000	0.972534	0.000000	0.781438	0.781438
363.774000	0.972257	0.000000	0.781440	0.781440
373.620000	0.968650	0.000000	0.781440	0.781440
383.490000	0.978638	0.000000	0.781441	0.781441
393.324000	0.976418	0.000000	0.781441	0.781441
403.182000	0.982799	0.000000	0.781441	0.781441
412.986000	0.982522	0.000000	0.781441	0.781441
422.796000	0.983909	0.000000	0.781441	0.781441
432.672000	0.982244	0.000000	0.781441	0.781441
442.494000	0.990567	0.000000	0.781441	0.781441
452.334000	0.987516	0.000000	0.781441	0.781441
462.174000	0.981135	0.000000	0.781441	0.781441
471.996000	0.981412	0.000000	0.781441	0.781441
481.806000	0.983077	0.000000	0.781441	0.781441
491.646000	0.980580	0.000000	0.781441	0.781441
501.480000	0.985296	0.000000	0.781441	0.781441
511.308000	0.994174	0.000000	0.781441	0.781441
521.112000	0.993064	0.000000	0.781441	0.781441
530.922000	0.993619	0.000000	0.781441	0.781441
540.726000	0.986683	0.000000	0.781441	0.781441
550.578000	0.986683	0.000000	0.781441	0.781441
560.400000	0.990567	0.000000	0.781441	0.781441
570.228000	0.988071	0.000000	0.781441	0.781441
580.086000	1.000000	0.000000	0.781441	0.781441
589.926000	0.991400	0.000000	0.781441	0.781441
599.760000	0.979470	0.000000	0.781441	0.781441
609.570000	0.987793	0.000000	0.781441	0.781441
619.440000	0.984464	0.000000	0.781441	0.781441
629.310000	0.990013	0.000000	0.781441	0.781441
639.150000	0.993064	0.000000	0.781441	0.781441
649.008000	0.985296	0.000000	0.781441	0.781441
658.848000	0.980302	0.000000	0.781441	0.781441
668.730000	0.964766	0.000000	0.781441	0.781441
678.624000	0.964766	0.000000	0.781441	0.781441
688.482000	0.950063	0.000000	0.781441	0.781441
698.352000	0.938411	0.000000	0.781441	0.781441
708.210000	0.936469	0.000000	0.781441	0.781441
718.068000	0.927868	0.000000	0.781441	0.781441
727.938000	0.909558	0.000000	0.781441	0.781441
737.808000	0.905119	0.000000	0.781441	0.781441
747.642000	0.890693	0.000000	0.781441	0.781441
757.494000	0.884312	0.000000	0.781441	0.781441
767.316000	0.883480	0.000000	0.781441	0.781441
777.126000	0.880705	0.000000	0.781441	0.781441
786.960000	0.873769	0.000000	0.781441	0.781441
796.842000	0.865447	0.000000	0.781441	0.781441
806.718000	0.864614	0.000000	0.781441	0.781441
816.540000	0.856291	0.000000	0.781441	0.781441
826.410000	0.857401	0.000000	0.781441	0.781441
836.280000	0.853240	0.000000	0.781441	0.781441
846.102000	0.846027	0.000000	0.781441	0.781441
856.002000	0.840200	0.000000	0.781441	0.781441
865.908000	0.838258	0.000000	0.781441	0.781441
875.730000	0.835207	0.000000	0.781441	0.781441
885.570000	0.831878	0.000000	0.781441	0.781441
895.428000	0.828826	0.000000	0.781441	0.781441
905.286000	0.823832	0.000000	0.781441	0.781441
915.138000	0.824387	0.000000	0.781441	0.781441
924.960000	0.813845	0.000000	0.781441	0.781441
934.812000	0.821890	0.000000	0.781441	0.781441
944.718000	0.814400	0.000000	0.781441	0.781441
954.612000	0.814954	0.000000	0.781441	0.781441
964.434000	0.812735	0.000000	0.781441	0.781441
974.274000	0.809961	0.000000	0.781441	0.781441
984.132000	0.808019	0.000000	0.781441	0.781441
993.984000	0.804967	0.000000	0.781441	0.781441
1003.824000	0.807464	0.000000	0.781441	0.781441
1013.682000	0.805522	0.000000	0.781441	0.781441
1023.552000	0.803857	0.000000	0.781441	0.781441
1033.392000	0.797754	0.000000	0.781441	0.781441
1043.214000	0.797199	0.000000	0.781441	0.781441
1053.120000	0.793037	0.000000	0.781441	0.781441
1062.960000	0.786934	0.000000	0.781441	0.781441
1072.794000	0.793870	0.000000	0.781441	0.781441
1082.652000	0.789153	0.000000	0.781441	0.781441
1092.510000	0.787489	0.000000	0.781441	0.781441
1102.368000	0.786657	0.000000	0.781441	0.781441
1112.202000	0.781108	0.000000	0.781441	0.781441
1122.030000	0.781108	0.000000	0.781441	0.781441
1131.888000	0.782495	0.000000	0.781441	0.781441
1141.710000	0.778611	0.000000	0.781441	0.781441
1151.580000	0.778334	0.000000	0.781441	0.781441
1161.438000	0.771398	0.000000	0.781441	0.781441
1171.290000	0.769456	0.000000	0.781441	0.781441
1181.142000	0.764740	0.000000	0.781441	0.781441
1191.012000	0.770566	0.000000	0.781441	0.781441
1200.852000	0.770288	0.000000	0.781441	0.781441
1210.692000	0.773063	0.000000	0.781441	0.781441
1220.514000	0.766959	0.000000	0.781441	0.781441
1230.408000	0.763352	0.000000	0.781441	0.781441
1240.224000	0.765849	0.000000	0.781441	0.781441
1250.100000	0.759468	0.000000	0.781441	0.781441
1259.958000	0.761133	0.000000	0.781441	0.781441
1269.780000	0.755862	0.000000	0.781441	0.781441
1279.632000	0.758636	0.000000	0.781441	0.781441
1289.460000	0.759468	0.000000	0.781441	0.781441
1299.300000	0.757526	0.000000	0.781441	0.781441
1309.152000	0.750313	0.000000	0.781441	0.781441
1318.992000	0.757526	0.000000	0.781441	0.781441
1328.868000	0.751978	0.000000	0.781441	0.781441
1338.690000	0.753642	0.000000	0.781441	0.781441
1348.542000	0.751423	0.000000	0.781441	0.781441
1358.406000	0.756139	0.000000	0.781441	0.781441
1368.246000	0.751978	0.000000	0.781441	0.781441
1378.116000	0.750591	0.000000	0.781441	0.781441
1387.950000	0.740603	0.000000	0.781441	0.781441
1397.790000	0.752810	0.000000	0.781441	0.781441
1407.660000	0.750591	0.000000	0.781441	0.781441
1417.482000	0.745042	0.000000	0.781441	0.781441
1427.334000	0.741436	0.000000	0.781441	0.781441
1437.192000	0.747816	0.000000	0.781441	0.781441
1447.032000	0.746984	0.000000	0.781441	0.781441
1456.914000	0.748094	0.000000	0.781441	0.781441
1466.754000	0.735332	0.000000	0.781441	0.781441
1476.606000	0.741158	0.000000	0.781441	0.781441
1486.464000	0.741436	0.000000	0.781441	0.781441
1496.298000	0.737274	0.000000	0.781441	0.781441
1506.156000	0.738661	0.000000	0.781441	0.781441
1516.026000	0.740048	0.000000	0.781441	0.781441
1525.884000	0.736164	0.000000	0.781441	0.781441
1535.724000	0.735055	0.000000	0.781441	0.781441
1545.576000	0.736164	0.000000	0.781441	0.781441
1555.416000	0.733113	0.000000	0.781441	0.781441
1565.274000	0.734222	0.000000	0.781441	0.781441
1575.144000	0.727287	0.000000	0.781441	0.781441
1584.966000	0.728396	0.000000	0.781441	0.781441
1594.824000	0.726732	0.000000	0.781441	0.781441
1604.676000	0.730061	0.000000	0.781441	0.781441
1614.516000	0.723403	0.000000	0.781441	0.781441
1624.326000	0.725345	0.000000	0.781441	0.781441
1634.148000	0.725899	0.000000	0.781441	0.781441
1644.018000	0.722570	0.000000	0.781441	0.781441
1653.870000	0.720351	0.000000	0.781441	0.781441
1663.710000	0.722293	0.000000	0.781441	0.781441
1673.568000	0.723957	0.000000	0.781441	0.781441
1683.402000	0.724235	0.000000	0.781441	0.781441
1693.272000	0.717022	0.000000	0.781441	0.781441
1703.112000	0.715357	0.000000	0.781441	0.781441
1713.018000	0.720906	0.000000	0.781441	0.781441
1722.858000	0.716467	0.000000	0.781441	0.781441
1732.698000	0.714247	0.000000	0.781441	0.781441
1742.550000	0.722015	0.000000	0.781441	0.781441
1752.444000	0.721461	0.000000	0.781441	0.781441
1762.284000	0.720351	0.000000	0.781441	0.781441
1772.118000	0.712028	0.000000	0.781441	0.781441
1781.976000	0.714247	0.000000	0.781441	0.781441
1791.834000	0.708976	0.000000	0.781441	0.781441
1801.656000	0.706479	0.000000	0.781441	0.781441
1811.544000	0.716744	0.000000	0.781441	0.781441
1821.402000	0.708976	0.000000	0.781441	0.781441
1831.206000	0.710918	0.000000	0.781441	0.781441
1841.094000	0.713415	0.000000	0.781441	0.781441
1850.946000	0.704537	0.000000	0.781441	0.781441
1860.786000	0.702873	0.000000	0.781441	0.781441
1870.674000	0.708144	0.000000	0.781441	0.781441
1880.526000	0.705370	0.000000	0.781441	0.781441
1890.348000	0.701763	0.000000	0.781441	0.781441
1900.188000	0.702041	0.000000	0.781441	0.781441
1910.106000	0.700653	0.000000	0.781441	0.781441
1919.928000	0.699266	0.000000	0.781441	0.781441
1929.798000	0.705647	0.000000	0.781441	0.781441
1939.668000	0.697879	0.000000	0.781441	0.781441
1949.526000	0.701486	0.000000	0.781441	0.781441
1959.402000	0.696492	0.000000	0.781441	0.781441
1969.236000	0.701208	0.000000	0.781441	0.781441
1979.088000	0.696769	0.000000	0.781441	0.781441
1988.928000	0.694827	0.000000	0.781441	0.781441
1998.780000	0.693718	0.000000	0.781441	0.781441
2008.656000	0.694827	0.000000	0.781441	0.781441
2018.490000	0.699544	0.000000	0.781441	0.781441
2028.360000	0.697324	0.000000	0.781441	0.781441
2038.200000	0.693995	0.000000	0.781441	0.781441
2048.022000	0.695382	0.000000	0.781441	0.781441
2057.880000	0.691498	0.000000	0.781441	0.781441
2067.768000	0.688169	0.000000	0.781441	0.781441
2077.638000	0.686782	0.000000	0.781441	0.781441
2087.502000	0.687614	0.000000	0.781441	0.781441
2097.360000	0.692330	0.000000	0.781441	0.781441
2107.200000	0.688169	0.000000	0.781441	0.781441
2117.040000	0.687337	0.000000	0.781441	0.781441
2126.910000	0.685950	0.000000	0.781441	0.781441
2136.774000	0.684285	0.000000	0.781441	0.781441
2146.578000	0.685950	0.000000	0.781441	0.781441
2156.400000	0.686227	0.000000	0.781441	0.781441
2166.240000	0.690111	0.000000	0.781441	0.781441
2176.062000	0.685395	0.000000	0.781441	0.781441
2185.866000	0.686504	0.000000	0.781441	0.781441
2195.706000	0.687059	0.000000	0.781441	0.781441
2205.546000	0.680124	0.000000	0.781441	0.781441
2215.368000	0.687892	0.000000	0.781441	0.781441
2225.238000	0.682620	0.000000	0.781441	0.781441
2235.078000	0.678736	0.000000	0.781441	0.781441
2244.900000	0.684562	0.000000	0.781441	0.781441
2254.740000	0.683730	0.000000	0.781441	0.781441
2264.574000	0.678182	0.000000	0.781441	0.781441
2274.426000	0.680678	0.000000	0.781441	0.781441
2284.254000	0.678459	0.000000	0.781441	0.781441
2294.142000	0.675962	0.000000	0.781441	0.781441
2304.012000	0.678182	0.000000	0.781441	0.781441
2313.852000	0.680956	0.000000	0.781441	0.781441
2323.692000	0.672078	0.000000	0.781441	0.781441
2333.514000	0.678182	0.000000	0.781441	0.781441
2343.402000	0.670691	0.000000	0.781441	0.781441
2353.260000	0.669304	0.000000	0.781441	0.781441
2363.130000	0.675685	0.000000	0.781441	0.781441
2373.006000	0.672910	0.000000	0.781441	0.781441
2382.846000	0.673465	0.000000	0.781441	0.781441
2392.716000	0.671246	0.000000	0.781441	0.781441
2402.556000	0.667362	0.000000	0.781441	0.781441
2412.378000	0.674020	0.000000	0.781441	0.781441
2422.218000	0.664865	0.000000	0.781441	0.781441
2432.040000	0.671246	0.000000	0.781441	0.781441
2441.844000	0.670691	0.000000	0.781441	0.781441
2451.684000	0.669581	0.000000	0.781441	0.781441
2461.536000	0.671246	0.000000	0.781441	0.781441
2471.424000	0.670968	0.000000	0.781441	0.781441
2481.270000	0.672078	0.000000	0.781441	0.781441
2491.122000	0.674852	0.000000	0.781441	0.781441
2500.962000	0.669859	0.000000	0.781441	0.781441
2510.802000	0.666252	0.000000	0.781441	0.781441
2520.672000	0.670414	0.000000	0.781441	0.781441
2530.512000	0.668749	0.000000	0.781441	0.781441
2540.334000	0.662923	0.000000	0.781441	0.781441
2550.174000	0.664865	0.000000	0.781441	0.781441
2559.978000	0.665697	0.000000	0.781441	0.781441
2569.854000	0.664033	0.000000	0.781441	0.781441
2579.694000	0.656542	0.000000	0.781441	0.781441
2589.516000	0.662923	0.000000	0.781441	0.781441
2599.350000	0.661258	0.000000	0.781441	0.781441
2609.160000	0.661536	0.000000	0.781441	0.781441
2618.982000	0.664310	0.000000	0.781441	0.781441
2628.822000	0.659039	0.000000	0.781441	0.781441
2638.662000	0.662368	0.000000	0.781441	0.781441
2648.466000	0.657929	0.000000	0.781441	0.781441
2658.288000	0.658761	0.000000	0.781441	0.781441
2668.176000	0.659039	0.000000	0.781441	0.781441
2678.004000	0.659039	0.000000	0.781441	0.781441
2687.874000	0.656542	0.000000	0.781441	0.781441
2697.744000	0.658207	0.000000	0.781441	0.781441
2707.590000	0.655710	0.000000	0.781441	0.781441
2717.412000	0.656542	0.000000	0.781441	0.781441
