Time (s)	Exp_data	Gamma_E	Gamma_I	Gamma_T
147.504000	0.018340	0.000000	0.000000	0.000000
157.326000	0.339755	0.352728	0.000000	0.352728
167.178000	0.711308	0.569295	0.000000	0.569295
177.024000	0.766724	0.701688	0.000000	0.701688
186.846000	0.788890	0.782532	0.000000	0.782532
196.698000	0.803140	0.832169	0.000000	0.832169
206.520000	0.829001	0.862455	0.000000	0.862455
216.330000	0.829529	0.880989	0.000000	0.880989
226.170000	0.851695	0.892376	0.000000	0.892376
235.992000	0.861723	0.899334	0.000000	0.899334
245.814000	0.856973	0.903596	0.000000	0.903596
255.636000	0.878612	0.906207	0.000000	0.906207
265.464000	0.903417	0.907807	0.000000	0.907807
275.304000	0.917139	0.908787	0.000000	0.908787
285.120000	0.920834	0.909386	0.000000	0.909386
294.942000	0.918195	0.909754	0.000000	0.909754
304.770000	0.941417	0.909979	0.000000	0.909979
314.610000	0.935084	0.910117	0.000000	0.910117
324.420000	0.939306	0.910201	0.000000	0.910201
334.224000	0.962528	0.910252	0.000000	0.910252
344.070000	0.944584	0.910284	0.000000	0.910284
353.886000	0.946167	0.910303	0.000000	0.910303
363.696000	0.963056	0.910315	0.000000	0.910315
373.518000	0.954084	0.910323	0.000000	0.910323
383.328000	0.955139	0.910327	0.000000	0.910327
393.150000	0.956195	0.910330	0.000000	0.910330
402.972000	0.960417	0.910331	0.000000	0.910331
412.782000	0.961472	0.910332	0.000000	0.910332
422.616000	0.962528	0.910333	0.000000	0.910333
432.438000	0.966222	0.910333	0.000000	0.910333
442.266000	0.988917	0.909571	0.000000	0.909571
452.088000	0.979417	0.906271	0.000000	0.906271
461.958000	0.970972	0.902967	0.000000	0.902967
471.768000	0.969917	0.899695	0.000000	0.899695
481.596000	0.982056	0.896429	0.000000	0.896429
491.424000	0.979417	0.893174	0.000000	0.893174
501.264000	0.975722	0.889928	0.000000	0.889928
511.086000	0.990500	0.886699	0.000000	0.886699
520.914000	0.992083	0.883481	0.000000	0.883481
530.718000	1.000000	0.880281	0.000000	0.880281
540.558000	0.990500	0.877082	0.000000	0.877082
550.398000	0.987333	0.873894	0.000000	0.873894
560.268000	0.997361	0.870708	0.000000	0.870708
570.090000	0.976250	0.867549	0.000000	0.867549
579.966000	0.980472	0.864384	0.000000	0.864384
589.788000	0.992611	0.861248	0.000000	0.861248
599.640000	0.982583	0.858114	0.000000	0.858114
609.450000	0.994194	0.855005	0.000000	0.855005
619.290000	0.978361	0.851897	0.000000	0.851897
629.100000	0.979417	0.848810	0.000000	0.848810
638.922000	0.978361	0.845731	0.000000	0.845731
648.756000	0.983111	0.842658	0.000000	0.842658
658.584000	0.967806	0.839599	0.000000	0.839599
668.424000	0.955139	0.836548	0.000000	0.836548
678.294000	0.925584	0.833498	0.000000	0.833498
688.170000	0.913445	0.830457	0.000000	0.830457
698.052000	0.889167	0.827426	0.000000	0.827426
707.892000	0.873862	0.824419	0.000000	0.824419
717.744000	0.857501	0.821419	0.000000	0.821419
727.602000	0.845362	0.818428	0.000000	0.818428
737.442000	0.817390	0.815453	0.000000	0.815453
747.312000	0.801557	0.812480	0.000000	0.812480
757.146000	0.804724	0.809529	0.000000	0.809529
767.052000	0.783613	0.806567	0.000000	0.806567
776.916000	0.768307	0.803628	0.000000	0.803628
786.774000	0.766196	0.800702	0.000000	0.800702
796.644000	0.756696	0.797783	0.000000	0.797783
806.448000	0.735057	0.794894	0.000000	0.794894
816.288000	0.738752	0.792005	0.000000	0.792005
826.140000	0.727141	0.789122	0.000000	0.789122
835.998000	0.711835	0.786249	0.000000	0.786249
845.850000	0.708669	0.783388	0.000000	0.783388
855.678000	0.703919	0.780544	0.000000	0.780544
865.518000	0.712363	0.777707	0.000000	0.777707
875.370000	0.693363	0.774877	0.000000	0.774877
885.336000	0.687558	0.772024	0.000000	0.772024
895.176000	0.682280	0.769218	0.000000	0.769218
905.016000	0.675419	0.766423	0.000000	0.766423
914.856000	0.684919	0.763637	0.000000	0.763637
924.678000	0.680169	0.760866	0.000000	0.760866
934.500000	0.679641	0.758106	0.000000	0.758106
944.328000	0.665919	0.755354	0.000000	0.755354
954.168000	0.661697	0.752608	0.000000	0.752608
964.002000	0.657475	0.749875	0.000000	0.749875
973.860000	0.659586	0.747144	0.000000	0.747144
983.736000	0.655891	0.744419	0.000000	0.744419
993.570000	0.659058	0.741715	0.000000	0.741715
1003.380000	0.655364	0.739027	0.000000	0.739027
1013.232000	0.640586	0.736338	0.000000	0.736338
1023.072000	0.636891	0.733661	0.000000	0.733661
1032.960000	0.645336	0.730982	0.000000	0.730982
1042.830000	0.627391	0.728317	0.000000	0.728317
1052.670000	0.626336	0.725670	0.000000	0.725670
1062.540000	0.639003	0.723024	0.000000	0.723024
1072.380000	0.617364	0.720396	0.000000	0.720396
1082.202000	0.625280	0.717782	0.000000	0.717782
1092.042000	0.631614	0.715174	0.000000	0.715174
1101.852000	0.630030	0.712582	0.000000	0.712582
1111.686000	0.618419	0.709994	0.000000	0.709994
1121.544000	0.617892	0.707408	0.000000	0.707408
1131.366000	0.617364	0.704842	0.000000	0.704842
1141.194000	0.620530	0.702283	0.000000	0.702283
1151.064000	0.617364	0.699723	0.000000	0.699723
1160.916000	0.614197	0.697177	0.000000	0.697177
1170.738000	0.606281	0.694647	0.000000	0.694647
1180.608000	0.604169	0.692115	0.000000	0.692115
1190.466000	0.603114	0.689595	0.000000	0.689595
1200.306000	0.607336	0.687088	0.000000	0.687088
1210.146000	0.596781	0.684591	0.000000	0.684591
1220.052000	0.594142	0.682086	0.000000	0.682086
1229.904000	0.594142	0.679604	0.000000	0.679604
1239.744000	0.594142	0.677134	0.000000	0.677134
1249.584000	0.598364	0.674672	0.000000	0.674672
1259.424000	0.587808	0.672220	0.000000	0.672220
1269.246000	0.595197	0.669781	0.000000	0.669781
1279.116000	0.587281	0.667340	0.000000	0.667340
1288.956000	0.596781	0.664914	0.000000	0.664914
1298.796000	0.592558	0.662497	0.000000	0.662497
1308.618000	0.593614	0.660094	0.000000	0.660094
1318.494000	0.579892	0.657686	0.000000	0.657686
1328.316000	0.578308	0.655300	0.000000	0.655300
1338.174000	0.579364	0.652914	0.000000	0.652914
1348.050000	0.573031	0.650532	0.000000	0.650532
1357.902000	0.579892	0.648165	0.000000	0.648165
1367.742000	0.581475	0.645809	0.000000	0.645809
1377.666000	0.582003	0.643441	0.000000	0.643441
1387.518000	0.570392	0.641100	0.000000	0.641100
1397.352000	0.564586	0.638771	0.000000	0.638771
1407.210000	0.578836	0.636445	0.000000	0.636445
1417.032000	0.566170	0.634136	0.000000	0.634136
1426.872000	0.567753	0.631831	0.000000	0.631831
1436.730000	0.570392	0.629531	0.000000	0.629531
1446.630000	0.574614	0.627229	0.000000	0.627229
1456.488000	0.558781	0.624945	0.000000	0.624945
1466.334000	0.561420	0.622672	0.000000	0.622672
1476.186000	0.560364	0.620406	0.000000	0.620406
1486.026000	0.563531	0.618151	0.000000	0.618151
1495.848000	0.557725	0.615908	0.000000	0.615908
1505.676000	0.567225	0.613672	0.000000	0.613672
1515.510000	0.552448	0.611443	0.000000	0.611443
1525.368000	0.560364	0.609217	0.000000	0.609217
1535.238000	0.557198	0.606996	0.000000	0.606996
1545.048000	0.564586	0.604796	0.000000	0.604796
1554.852000	0.557198	0.602606	0.000000	0.602606
1564.674000	0.547698	0.600420	0.000000	0.600420
1574.562000	0.549809	0.598227	0.000000	0.598227
1584.402000	0.557725	0.596053	0.000000	0.596053
1594.242000	0.551392	0.593886	0.000000	0.593886
1604.136000	0.548225	0.591716	0.000000	0.591716
1613.994000	0.549809	0.589561	0.000000	0.589561
1623.798000	0.550336	0.587426	0.000000	0.587426
1633.602000	0.546642	0.585299	0.000000	0.585299
1643.460000	0.546642	0.583168	0.000000	0.583168
1653.312000	0.550336	0.581046	0.000000	0.581046
1663.122000	0.551920	0.578940	0.000000	0.578940
1672.962000	0.539781	0.576836	0.000000	0.576836
1682.766000	0.536614	0.574747	0.000000	0.574747
1692.576000	0.537670	0.572664	0.000000	0.572664
1702.398000	0.538725	0.570587	0.000000	0.570587
1712.232000	0.548225	0.568514	0.000000	0.568514
1722.090000	0.533975	0.566444	0.000000	0.566444
1731.924000	0.546642	0.564386	0.000000	0.564386
1741.746000	0.537142	0.562339	0.000000	0.562339
1751.634000	0.538198	0.560285	0.000000	0.560285
1761.474000	0.544003	0.558248	0.000000	0.558248
1771.302000	0.532392	0.556222	0.000000	0.556222
1781.124000	0.538725	0.554204	0.000000	0.554204
1791.012000	0.542420	0.552180	0.000000	0.552180
1800.864000	0.540309	0.550170	0.000000	0.550170
1810.704000	0.535559	0.548171	0.000000	0.548171
1820.556000	0.530281	0.546176	0.000000	0.546176
1830.444000	0.525531	0.544181	0.000000	0.544181
1840.308000	0.527642	0.542198	0.000000	0.542198
1850.148000	0.525531	0.540228	0.000000	0.540228
1859.982000	0.535559	0.538265	0.000000	0.538265
1869.822000	0.526059	0.536309	0.000000	0.536309
1879.662000	0.537142	0.534360	0.000000	0.534360
1889.508000	0.518670	0.532416	0.000000	0.532416
1899.342000	0.523948	0.530482	0.000000	0.530482
1909.230000	0.519198	0.528545	0.000000	0.528545
1919.118000	0.526059	0.526614	0.000000	0.526614
1928.922000	0.521837	0.524707	0.000000	0.524707
1938.798000	0.518670	0.522793	0.000000	0.522793
1948.650000	0.532392	0.520891	0.000000	0.520891
1958.502000	0.519198	0.518995	0.000000	0.518995
1968.330000	0.529753	0.517111	0.000000	0.517111
1978.230000	0.516031	0.515220	0.000000	0.515220
1988.052000	0.521837	0.513351	0.000000	0.513351
1997.874000	0.521837	0.511489	0.000000	0.511489
2007.714000	0.518142	0.509629	0.000000	0.509629
2017.554000	0.515503	0.507777	0.000000	0.507777
2027.376000	0.528698	0.505935	0.000000	0.505935
2037.246000	0.511281	0.504090	0.000000	0.504090
2047.068000	0.527642	0.502262	0.000000	0.502262
2056.926000	0.520781	0.500433	0.000000	0.500433
2066.802000	0.519726	0.498607	0.000000	0.498607
2076.654000	0.515503	0.496793	0.000000	0.496793
2086.506000	0.516559	0.494985	0.000000	0.494985
2096.328000	0.514448	0.493189	0.000000	0.493189
2106.204000	0.514976	0.491390	0.000000	0.491390
2116.044000	0.507587	0.489604	0.000000	0.489604
2125.914000	0.520781	0.487819	0.000000	0.487819
2135.790000	0.520781	0.486039	0.000000	0.486039
2145.642000	0.510226	0.484271	0.000000	0.484271
2155.518000	0.513920	0.482504	0.000000	0.482504
2165.370000	0.507059	0.480748	0.000000	0.480748
2175.228000	0.514976	0.478998	0.000000	0.478998
2185.068000	0.514976	0.477257	0.000000	0.477257
2194.950000	0.510226	0.475515	0.000000	0.475515
2204.808000	0.504948	0.473783	0.000000	0.473783
2214.666000	0.505476	0.472058	0.000000	0.472058
2224.542000	0.502837	0.470336	0.000000	0.470336
2234.376000	0.514976	0.468628	0.000000	0.468628
2244.234000	0.503892	0.466921	0.000000	0.466921
2254.074000	0.508642	0.465224	0.000000	0.465224
2263.944000	0.514976	0.463528	0.000000	0.463528
2273.784000	0.500726	0.461843	0.000000	0.461843
2283.660000	0.513392	0.460159	0.000000	0.460159
2293.530000	0.511281	0.458481	0.000000	0.458481
2303.370000	0.510753	0.456815	0.000000	0.456815
2313.240000	0.499670	0.455149	0.000000	0.455149
2323.098000	0.500726	0.453492	0.000000	0.453492
2332.956000	0.501253	0.451840	0.000000	0.451840
2342.796000	0.500726	0.450198	0.000000	0.450198
2352.636000	0.503892	0.448562	0.000000	0.448562
2362.488000	0.488059	0.446930	0.000000	0.446930
2372.316000	0.497031	0.445307	0.000000	0.445307
2382.198000	0.501781	0.443682	0.000000	0.443682
2392.020000	0.494392	0.442072	0.000000	0.442072
2401.842000	0.504420	0.440468	0.000000	0.440468
2411.670000	0.484892	0.438869	0.000000	0.438869
2421.522000	0.494392	0.437272	0.000000	0.437272
2431.374000	0.499142	0.435681	0.000000	0.435681
2441.196000	0.495976	0.434100	0.000000	0.434100
2451.054000	0.493865	0.432520	0.000000	0.432520
2460.876000	0.504420	0.430950	0.000000	0.430950
2470.746000	0.491754	0.429379	0.000000	0.429379
2480.610000	0.489115	0.427815	0.000000	0.427815
2490.432000	0.497031	0.426263	0.000000	0.426263
2500.290000	0.487531	0.424711	0.000000	0.424711
2510.166000	0.494920	0.423161	0.000000	0.423161
2520.048000	0.488059	0.421617	0.000000	0.421617
2529.924000	0.499670	0.420079	0.000000	0.420079
2539.776000	0.499142	0.418550	0.000000	0.418550
2549.628000	0.498087	0.417027	0.000000	0.417027
2559.486000	0.494920	0.415508	0.000000	0.415508
2569.326000	0.487531	0.413998	0.000000	0.413998
2579.196000	0.502309	0.412489	0.000000	0.412489
2589.054000	0.489115	0.410987	0.000000	0.410987
2598.918000	0.495976	0.409489	0.000000	0.409489
2608.824000	0.489642	0.407991	0.000000	0.407991
2618.646000	0.483837	0.406511	0.000000	0.406511
2628.516000	0.490698	0.405029	0.000000	0.405029
2638.374000	0.486476	0.403554	0.000000	0.403554
2648.196000	0.484365	0.402090	0.000000	0.402090
2658.018000	0.490698	0.400631	0.000000	0.400631
2667.840000	0.483309	0.399178	0.000000	0.399178
2677.680000	0.494920	0.397727	0.000000	0.397727
2687.508000	0.485948	0.396283	0.000000	0.396283
