Time (s)	Exp_data	Gamma_E	Gamma_I	Gamma_T
147.504000	0.018340	0.000000	0.000000	0.000000
157.326000	0.339755	0.353044	0.001698	0.354743
167.178000	0.711308	0.570972	0.005906	0.576878
177.024000	0.766724	0.703788	0.011647	0.715435
186.846000	0.788890	0.783512	0.018302	0.801814
196.698000	0.803140	0.830481	0.025533	0.856014
206.520000	0.829001	0.856805	0.033060	0.889865
216.330000	0.829529	0.870369	0.040751	0.911120
226.170000	0.851695	0.876022	0.048549	0.924571
235.992000	0.861723	0.876730	0.056359	0.933089
245.814000	0.856973	0.874386	0.064161	0.938547
255.636000	0.878612	0.870160	0.071932	0.942092
265.464000	0.903417	0.864778	0.079666	0.944444
275.304000	0.917139	0.858693	0.087357	0.946050
285.120000	0.920834	0.852211	0.094973	0.947184
294.942000	0.918195	0.845492	0.102535	0.948027
304.770000	0.941417	0.838644	0.110041	0.948686
314.610000	0.935084	0.831734	0.117495	0.949229
324.420000	0.939306	0.824833	0.124865	0.949698
334.224000	0.962528	0.817951	0.132169	0.950120
344.070000	0.944584	0.811070	0.139443	0.950513
353.886000	0.946167	0.804251	0.146633	0.950884
363.696000	0.963056	0.797483	0.153759	0.951242
373.518000	0.954084	0.790757	0.160833	0.951591
383.328000	0.955139	0.784093	0.167840	0.951932
393.150000	0.956195	0.777473	0.174795	0.952268
402.972000	0.960417	0.770908	0.181692	0.952600
412.782000	0.961472	0.764406	0.188522	0.952928
422.616000	0.962528	0.757942	0.195311	0.953253
432.438000	0.966222	0.751540	0.202035	0.953575
442.266000	0.988917	0.745188	0.208706	0.953893
452.088000	0.979417	0.738893	0.215316	0.954209
461.958000	0.970972	0.732621	0.221903	0.954523
471.768000	0.969917	0.726440	0.228394	0.954833
481.596000	0.982056	0.720300	0.234842	0.955141
491.424000	0.979417	0.714211	0.241235	0.955446
501.264000	0.975722	0.708167	0.247582	0.955749
511.086000	0.990500	0.702185	0.253864	0.956049
520.914000	0.992083	0.696249	0.260097	0.956347
530.718000	1.000000	0.690379	0.266262	0.956641
540.558000	0.990500	0.684536	0.272397	0.956934
550.398000	0.987333	0.678743	0.278481	0.957224
560.268000	0.997361	0.672981	0.284531	0.957513
570.090000	0.976250	0.667296	0.290501	0.957798
579.966000	0.980472	0.661629	0.296453	0.958082
589.788000	0.992611	0.656040	0.302322	0.958362
599.640000	0.982583	0.650481	0.308159	0.958640
609.450000	0.994194	0.644993	0.313923	0.958915
619.290000	0.978361	0.639534	0.319655	0.959189
629.100000	0.979417	0.634138	0.325321	0.959459
638.922000	0.978361	0.628781	0.330946	0.959728
648.756000	0.983111	0.611306	0.336483	0.947789
658.584000	0.967806	0.592653	0.341849	0.934502
668.424000	0.955139	0.574548	0.347057	0.921604
678.294000	0.925584	0.556943	0.352121	0.909064
688.170000	0.913445	0.539867	0.357033	0.896900
698.052000	0.889167	0.523305	0.361797	0.885102
707.892000	0.873862	0.507318	0.366396	0.873714
717.744000	0.857501	0.491801	0.370859	0.862661
727.602000	0.845362	0.476750	0.375189	0.851939
737.442000	0.817390	0.462185	0.379378	0.841564
747.312000	0.801557	0.448023	0.383452	0.831476
757.146000	0.804724	0.434345	0.387387	0.821732
767.052000	0.783613	0.420988	0.391229	0.812217
776.916000	0.768307	0.408096	0.394938	0.803034
786.774000	0.766196	0.395607	0.398530	0.794137
796.644000	0.756696	0.383485	0.402017	0.785502
806.448000	0.735057	0.371812	0.405375	0.777187
816.288000	0.738752	0.360453	0.408642	0.769095
826.140000	0.727141	0.349428	0.411814	0.761242
835.998000	0.711835	0.338734	0.414890	0.753624
845.850000	0.708669	0.328373	0.417870	0.746244
855.678000	0.703919	0.318354	0.420753	0.739106
865.518000	0.712363	0.308628	0.423550	0.732178
875.370000	0.693363	0.299188	0.426266	0.725454
885.336000	0.687558	0.289933	0.428928	0.718861
895.176000	0.682280	0.281076	0.431476	0.712551
905.016000	0.675419	0.272489	0.433946	0.706435
914.856000	0.684919	0.264164	0.436340	0.700505
924.678000	0.680169	0.256109	0.438658	0.694766
934.500000	0.679641	0.248299	0.440904	0.689203
944.328000	0.665919	0.240723	0.443084	0.683806
954.168000	0.661697	0.233369	0.445199	0.678568
964.002000	0.657475	0.226244	0.447249	0.673492
973.860000	0.659586	0.219320	0.449240	0.668560
983.736000	0.655891	0.212595	0.451175	0.663770
993.570000	0.659058	0.206104	0.453042	0.659146
1003.380000	0.655364	0.199827	0.454847	0.654674
1013.232000	0.640586	0.193715	0.456606	0.650321
1023.072000	0.636891	0.187797	0.458308	0.646105
1032.960000	0.645336	0.182032	0.459966	0.641999
1042.830000	0.627391	0.176455	0.461571	0.638025
1052.670000	0.626336	0.171064	0.463121	0.634185
1062.540000	0.639003	0.165822	0.464629	0.630451
1072.380000	0.617364	0.160757	0.466086	0.626843
1082.202000	0.625280	0.155854	0.467496	0.623351
1092.042000	0.631614	0.151093	0.468866	0.619959
1101.852000	0.630030	0.146491	0.470190	0.616681
1111.686000	0.618419	0.142019	0.471476	0.613495
1121.544000	0.617892	0.137672	0.472727	0.610399
1131.366000	0.617364	0.133474	0.473934	0.607408
1141.194000	0.620530	0.129401	0.475106	0.604507
1151.064000	0.617364	0.125436	0.476246	0.601683
1160.916000	0.614197	0.121600	0.477350	0.598950
1170.738000	0.606281	0.117891	0.478417	0.596308
1180.608000	0.604169	0.114279	0.479456	0.593735
1190.466000	0.603114	0.110782	0.480462	0.591244
1200.306000	0.607336	0.107397	0.481435	0.588833
1210.146000	0.596781	0.104116	0.482379	0.586496
1220.052000	0.594142	0.100915	0.483300	0.584215
1229.904000	0.594142	0.097828	0.484188	0.582016
1239.744000	0.594142	0.094839	0.485048	0.579887
1249.584000	0.598364	0.091942	0.485881	0.577823
1259.424000	0.587808	0.089133	0.486689	0.575822
1269.246000	0.595197	0.086415	0.487471	0.573886
1279.116000	0.587281	0.083767	0.488233	0.572000
1288.956000	0.596781	0.081208	0.488969	0.570177
1298.796000	0.592558	0.078727	0.489682	0.568410
1308.618000	0.593614	0.076327	0.490373	0.566700
1318.494000	0.579892	0.073987	0.491046	0.565033
1328.316000	0.578308	0.071730	0.491695	0.563426
1338.174000	0.579364	0.069535	0.492327	0.561862
1348.050000	0.573031	0.067403	0.492940	0.560343
1357.902000	0.579892	0.065342	0.493533	0.558875
1367.742000	0.581475	0.063345	0.494107	0.557453
1377.666000	0.582003	0.061394	0.494669	0.556062
1387.518000	0.570392	0.059516	0.495209	0.554725
1397.352000	0.564586	0.057699	0.495731	0.553430
1407.210000	0.578836	0.055933	0.496239	0.552173
1417.032000	0.566170	0.054228	0.496730	0.550958
1426.872000	0.567753	0.052571	0.497207	0.549777
1436.730000	0.570392	0.050962	0.497669	0.548631
1446.630000	0.574614	0.049396	0.498120	0.547516
1456.488000	0.558781	0.047884	0.498555	0.546439
1466.334000	0.561420	0.046420	0.498976	0.545396
1476.186000	0.560364	0.045000	0.499384	0.544385
1486.026000	0.563531	0.043626	0.499780	0.543405
1495.848000	0.557725	0.042295	0.500162	0.542458
1505.676000	0.567225	0.041005	0.500534	0.541538
1515.510000	0.552448	0.039753	0.500894	0.540647
1525.368000	0.560364	0.038536	0.501244	0.539780
1535.238000	0.557198	0.037355	0.501583	0.538939
1545.048000	0.564586	0.036218	0.501911	0.538128
1554.852000	0.557198	0.035115	0.502228	0.537343
1564.674000	0.547698	0.034044	0.502536	0.536580
1574.562000	0.549809	0.032999	0.502836	0.535836
1584.402000	0.557725	0.031991	0.503126	0.535118
1594.242000	0.551392	0.031014	0.503408	0.534421
1604.136000	0.548225	0.030061	0.503682	0.533743
1613.994000	0.549809	0.029141	0.503946	0.533088
1623.798000	0.550336	0.028254	0.504201	0.532456
1633.602000	0.546642	0.027394	0.504449	0.531843
1643.460000	0.546642	0.026556	0.504690	0.531246
1653.312000	0.550336	0.025744	0.504924	0.530667
1663.122000	0.551920	0.024960	0.505149	0.530109
1672.962000	0.539781	0.024197	0.505368	0.529565
1682.766000	0.536614	0.023460	0.505580	0.529041
1692.576000	0.537670	0.022746	0.505786	0.528532
1702.398000	0.538725	0.022052	0.505985	0.528038
1712.232000	0.548225	0.021379	0.506179	0.527558
1722.090000	0.533975	0.020725	0.506367	0.527092
1731.924000	0.546642	0.020092	0.506549	0.526641
1741.746000	0.537142	0.019479	0.506726	0.526205
1751.634000	0.538198	0.018881	0.506898	0.525779
1761.474000	0.544003	0.018305	0.507063	0.525368
1771.302000	0.532392	0.017746	0.507224	0.524970
1781.124000	0.538725	0.017205	0.507380	0.524585
1791.012000	0.542420	0.016677	0.507532	0.524208
1800.864000	0.540309	0.016167	0.507678	0.523845
1810.704000	0.535559	0.015673	0.507821	0.523493
1820.556000	0.530281	0.015193	0.507958	0.523152
1830.444000	0.525531	0.014727	0.508093	0.522820
1840.308000	0.527642	0.014276	0.508222	0.522498
1850.148000	0.525531	0.013840	0.508348	0.522188
1859.982000	0.535559	0.013417	0.508469	0.521887
1869.822000	0.526059	0.013007	0.508587	0.521595
1879.662000	0.537142	0.012610	0.508702	0.521312
1889.508000	0.518670	0.012225	0.508812	0.521037
1899.342000	0.523948	0.011851	0.508920	0.520771
1909.230000	0.519198	0.011488	0.509024	0.520512
1919.118000	0.526059	0.011135	0.509126	0.520261
1928.922000	0.521837	0.010796	0.509223	0.520019
1938.798000	0.518670	0.010465	0.509319	0.519784
1948.650000	0.532392	0.010145	0.509411	0.519556
1958.502000	0.519198	0.009835	0.509500	0.519335
1968.330000	0.529753	0.009535	0.509586	0.519121
1978.230000	0.516031	0.009242	0.509670	0.518912
1988.052000	0.521837	0.008960	0.509752	0.518711
1997.874000	0.521837	0.008686	0.509830	0.518517
2007.714000	0.518142	0.008421	0.509906	0.518328
2017.554000	0.515503	0.008164	0.509980	0.518144
2027.376000	0.528698	0.007915	0.510052	0.517967
2037.246000	0.511281	0.007672	0.510122	0.517794
2047.068000	0.527642	0.007438	0.510189	0.517628
2056.926000	0.520781	0.007211	0.510255	0.517465
2066.802000	0.519726	0.006990	0.510318	0.517308
2076.654000	0.515503	0.006776	0.510380	0.517156
2086.506000	0.516559	0.006569	0.510439	0.517008
2096.328000	0.514448	0.006368	0.510497	0.516865
2106.204000	0.514976	0.006173	0.510553	0.516726
2116.044000	0.507587	0.005985	0.510607	0.516592
2125.914000	0.520781	0.005801	0.510660	0.516461
2135.790000	0.520781	0.005623	0.510711	0.516335
2145.642000	0.510226	0.005451	0.510761	0.516212
2155.518000	0.513920	0.005284	0.510809	0.516093
2165.370000	0.507059	0.005123	0.510855	0.515978
2175.228000	0.514976	0.004966	0.510900	0.515866
2185.068000	0.514976	0.004814	0.510944	0.515758
2194.950000	0.510226	0.004666	0.510987	0.515653
2204.808000	0.504948	0.004524	0.511028	0.515551
2214.666000	0.505476	0.004385	0.511067	0.515453
2224.542000	0.502837	0.004251	0.511106	0.515357
2234.376000	0.514976	0.004121	0.511143	0.515264
2244.234000	0.503892	0.003995	0.511180	0.515175
2254.074000	0.508642	0.003873	0.511215	0.515088
2263.944000	0.514976	0.003754	0.511249	0.515003
2273.784000	0.500726	0.003639	0.511282	0.514921
2283.660000	0.513392	0.003528	0.511314	0.514842
2293.530000	0.511281	0.003420	0.511345	0.514765
2303.370000	0.510753	0.003315	0.511375	0.514690
2313.240000	0.499670	0.003214	0.511404	0.514618
2323.098000	0.500726	0.003115	0.511433	0.514548
2332.956000	0.501253	0.003020	0.511460	0.514480
2342.796000	0.500726	0.002928	0.511487	0.514414
2352.636000	0.503892	0.002838	0.511512	0.514351
2362.488000	0.488059	0.002751	0.511537	0.514289
2372.316000	0.497031	0.002667	0.511562	0.514229
2382.198000	0.501781	0.002586	0.511585	0.514171
2392.020000	0.494392	0.002507	0.511608	0.514115
2401.842000	0.504420	0.002430	0.511630	0.514060
2411.670000	0.484892	0.002356	0.511651	0.514007
2421.522000	0.494392	0.002284	0.511672	0.513956
2431.374000	0.499142	0.002214	0.511692	0.513906
2441.196000	0.495976	0.002147	0.511711	0.513858
2451.054000	0.493865	0.002081	0.511730	0.513811
2460.876000	0.504420	0.002018	0.511749	0.513766
2470.746000	0.491754	0.001956	0.511766	0.513722
2480.610000	0.489115	0.001896	0.511784	0.513679
2490.432000	0.497031	0.001838	0.511800	0.513638
2500.290000	0.487531	0.001782	0.511816	0.513598
2510.166000	0.494920	0.001727	0.511832	0.513559
2520.048000	0.488059	0.001674	0.511847	0.513521
2529.924000	0.499670	0.001623	0.511862	0.513485
2539.776000	0.499142	0.001573	0.511876	0.513450
2549.628000	0.498087	0.001525	0.511890	0.513415
2559.486000	0.494920	0.001478	0.511904	0.513382
2569.326000	0.487531	0.001433	0.511917	0.513350
2579.196000	0.502309	0.001389	0.511929	0.513319
2589.054000	0.489115	0.001347	0.511941	0.513288
2598.918000	0.495976	0.001306	0.511953	0.513259
2608.824000	0.489642	0.001265	0.511965	0.513230
2618.646000	0.483837	0.001227	0.511976	0.513203
2628.516000	0.490698	0.001189	0.511987	0.513176
2638.374000	0.486476	0.001153	0.511997	0.513150
2648.196000	0.484365	0.001118	0.512007	0.513125
2658.018000	0.490698	0.001084	0.512017	0.513101
2667.840000	0.483309	0.001051	0.512027	0.513077
2677.680000	0.494920	0.001018	0.512036	0.513054
2687.508000	0.485948	0.000987	0.512045	0.513032
