Time (s)	Exp_data	Gamma_E	Gamma_I	Gamma_T
147.504000	0.018340	0.000000	0.000000	0.000000
157.326000	0.339755	0.130571	0.087917	0.218488
167.178000	0.711308	0.230961	0.157089	0.388050
177.024000	0.766724	0.307632	0.211500	0.519132
186.846000	0.788890	0.365902	0.254434	0.620336
196.698000	0.803140	0.410221	0.288690	0.698911
206.520000	0.829001	0.443518	0.316043	0.759560
216.330000	0.829529	0.468385	0.338114	0.806499
226.170000	0.851695	0.486819	0.356169	0.842988
235.992000	0.861723	0.500196	0.371030	0.871226
245.814000	0.856973	0.509695	0.383442	0.893137
255.636000	0.878612	0.516201	0.393952	0.910153
265.464000	0.903417	0.520399	0.402990	0.923389
275.304000	0.917139	0.522815	0.410886	0.933701
285.120000	0.920834	0.523853	0.417869	0.941721
294.942000	0.918195	0.523836	0.424157	0.947993
304.770000	0.941417	0.523007	0.429902	0.952909
314.610000	0.935084	0.521553	0.435225	0.956778
324.420000	0.939306	0.519629	0.440193	0.959822
334.224000	0.962528	0.517344	0.444893	0.962237
344.070000	0.944584	0.514774	0.449399	0.964173
353.886000	0.946167	0.512005	0.453721	0.965726
363.696000	0.963056	0.509083	0.457903	0.966986
373.518000	0.954084	0.506042	0.461978	0.968021
383.328000	0.955139	0.502923	0.465956	0.968879
393.150000	0.956195	0.499740	0.469861	0.969601
402.972000	0.960417	0.496517	0.473701	0.970218
412.782000	0.961472	0.493272	0.477479	0.970751
422.616000	0.962528	0.490003	0.481218	0.971221
432.438000	0.966222	0.486733	0.484908	0.971641
442.266000	0.988917	0.483460	0.488562	0.972022
452.088000	0.979417	0.480195	0.492177	0.972372
461.958000	0.970972	0.476923	0.495777	0.972700
471.768000	0.969917	0.473683	0.499324	0.973006
481.596000	0.982056	0.469597	0.502277	0.971874
491.424000	0.979417	0.461203	0.502277	0.963480
501.264000	0.975722	0.452949	0.502277	0.955226
511.086000	0.990500	0.444858	0.502277	0.947135
520.914000	0.992083	0.436906	0.502277	0.939183
530.718000	1.000000	0.429115	0.502277	0.931392
540.558000	0.990500	0.421435	0.502277	0.923712
550.398000	0.987333	0.413893	0.502277	0.916170
560.268000	0.997361	0.406463	0.502277	0.908740
570.090000	0.976250	0.399202	0.502277	0.901479
579.966000	0.980472	0.392032	0.502277	0.894309
589.788000	0.992611	0.385028	0.502277	0.887306
599.640000	0.982583	0.378129	0.502277	0.880407
609.450000	0.994194	0.371383	0.502277	0.873660
619.290000	0.978361	0.364736	0.502277	0.867013
629.100000	0.979417	0.358228	0.502277	0.860505
638.922000	0.978361	0.351829	0.502277	0.854106
648.756000	0.983111	0.345536	0.502277	0.847813
658.584000	0.967806	0.339360	0.502277	0.841637
668.424000	0.955139	0.333286	0.502277	0.835563
678.294000	0.925584	0.327303	0.502277	0.829581
688.170000	0.913445	0.321425	0.502277	0.823702
698.052000	0.889167	0.315648	0.502277	0.817925
707.892000	0.873862	0.309999	0.502277	0.812276
717.744000	0.857501	0.304444	0.502277	0.806721
727.602000	0.845362	0.298986	0.502277	0.801263
737.442000	0.817390	0.293635	0.502277	0.795912
747.312000	0.801557	0.288364	0.502277	0.790641
757.146000	0.804724	0.283206	0.502277	0.785483
767.052000	0.783613	0.278104	0.502277	0.780381
776.916000	0.768307	0.273115	0.502277	0.775392
786.774000	0.766196	0.268218	0.502277	0.770495
796.644000	0.756696	0.263403	0.502277	0.765681
806.448000	0.735057	0.258707	0.502277	0.760984
816.288000	0.738752	0.254077	0.502277	0.756354
826.140000	0.727141	0.249524	0.502277	0.751801
835.998000	0.711835	0.245050	0.502277	0.747327
845.850000	0.708669	0.240659	0.502277	0.742937
855.678000	0.703919	0.236358	0.502277	0.738635
865.518000	0.712363	0.232127	0.502277	0.734405
875.370000	0.693363	0.227968	0.502277	0.730245
885.336000	0.687558	0.223837	0.502277	0.726114
895.176000	0.682280	0.219831	0.502277	0.722108
905.016000	0.675419	0.215896	0.502277	0.718174
914.856000	0.684919	0.212033	0.502277	0.714310
924.678000	0.680169	0.208245	0.502277	0.710522
934.500000	0.679641	0.204525	0.502277	0.706802
944.328000	0.665919	0.200869	0.502277	0.703146
954.168000	0.661697	0.197274	0.502277	0.699551
964.002000	0.657475	0.193745	0.502277	0.696023
973.860000	0.659586	0.190272	0.502277	0.692549
983.736000	0.655891	0.186854	0.502277	0.689131
993.570000	0.659058	0.183512	0.502277	0.685789
1003.380000	0.655364	0.180238	0.502277	0.682515
1013.232000	0.640586	0.177008	0.502277	0.679285
1023.072000	0.636891	0.173840	0.502277	0.676118
1032.960000	0.645336	0.170714	0.502277	0.672991
1042.830000	0.627391	0.167650	0.502277	0.669927
1052.670000	0.626336	0.164649	0.502277	0.666927
1062.540000	0.639003	0.161694	0.502277	0.663971
1072.380000	0.617364	0.158800	0.502277	0.661077
1082.202000	0.625280	0.155963	0.502277	0.658240
1092.042000	0.631614	0.153172	0.502277	0.655449
1101.852000	0.630030	0.150439	0.502277	0.652716
1111.686000	0.618419	0.147748	0.502277	0.650025
1121.544000	0.617892	0.145099	0.502277	0.647376
1131.366000	0.617364	0.142507	0.502277	0.644784
1141.194000	0.620530	0.139960	0.502277	0.642237
1151.064000	0.617364	0.137447	0.502277	0.639725
1160.916000	0.614197	0.134985	0.502277	0.637262
1170.738000	0.606281	0.132573	0.502277	0.634850
1180.608000	0.604169	0.130193	0.502277	0.632471
1190.466000	0.603114	0.127859	0.502277	0.630136
1200.306000	0.607336	0.125571	0.502277	0.627848
1210.146000	0.596781	0.123324	0.502277	0.625601
1220.052000	0.594142	0.121102	0.502277	0.623379
1229.904000	0.594142	0.118932	0.502277	0.621209
1239.744000	0.594142	0.116803	0.502277	0.619081
1249.584000	0.598364	0.114713	0.502277	0.616990
1259.424000	0.587808	0.112660	0.502277	0.614937
1269.246000	0.595197	0.110647	0.502277	0.612925
1279.116000	0.587281	0.108661	0.502277	0.610939
1288.956000	0.596781	0.106717	0.502277	0.608994
1298.796000	0.592558	0.104807	0.502277	0.607084
1308.618000	0.593614	0.102934	0.502277	0.605212
1318.494000	0.579892	0.101086	0.502277	0.603363
1328.316000	0.578308	0.099280	0.502277	0.601557
1338.174000	0.579364	0.097500	0.502277	0.599777
1348.050000	0.573031	0.095749	0.502277	0.598026
1357.902000	0.579892	0.094033	0.502277	0.596310
1367.742000	0.581475	0.092350	0.502277	0.594627
1377.666000	0.582003	0.090683	0.502277	0.592960
1387.518000	0.570392	0.089058	0.502277	0.591336
1397.352000	0.564586	0.087465	0.502277	0.589743
1407.210000	0.578836	0.085897	0.502277	0.588175
1417.032000	0.566170	0.084363	0.502277	0.586640
1426.872000	0.567753	0.082853	0.502277	0.585130
1436.730000	0.570392	0.081368	0.502277	0.583645
1446.630000	0.574614	0.079903	0.502277	0.582180
1456.488000	0.558781	0.078470	0.502277	0.580747
1466.334000	0.561420	0.077065	0.502277	0.579342
1476.186000	0.560364	0.075684	0.502277	0.577961
1486.026000	0.563531	0.074329	0.502277	0.576607
1495.848000	0.557725	0.073002	0.502277	0.575279
1505.676000	0.567225	0.071697	0.502277	0.573974
1515.510000	0.552448	0.070414	0.502277	0.572692
1525.368000	0.560364	0.069152	0.502277	0.571429
1535.238000	0.557198	0.067910	0.502277	0.570188
1545.048000	0.564586	0.066699	0.502277	0.568976
1554.852000	0.557198	0.065509	0.502277	0.567787
1564.674000	0.547698	0.064339	0.502277	0.566616
1574.562000	0.549809	0.063182	0.502277	0.565459
1584.402000	0.557725	0.062051	0.502277	0.564329
1594.242000	0.551392	0.060941	0.502277	0.563218
1604.136000	0.548225	0.059844	0.502277	0.562122
1613.994000	0.549809	0.058771	0.502277	0.561049
1623.798000	0.550336	0.057723	0.502277	0.560001
1633.602000	0.546642	0.056694	0.502277	0.558971
1643.460000	0.546642	0.055678	0.502277	0.557955
1653.312000	0.550336	0.054680	0.502277	0.556957
1663.122000	0.551920	0.053704	0.502277	0.555982
1672.962000	0.539781	0.052743	0.502277	0.555020
1682.766000	0.536614	0.051803	0.502277	0.554080
1692.576000	0.537670	0.050878	0.502277	0.553156
1702.398000	0.538725	0.049969	0.502277	0.552247
1712.232000	0.548225	0.049076	0.502277	0.551353
1722.090000	0.533975	0.048196	0.502277	0.550473
1731.924000	0.546642	0.047334	0.502277	0.549611
1741.746000	0.537142	0.046488	0.502277	0.548765
1751.634000	0.538198	0.045652	0.502277	0.547929
1761.474000	0.544003	0.044835	0.502277	0.547112
1771.302000	0.532392	0.044034	0.502277	0.546311
1781.124000	0.538725	0.043247	0.502277	0.545524
1791.012000	0.542420	0.042469	0.502277	0.544747
1800.864000	0.540309	0.041708	0.502277	0.543986
1810.704000	0.535559	0.040962	0.502277	0.543239
1820.556000	0.530281	0.040228	0.502277	0.542505
1830.444000	0.525531	0.039505	0.502277	0.541782
1840.308000	0.527642	0.038796	0.502277	0.541073
1850.148000	0.525531	0.038102	0.502277	0.540379
1859.982000	0.535559	0.037420	0.502277	0.539697
1869.822000	0.526059	0.036750	0.502277	0.539028
1879.662000	0.537142	0.036093	0.502277	0.538370
1889.508000	0.518670	0.035446	0.502277	0.537724
1899.342000	0.523948	0.034812	0.502277	0.537090
1909.230000	0.519198	0.034186	0.502277	0.536464
1919.118000	0.526059	0.033572	0.502277	0.535849
1928.922000	0.521837	0.032973	0.502277	0.535250
1938.798000	0.518670	0.032381	0.502277	0.534658
1948.650000	0.532392	0.031800	0.502277	0.534078
1958.502000	0.519198	0.031231	0.502277	0.533508
1968.330000	0.529753	0.030672	0.502277	0.532950
1978.230000	0.516031	0.030120	0.502277	0.532397
1988.052000	0.521837	0.029582	0.502277	0.531859
1997.874000	0.521837	0.029054	0.502277	0.531331
2007.714000	0.518142	0.028534	0.502277	0.530811
2017.554000	0.515503	0.028023	0.502277	0.530300
2027.376000	0.528698	0.027522	0.502277	0.529800
2037.246000	0.511281	0.027028	0.502277	0.529306
2047.068000	0.527642	0.026545	0.502277	0.528823
2056.926000	0.520781	0.026070	0.502277	0.528347
2066.802000	0.519726	0.025601	0.502277	0.527879
2076.654000	0.515503	0.025143	0.502277	0.527420
2086.506000	0.516559	0.024692	0.502277	0.526969
2096.328000	0.514448	0.024251	0.502277	0.526528
2106.204000	0.514976	0.023815	0.502277	0.526093
2116.044000	0.507587	0.023389	0.502277	0.525666
2125.914000	0.520781	0.022969	0.502277	0.525247
2135.790000	0.520781	0.022557	0.502277	0.524834
2145.642000	0.510226	0.022153	0.502277	0.524430
2155.518000	0.513920	0.021755	0.502277	0.524032
2165.370000	0.507059	0.021365	0.502277	0.523642
2175.228000	0.514976	0.020982	0.502277	0.523259
2185.068000	0.514976	0.020606	0.502277	0.522884
2194.950000	0.510226	0.020236	0.502277	0.522513
2204.808000	0.504948	0.019873	0.502277	0.522150
2214.666000	0.505476	0.019517	0.502277	0.521794
2224.542000	0.502837	0.019166	0.502277	0.521444
2234.376000	0.514976	0.018823	0.502277	0.521101
2244.234000	0.503892	0.018486	0.502277	0.520763
2254.074000	0.508642	0.018155	0.502277	0.520432
2263.944000	0.514976	0.017829	0.502277	0.520106
2273.784000	0.500726	0.017510	0.502277	0.519787
2283.660000	0.513392	0.017196	0.502277	0.519473
2293.530000	0.511281	0.016887	0.502277	0.519164
2303.370000	0.510753	0.016585	0.502277	0.518862
2313.240000	0.499670	0.016287	0.502277	0.518564
2323.098000	0.500726	0.015995	0.502277	0.518272
2332.956000	0.501253	0.015708	0.502277	0.517986
2342.796000	0.500726	0.015427	0.502277	0.517704
2352.636000	0.503892	0.015151	0.502277	0.517428
2362.488000	0.488059	0.014880	0.502277	0.517157
2372.316000	0.497031	0.014614	0.502277	0.516891
2382.198000	0.501781	0.014351	0.502277	0.516628
2392.020000	0.494392	0.014095	0.502277	0.516372
2401.842000	0.504420	0.013843	0.502277	0.516120
2411.670000	0.484892	0.013595	0.502277	0.515873
2421.522000	0.494392	0.013352	0.502277	0.515629
2431.374000	0.499142	0.013113	0.502277	0.515390
2441.196000	0.495976	0.012878	0.502277	0.515155
2451.054000	0.493865	0.012647	0.502277	0.514925
2460.876000	0.504420	0.012421	0.502277	0.514699
2470.746000	0.491754	0.012198	0.502277	0.514476
2480.610000	0.489115	0.011980	0.502277	0.514257
2490.432000	0.497031	0.011766	0.502277	0.514043
2500.290000	0.487531	0.011555	0.502277	0.513832
2510.166000	0.494920	0.011347	0.502277	0.513624
2520.048000	0.488059	0.011143	0.502277	0.513420
2529.924000	0.499670	0.010943	0.502277	0.513220
2539.776000	0.499142	0.010747	0.502277	0.513024
2549.628000	0.498087	0.010554	0.502277	0.512832
2559.486000	0.494920	0.010365	0.502277	0.512642
2569.326000	0.487531	0.010180	0.502277	0.512457
2579.196000	0.502309	0.009997	0.502277	0.512274
2589.054000	0.489115	0.009818	0.502277	0.512095
2598.918000	0.495976	0.009642	0.502277	0.511919
2608.824000	0.489642	0.009468	0.502277	0.511745
2618.646000	0.483837	0.009299	0.502277	0.511576
2628.516000	0.490698	0.009132	0.502277	0.511409
2638.374000	0.486476	0.008968	0.502277	0.511245
2648.196000	0.484365	0.008808	0.502277	0.511085
2658.018000	0.490698	0.008651	0.502277	0.510928
2667.840000	0.483309	0.008496	0.502277	0.510773
2677.680000	0.494920	0.008344	0.502277	0.510621
2687.508000	0.485948	0.008195	0.502277	0.510472
