Time (s)	Exp_data	Gamma_E	Gamma_I	Gamma_T
147.504000	0.018340	0.000000	0.000000	0.000000
157.326000	0.339755	0.000000	0.405379	0.405379
167.178000	0.711308	0.000000	0.557460	0.557460
177.024000	0.766724	0.000000	0.614221	0.614221
186.846000	0.788890	0.000000	0.635396	0.635396
196.698000	0.803140	0.000000	0.643340	0.643340
206.520000	0.829001	0.000000	0.646301	0.646301
216.330000	0.829529	0.000000	0.647409	0.647409
226.170000	0.851695	0.000000	0.647825	0.647825
235.992000	0.861723	0.000000	0.647980	0.647980
245.814000	0.856973	0.000000	0.648039	0.648039
255.636000	0.878612	0.000000	0.648060	0.648060
265.464000	0.903417	0.000000	0.648069	0.648069
275.304000	0.917139	0.000000	0.648072	0.648072
285.120000	0.920834	0.000000	0.648073	0.648073
294.942000	0.918195	0.000000	0.648073	0.648073
304.770000	0.941417	0.000000	0.648073	0.648073
314.610000	0.935084	0.000000	0.648073	0.648073
324.420000	0.939306	0.000000	0.648073	0.648073
334.224000	0.962528	0.000000	0.648074	0.648074
344.070000	0.944584	0.000000	0.648074	0.648074
353.886000	0.946167	0.000000	0.648074	0.648074
363.696000	0.963056	0.000000	0.648074	0.648074
373.518000	0.954084	0.000000	0.648074	0.648074
383.328000	0.955139	0.000000	0.648074	0.648074
393.150000	0.956195	0.000000	0.648074	0.648074
402.972000	0.960417	0.000000	0.648074	0.648074
412.782000	0.961472	0.000000	0.648074	0.648074
422.616000	0.962528	0.000000	0.648074	0.648074
432.438000	0.966222	0.000000	0.648074	0.648074
442.266000	0.988917	0.000000	0.648073	0.648073
452.088000	0.979417	0.000000	0.648073	0.648073
461.958000	0.970972	0.000000	0.648073	0.648073
471.768000	0.969917	0.000000	0.648073	0.648073
481.596000	0.982056	0.000000	0.648073	0.648073
491.424000	0.979417	0.000000	0.648073	0.648073
501.264000	0.975722	0.000000	0.648073	0.648073
511.086000	0.990500	0.000000	0.648073	0.648073
520.914000	0.992083	0.000000	0.648073	0.648073
530.718000	1.000000	0.000000	0.648073	0.648073
540.558000	0.990500	0.000000	0.648073	0.648073
550.398000	0.987333	0.000000	0.648073	0.648073
560.268000	0.997361	0.000000	0.648073	0.648073
570.090000	0.976250	0.000000	0.648073	0.648073
579.966000	0.980472	0.000000	0.648073	0.648073
589.788000	0.992611	0.000000	0.648073	0.648073
599.640000	0.982583	0.000000	0.648073	0.648073
609.450000	0.994194	0.000000	0.648073	0.648073
619.290000	0.978361	0.000000	0.648073	0.648073
629.100000	0.979417	0.000000	0.648073	0.648073
638.922000	0.978361	0.000000	0.648073	0.648073
648.756000	0.983111	0.000000	0.648073	0.648073
658.584000	0.967806	0.000000	0.648073	0.648073
668.424000	0.955139	0.000000	0.648073	0.648073
678.294000	0.925584	0.000000	0.648073	0.648073
688.170000	0.913445	0.000000	0.648073	0.648073
698.052000	0.889167	0.000000	0.648073	0.648073
707.892000	0.873862	0.000000	0.648073	0.648073
717.744000	0.857501	0.000000	0.648073	0.648073
727.602000	0.845362	0.000000	0.648073	0.648073
737.442000	0.817390	0.000000	0.648073	0.648073
747.312000	0.801557	0.000000	0.648073	0.648073
757.146000	0.804724	0.000000	0.648073	0.648073
767.052000	0.783613	0.000000	0.648073	0.648073
776.916000	0.768307	0.000000	0.648073	0.648073
786.774000	0.766196	0.000000	0.648073	0.648073
796.644000	0.756696	0.000000	0.648073	0.648073
806.448000	0.735057	0.000000	0.648073	0.648073
816.288000	0.738752	0.000000	0.648073	0.648073
826.140000	0.727141	0.000000	0.648073	0.648073
835.998000	0.711835	0.000000	0.648073	0.648073
845.850000	0.708669	0.000000	0.648073	0.648073
855.678000	0.703919	0.000000	0.648073	0.648073
865.518000	0.712363	0.000000	0.648073	0.648073
875.370000	0.693363	0.000000	0.648073	0.648073
885.336000	0.687558	0.000000	0.648073	0.648073
895.176000	0.682280	0.000000	0.648073	0.648073
905.016000	0.675419	0.000000	0.648073	0.648073
914.856000	0.684919	0.000000	0.648073	0.648073
924.678000	0.680169	0.000000	0.648073	0.648073
934.500000	0.679641	0.000000	0.648073	0.648073
944.328000	0.665919	0.000000	0.648073	0.648073
954.168000	0.661697	0.000000	0.648073	0.648073
964.002000	0.657475	0.000000	0.648073	0.648073
973.860000	0.659586	0.000000	0.648073	0.648073
983.736000	0.655891	0.000000	0.648073	0.648073
993.570000	0.659058	0.000000	0.648073	0.648073
1003.380000	0.655364	0.000000	0.648073	0.648073
1013.232000	0.640586	0.000000	0.648073	0.648073
1023.072000	0.636891	0.000000	0.648073	0.648073
1032.960000	0.645336	0.000000	0.648073	0.648073
1042.830000	0.627391	0.000000	0.648073	0.648073
1052.670000	0.626336	0.000000	0.648073	0.648073
1062.540000	0.639003	0.000000	0.648073	0.648073
1072.380000	0.617364	0.000000	0.648073	0.648073
1082.202000	0.625280	0.000000	0.648073	0.648073
1092.042000	0.631614	0.000000	0.648073	0.648073
1101.852000	0.630030	0.000000	0.648073	0.648073
1111.686000	0.618419	0.000000	0.648073	0.648073
1121.544000	0.617892	0.000000	0.648073	0.648073
1131.366000	0.617364	0.000000	0.648073	0.648073
1141.194000	0.620530	0.000000	0.648073	0.648073
1151.064000	0.617364	0.000000	0.648073	0.648073
1160.916000	0.614197	0.000000	0.648073	0.648073
1170.738000	0.606281	0.000000	0.648073	0.648073
1180.608000	0.604169	0.000000	0.648073	0.648073
1190.466000	0.603114	0.000000	0.648073	0.648073
1200.306000	0.607336	0.000000	0.648073	0.648073
1210.146000	0.596781	0.000000	0.648073	0.648073
1220.052000	0.594142	0.000000	0.648073	0.648073
1229.904000	0.594142	0.000000	0.648073	0.648073
1239.744000	0.594142	0.000000	0.648073	0.648073
1249.584000	0.598364	0.000000	0.648073	0.648073
1259.424000	0.587808	0.000000	0.648073	0.648073
1269.246000	0.595197	0.000000	0.648073	0.648073
1279.116000	0.587281	0.000000	0.648073	0.648073
1288.956000	0.596781	0.000000	0.648073	0.648073
1298.796000	0.592558	0.000000	0.648073	0.648073
1308.618000	0.593614	0.000000	0.648073	0.648073
1318.494000	0.579892	0.000000	0.648073	0.648073
1328.316000	0.578308	0.000000	0.648073	0.648073
1338.174000	0.579364	0.000000	0.648073	0.648073
1348.050000	0.573031	0.000000	0.648073	0.648073
1357.902000	0.579892	0.000000	0.648073	0.648073
1367.742000	0.581475	0.000000	0.648073	0.648073
1377.666000	0.582003	0.000000	0.648073	0.648073
1387.518000	0.570392	0.000000	0.648073	0.648073
1397.352000	0.564586	0.000000	0.648073	0.648073
1407.210000	0.578836	0.000000	0.648073	0.648073
1417.032000	0.566170	0.000000	0.648073	0.648073
1426.872000	0.567753	0.000000	0.648073	0.648073
1436.730000	0.570392	0.000000	0.648073	0.648073
1446.630000	0.574614	0.000000	0.648073	0.648073
1456.488000	0.558781	0.000000	0.648073	0.648073
1466.334000	0.561420	0.000000	0.648073	0.648073
1476.186000	0.560364	0.000000	0.648073	0.648073
1486.026000	0.563531	0.000000	0.648073	0.648073
1495.848000	0.557725	0.000000	0.648073	0.648073
1505.676000	0.567225	0.000000	0.648073	0.648073
1515.510000	0.552448	0.000000	0.648073	0.648073
1525.368000	0.560364	0.000000	0.648073	0.648073
1535.238000	0.557198	0.000000	0.648073	0.648073
1545.048000	0.564586	0.000000	0.648073	0.648073
1554.852000	0.557198	0.000000	0.648073	0.648073
1564.674000	0.547698	0.000000	0.648073	0.648073
1574.562000	0.549809	0.000000	0.648073	0.648073
1584.402000	0.557725	0.000000	0.648073	0.648073
1594.242000	0.551392	0.000000	0.648073	0.648073
1604.136000	0.548225	0.000000	0.648073	0.648073
1613.994000	0.549809	0.000000	0.648073	0.648073
1623.798000	0.550336	0.000000	0.648073	0.648073
1633.602000	0.546642	0.000000	0.648073	0.648073
1643.460000	0.546642	0.000000	0.648073	0.648073
1653.312000	0.550336	0.000000	0.648073	0.648073
1663.122000	0.551920	0.000000	0.648073	0.648073
1672.962000	0.539781	0.000000	0.648073	0.648073
1682.766000	0.536614	0.000000	0.648073	0.648073
1692.576000	0.537670	0.000000	0.648073	0.648073
1702.398000	0.538725	0.000000	0.648073	0.648073
1712.232000	0.548225	0.000000	0.648073	0.648073
1722.090000	0.533975	0.000000	0.648073	0.648073
1731.924000	0.546642	0.000000	0.648073	0.648073
1741.746000	0.537142	0.000000	0.648073	0.648073
1751.634000	0.538198	0.000000	0.648073	0.648073
1761.474000	0.544003	0.000000	0.648073	0.648073
1771.302000	0.532392	0.000000	0.648073	0.648073
1781.124000	0.538725	0.000000	0.648073	0.648073
1791.012000	0.542420	0.000000	0.648073	0.648073
1800.864000	0.540309	0.000000	0.648073	0.648073
1810.704000	0.535559	0.000000	0.648073	0.648073
1820.556000	0.530281	0.000000	0.648073	0.648073
1830.444000	0.525531	0.000000	0.648073	0.648073
1840.308000	0.527642	0.000000	0.648073	0.648073
1850.148000	0.525531	0.000000	0.648073	0.648073
1859.982000	0.535559	0.000000	0.648073	0.648073
1869.822000	0.526059	0.000000	0.648073	0.648073
1879.662000	0.537142	0.000000	0.648073	0.648073
1889.508000	0.518670	0.000000	0.648073	0.648073
1899.342000	0.523948	0.000000	0.648073	0.648073
1909.230000	0.519198	0.000000	0.648073	0.648073
1919.118000	0.526059	0.000000	0.648073	0.648073
1928.922000	0.521837	0.000000	0.648073	0.648073
1938.798000	0.518670	0.000000	0.648073	0.648073
1948.650000	0.532392	0.000000	0.648073	0.648073
1958.502000	0.519198	0.000000	0.648073	0.648073
1968.330000	0.529753	0.000000	0.648073	0.648073
1978.230000	0.516031	0.000000	0.648073	0.648073
1988.052000	0.521837	0.000000	0.648073	0.648073
1997.874000	0.521837	0.000000	0.648073	0.648073
2007.714000	0.518142	0.000000	0.648073	0.648073
2017.554000	0.515503	0.000000	0.648073	0.648073
2027.376000	0.528698	0.000000	0.648073	0.648073
2037.246000	0.511281	0.000000	0.648073	0.648073
2047.068000	0.527642	0.000000	0.648073	0.648073
2056.926000	0.520781	0.000000	0.648073	0.648073
2066.802000	0.519726	0.000000	0.648073	0.648073
2076.654000	0.515503	0.000000	0.648073	0.648073
2086.506000	0.516559	0.000000	0.648073	0.648073
2096.328000	0.514448	0.000000	0.648073	0.648073
2106.204000	0.514976	0.000000	0.648073	0.648073
2116.044000	0.507587	0.000000	0.648073	0.648073
2125.914000	0.520781	0.000000	0.648073	0.648073
2135.790000	0.520781	0.000000	0.648073	0.648073
2145.642000	0.510226	0.000000	0.648073	0.648073
2155.518000	0.513920	0.000000	0.648073	0.648073
2165.370000	0.507059	0.000000	0.648073	0.648073
2175.228000	0.514976	0.000000	0.648073	0.648073
2185.068000	0.514976	0.000000	0.648073	0.648073
2194.950000	0.510226	0.000000	0.648073	0.648073
2204.808000	0.504948	0.000000	0.648073	0.648073
2214.666000	0.505476	0.000000	0.648073	0.648073
2224.542000	0.502837	0.000000	0.648073	0.648073
2234.376000	0.514976	0.000000	0.648073	0.648073
2244.234000	0.503892	0.000000	0.648073	0.648073
2254.074000	0.508642	0.000000	0.648073	0.648073
2263.944000	0.514976	0.000000	0.648073	0.648073
2273.784000	0.500726	0.000000	0.648073	0.648073
2283.660000	0.513392	0.000000	0.648073	0.648073
2293.530000	0.511281	0.000000	0.648073	0.648073
2303.370000	0.510753	0.000000	0.648073	0.648073
2313.240000	0.499670	0.000000	0.648073	0.648073
2323.098000	0.500726	0.000000	0.648073	0.648073
2332.956000	0.501253	0.000000	0.648073	0.648073
2342.796000	0.500726	0.000000	0.648073	0.648073
2352.636000	0.503892	0.000000	0.648073	0.648073
2362.488000	0.488059	0.000000	0.648073	0.648073
2372.316000	0.497031	0.000000	0.648073	0.648073
2382.198000	0.501781	0.000000	0.648073	0.648073
2392.020000	0.494392	0.000000	0.648073	0.648073
2401.842000	0.504420	0.000000	0.648073	0.648073
2411.670000	0.484892	0.000000	0.648073	0.648073
2421.522000	0.494392	0.000000	0.648073	0.648073
2431.374000	0.499142	0.000000	0.648073	0.648073
2441.196000	0.495976	0.000000	0.648073	0.648073
2451.054000	0.493865	0.000000	0.648073	0.648073
2460.876000	0.504420	0.000000	0.648073	0.648073
2470.746000	0.491754	0.000000	0.648073	0.648073
2480.610000	0.489115	0.000000	0.648073	0.648073
2490.432000	0.497031	0.000000	0.648073	0.648073
2500.290000	0.487531	0.000000	0.648073	0.648073
2510.166000	0.494920	0.000000	0.648073	0.648073
2520.048000	0.488059	0.000000	0.648073	0.648073
2529.924000	0.499670	0.000000	0.648073	0.648073
2539.776000	0.499142	0.000000	0.648073	0.648073
2549.628000	0.498087	0.000000	0.648073	0.648073
2559.486000	0.494920	0.000000	0.648073	0.648073
2569.326000	0.487531	0.000000	0.648073	0.648073
2579.196000	0.502309	0.000000	0.648073	0.648073
2589.054000	0.489115	0.000000	0.648073	0.648073
2598.918000	0.495976	0.000000	0.648073	0.648073
2608.824000	0.489642	0.000000	0.648073	0.648073
2618.646000	0.483837	0.000000	0.648073	0.648073
2628.516000	0.490698	0.000000	0.648073	0.648073
2638.374000	0.486476	0.000000	0.648073	0.648073
2648.196000	0.484365	0.000000	0.648073	0.648073
2658.018000	0.490698	0.000000	0.648073	0.648073
2667.840000	0.483309	0.000000	0.648073	0.648073
2677.680000	0.494920	0.000000	0.648073	0.648073
2687.508000	0.485948	0.000000	0.648073	0.648073
