##TITLE= Parameter file, TopSpin 4.3.0
##JCAMPDX= 5.0
##DATATYPE= Parameter Values
##NPOINTS= 8	$$ modification sequence number
##ORIGIN= Bruker BioSpin GmbH
##OWNER= courtade
$$ 2024-04-11 12:18:56.652 +0200  courtade@ntnu22911
$$ /home/courtade/Documents/nmrdata/AA14_peptide/8/pdata/1/clevels
$$ process /opt/topspin4.3.0/prog/mod/dataserver
##$LEVELS= (0..255)
-79171827.634363 -43984348.6857572 -24435749.2698651 -13575416.2610362
-7541897.92279788 -4189943.29044326 -2327746.27246848 -1293192.3735936
-718440.207552 -399133.44864 -221740.8048 -123189.336 -68438.52 -38021.4
-21123 -11735 11735 21123 38021.4 68438.52 123189.336 221740.8048 399133.44864
718440.207552 1293192.3735936 2327746.27246848 4189943.29044326 7541897.92279788
13575416.2610362 24435749.2698651 43984348.6857572 79171827.634363 0 0
0 0 0 0 0 0 0 0 0 0 0 0 0 0 0 0 0 0 0 0 0 0 0 0 0 0 0 0 0 0 0 0 0 0 0 0
0 0 0 0 0 0 0 0 0 0 0 0 0 0 0 0 0 0 0 0 0 0 0 0 0 0 0 0 0 0 0 0 0 0 0 0
0 0 0 0 0 0 0 0 0 0 0 0 0 0 0 0 0 0 0 0 0 0 0 0 0 0 0 0 0 0 0 0 0 0 0 0
0 0 0 0 0 0 0 0 0 0 0 0 0 0 0 0 0 0 0 0 0 0 0 0 0 0 0 0 0 0 0 0 0 0 0 0
0 0 0 0 0 0 0 0 0 0 0 0 0 0 0 0 0 0 0 0 0 0 0 0 0 0 0 0 0 0 0 0 0 0 0 0
0 0 0 0 0 0 0 0 0 0 0 0 0 0 0 0 0 0 0 0 0 0 0 0 0 0 0 0 0 0 0 0 0 0 0 0
0 0 0 0 0 0
##$LEVSIGN= 3
##$MAXLEV= 16
##$METHOD= 0
##$NEGBASE= -11735
##$NEGINCR= 1.8
##$POSBASE= 11735
##$POSINCR= 1.8
##END=
