Time (min) - L1 670nm	 - L1 670nm	Time (min) - L2 785nm	 - L2 785nm	Time (min) - L3 980nm	 - L3 980nm	Time (min) - L5 670nm	 - L5 670nm	Time (min) - L6 785nm	 - L6 785nm	Time (min) - L7 980nm	 - L7 980nm	
0,17495	72,2183	0,17495	67,9392	0,17495	65,0156	0,17495	72,2485	0,17495	67,8806	0,17495	64,9049	
0,339483	72,2152	0,339483	67,9381	0,339483	65,0148	0,339483	72,2467	0,339483	67,8802	0,339483	64,9048	
0,50345	72,2181	0,50345	67,9376	0,50345	65,0154	0,50345	72,244	0,50345	67,8801	0,50345	64,9046	
0,6677	72,2147	0,6677	67,9383	0,6677	65,0155	0,6677	72,2465	0,6677	67,8796	0,6677	64,905	
0,832783	72,2145	0,832783	67,9373	0,832783	65,0155	0,832783	72,2475	0,832783	67,8793	0,832783	64,9047	
0,996733	72,2155	0,996733	67,9377	0,996733	65,0156	0,996733	72,2429	0,996733	67,8803	0,996733	64,9051	
1,16098	72,2194	1,16098	67,9376	1,16098	65,0153	1,16098	72,2458	1,16098	67,8798	1,16098	64,9045	
1,32552	72,2196	1,32552	67,9374	1,32552	65,0147	1,32552	72,2393	1,32552	67,8797	1,32552	64,9047	
1,48925	72,2199	1,48925	67,9386	1,48925	65,0151	1,48925	72,2396	1,48925	67,8821	1,48925	64,9049	
1,65323	72,2149	1,65323	67,9389	1,65323	65,0155	1,65323	72,2401	1,65323	67,8798	1,65323	64,905	
1,81748	72,2146	1,81748	67,9377	1,81748	65,0155	1,81748	72,2479	1,81748	67,8794	1,81748	64,9049	
1,98143	72,2174	1,98143	67,9388	1,98143	65,0156	1,98143	72,2417	1,98143	67,8798	1,98143	64,905	
2,1454	72,2138	2,1454	67,9373	2,1454	65,0159	2,1454	72,2409	2,1454	67,8802	2,1454	64,9049	
2,30885	72,2164	2,30885	67,9382	2,30885	65,015	2,30885	72,2435	2,30885	67,8821	2,30885	64,905	
2,47257	72,2145	2,47257	67,9381	2,47257	65,0156	2,47257	72,2459	2,47257	67,8818	2,47257	64,9044	
2,63655	72,2188	2,63655	67,9383	2,63655	65,0151	2,63655	72,2394	2,63655	67,8827	2,63655	64,9047	
2,8	72,216	2,8	67,9381	2,8	65,0159	2,8	72,2455	2,8	67,8799	2,8	64,9046	
2,96375	72,219	2,96375	67,939	2,96375	65,0157	2,96375	72,2451	2,96375	67,8802	2,96375	64,9048	
3,12743	72,2191	3,12743	67,9383	3,12743	65,0154	3,12743	72,2474	3,12743	67,8815	3,12743	64,9049	
3,2914	72,2186	3,2914	67,9384	3,2914	65,0153	3,2914	72,245	3,2914	67,8802	3,2914	64,905	
3,45503	72,2155	3,45503	67,9391	3,45503	65,0155	3,45503	72,2445	3,45503	67,8824	3,45503	64,9045	
3,61955	72,2166	3,61955	67,9384	3,61955	65,0161	3,61955	72,2411	3,61955	67,8805	3,61955	64,9052	
3,78383	72,2206	3,78383	67,9387	3,78383	65,0157	3,78383	72,2423	3,78383	67,8817	3,78383	64,9048	
3,94808	72,2197	3,94808	67,94	3,94808	65,0159	3,94808	72,2458	3,94808	67,8796	3,94808	64,905	
4,11202	72,216	4,11202	67,9388	4,11202	65,0151	4,11202	72,2414	4,11202	67,8792	4,11202	64,9047	
4,27547	72,218	4,27547	67,9385	4,27547	65,0159	4,27547	72,2424	4,27547	67,8808	4,27547	64,9044	
4,4397	72,2193	4,4397	67,9379	4,4397	65,0156	4,4397	72,2404	4,4397	67,8797	4,4397	64,9047	
4,60423	72,2192	4,60423	67,939	4,60423	65,016	4,60423	72,2421	4,60423	67,8799	4,60423	64,9049	
4,76902	72,2127	4,76902	67,9396	4,76902	65,0159	4,76902	72,2464	4,76902	67,8804	4,76902	64,9049	
4,93353	72,2183	4,93353	67,939	4,93353	65,016	4,93353	72,2407	4,93353	67,881	4,93353	64,9052	
5,09805	72,221	5,09805	67,9384	5,09805	65,0153	5,09805	72,2429	5,09805	67,8804	5,09805	64,905	
5,26268	72,2159	5,26268	67,9385	5,26268	65,0154	5,26268	72,2394	5,26268	67,8826	5,26268	64,9047	
5,43145	72,2198	5,43145	67,9377	5,43145	65,0156	5,43145	72,2453	5,43145	67,8802	5,43145	64,9045	
5,59248	72,2142	5,59248	67,939	5,59248	65,0151	5,59248	72,2401	5,59248	67,88	5,59248	64,9047	
5,75673	72,2173	5,75673	67,9379	5,75673	65,0151	5,75673	72,2426	5,75673	67,8803	5,75673	64,9045	
5,92203	72,2202	5,92203	67,9389	5,92203	65,0154	5,92203	72,243	5,92203	67,8792	5,92203	64,9049	
6,08627	72,2184	6,08627	67,9387	6,08627	65,0154	6,08627	72,2429	6,08627	67,8814	6,08627	64,905	
6,25027	72,2167	6,25027	67,9397	6,25027	65,0147	6,25027	72,2478	6,25027	67,8816	6,25027	64,9046	
6,4145	72,2131	6,4145	67,9388	6,4145	65,015	6,4145	72,246	6,4145	67,8796	6,4145	64,9046	
6,57898	72,218	6,57898	67,9396	6,57898	65,0161	6,57898	72,2412	6,57898	67,8803	6,57898	64,9048	
6,74303	72,2187	6,74303	67,9386	6,74303	65,0154	6,74303	72,2458	6,74303	67,8793	6,74303	64,9051	
6,90705	72,2152	6,90705	67,9389	6,90705	65,0157	6,90705	72,2445	6,90705	67,8798	6,90705	64,9048	
7,0713	72,2165	7,0713	67,9394	7,0713	65,0159	7,0713	72,246	7,0713	67,8805	7,0713	64,9047	
7,23587	72,2159	7,23587	67,9392	7,23587	65,0155	7,23587	72,2476	7,23587	67,8802	7,23587	64,9048	
7,39983	72,2172	7,39983	67,9388	7,39983	65,0153	7,39983	72,2449	7,39983	67,8802	7,39983	64,9046	
7,56408	72,2164	7,56408	67,9385	7,56408	65,0154	7,56408	72,2392	7,56408	67,8814	7,56408	64,9048	
7,7286	72,2168	7,7286	67,9379	7,7286	65,0156	7,7286	72,2438	7,7286	67,8803	7,7286	64,9046	
7,89258	72,2166	7,89258	67,9384	7,89258	65,0151	7,89258	72,2459	7,89258	67,8798	7,89258	64,9048	
8,0571	72,2162	8,0571	67,9384	8,0571	65,0153	8,0571	72,2397	8,0571	67,8823	8,0571	64,9044	
8,22107	72,216	8,22107	67,9398	8,22107	65,0152	8,22107	72,2451	8,22107	67,8818	8,22107	64,9045	
8,38533	72,2204	8,38533	67,9385	8,38533	65,0157	8,38533	72,239	8,38533	67,8798	8,38533	64,9044	
8,54987	72,2182	8,54987	67,9391	8,54987	65,016	8,54987	72,2477	8,54987	67,88	8,54987	64,9051	
8,7141	72,2165	8,7141	67,9381	8,7141	65,0155	8,7141	72,2447	8,7141	67,8799	8,7141	64,9044	
8,87868	72,2166	8,87868	67,9381	8,87868	65,0148	8,87868	72,2416	8,87868	67,8798	8,87868	64,9045	
9,0432	72,2203	9,0432	67,9392	9,0432	65,0149	9,0432	72,246	9,0432	67,8827	9,0432	64,905	
9,20718	72,2154	9,20718	67,9392	9,20718	65,0156	9,20718	72,2452	9,20718	67,88	9,20718	64,9046	
9,37115	72,2127	9,37115	67,9391	9,37115	65,0152	9,37115	72,2454	9,37115	67,8825	9,37115	64,9042	
9,53513	72,2172	9,53513	67,9389	9,53513	65,0155	9,53513	72,2395	9,53513	67,8802	9,53513	64,9047	
9,69858	72,2187	9,69858	67,9391	9,69858	65,0152	9,69858	72,2455	9,69858	67,8818	9,69858	64,9048	
9,86228	72,2186	9,86228	67,9392	9,86228	65,0146	9,86228	72,2414	9,86228	67,8806	9,86228	64,9049	
10,0268	72,2153	10,0268	67,939	10,0268	65,0156	10,0268	72,2457	10,0268	67,8794	10,0268	64,9049	
10,1913	72,2187	10,1913	67,9389	10,1913	65,0161	10,1913	72,2428	10,1913	67,8823	10,1913	64,9048	
10,355	72,2176	10,355	67,9397	10,355	65,0159	10,355	72,2429	10,355	67,881	10,355	64,905	
10,5193	72,2167	10,5193	67,9392	10,5193	65,0156	10,5193	72,2408	10,5193	67,8806	10,5193	64,9049	
10,683	72,2073	10,683	67,9404	10,683	65,0157	10,683	72,2448	10,683	67,8823	10,683	64,9046	
10,8467	72,2071	10,8467	67,9391	10,8467	65,0149	10,8467	72,2393	10,8467	67,8807	10,8467	64,9048	
11,0112	72,2182	11,0112	67,9397	11,0112	65,0158	11,0112	72,2476	11,0112	67,8807	11,0112	64,905	
11,176	72,2162	11,176	67,9401	11,176	65,016	11,176	72,2453	11,176	67,8807	11,176	64,905	
11,3405	72,2212	11,3405	67,939	11,3405	65,0156	11,3405	72,2458	11,3405	67,8804	11,3405	64,9048	
11,5049	72,2199	11,5049	67,9388	11,5049	65,015	11,5049	72,2437	11,5049	67,8806	11,5049	64,9051	
11,6692	72,2178	11,6692	67,9402	11,6692	65,0159	11,6692	72,2488	11,6692	67,8809	11,6692	64,9048	
11,8334	72,2177	11,8334	67,9391	11,8334	65,0159	11,8334	72,2416	11,8334	67,8802	11,8334	64,905	
11,9974	72,215	11,9974	67,9396	11,9974	65,0161	11,9974	72,2462	11,9974	67,8803	11,9974	64,9054	
12,1627	72,22	12,1627	67,9393	12,1627	65,0157	12,1627	72,2403	12,1627	67,8797	12,1627	64,9049	
12,3267	72,2171	12,3267	67,9401	12,3267	65,015	12,3267	72,247	12,3267	67,8805	12,3267	64,9048	
12,4926	72,221	12,4926	67,9391	12,4926	65,0158	12,4926	72,2464	12,4926	67,8809	12,4926	64,9052	
12,6571	72,2168	12,6571	67,9396	12,6571	65,0149	12,6571	72,2471	12,6571	67,8829	12,6571	64,9046	
12,8211	72,2177	12,8211	67,9386	12,8211	65,0155	12,8211	72,2468	12,8211	67,8809	12,8211	64,904	
12,9848	72,2159	12,9848	67,9404	12,9848	65,0157	12,9848	72,2458	12,9848	67,8807	12,9848	64,904	
13,1483	72,2165	13,1483	67,9393	13,1483	65,0157	13,1483	72,2434	13,1483	67,8802	13,1483	64,9049	
13,3122	72,218	13,3122	67,9399	13,3122	65,0152	13,3122	72,2434	13,3122	67,8808	13,3122	64,905	
13,4802	72,2175	13,4802	67,939	13,4802	65,0156	13,4802	72,2418	13,4802	67,8813	13,4802	64,9051	
13,6437	72,2196	13,6437	67,9387	13,6437	65,0159	13,6437	72,2494	13,6437	67,8834	13,6437	64,9051	
13,8071	72,215	13,8071	67,9397	13,8071	65,0154	13,8071	72,2469	13,8071	67,8828	13,8071	64,9044	
13,9708	72,2192	13,9708	67,939	13,9708	65,0152	13,9708	72,2433	13,9708	67,8797	13,9708	64,905	
14,1348	72,2167	14,1348	67,9399	14,1348	65,0153	14,1348	72,2468	14,1348	67,8803	14,1348	64,9049	
14,2988	72,2189	14,2988	67,9388	14,2988	65,0159	14,2988	72,2417	14,2988	67,8825	14,2988	64,9051	
14,4626	72,2188	14,4626	67,94	14,4626	65,0156	14,4626	72,2451	14,4626	67,8826	14,4626	64,9047	
14,6263	72,2171	14,6263	67,94	14,6263	65,0152	14,6263	72,2473	14,6263	67,8829	14,6263	64,905	
14,7902	72,2121	14,7902	67,9397	14,7902	65,0158	14,7902	72,2405	14,7902	67,8827	14,7902	64,9045	
14,955	72,2138	14,955	67,9394	14,955	65,0158	14,955	72,2437	14,955	67,8808	14,955	64,9049	
15,1184	72,2189	15,1184	67,9402	15,1184	65,0159	15,1184	72,2463	15,1184	67,8825	15,1184	64,9051	
15,2818	72,2171	15,2818	67,9398	15,2818	65,0156	15,2818	72,2425	15,2818	67,8801	15,2818	64,905	
15,4458	72,2124	15,4458	67,9388	15,4458	65,0157	15,4458	72,2481	15,4458	67,8802	15,4458	64,9049	
15,6096	72,2187	15,6096	67,9397	15,6096	65,0158	15,6096	72,2469	15,6096	67,8831	15,6096	64,9047	
15,7736	72,2175	15,7736	67,9394	15,7736	65,0157	15,7736	72,2418	15,7736	67,8809	15,7736	64,905	
15,9379	72,2068	15,9379	67,9395	15,9379	65,016	15,9379	72,2412	15,9379	67,8817	15,9379	64,9049	
16,1016	72,2172	16,1016	67,9397	16,1016	65,0156	16,1016	72,2473	16,1016	67,88	16,1016	64,9049	
16,2658	72,2192	16,2658	67,9394	16,2658	65,0157	16,2658	72,2452	16,2658	67,8835	16,2658	64,9049	
16,4295	72,2219	16,4295	67,9385	16,4295	65,0148	16,4295	72,2471	16,4295	67,8804	16,4295	64,9048	
16,5935	72,2172	16,5935	67,938	16,5935	65,0158	16,5935	72,2452	16,5935	67,8804	16,5935	64,9048	
16,7573	72,2176	16,7573	67,9406	16,7573	65,016	16,7573	72,2469	16,7573	67,8827	16,7573	64,9053	
16,9212	72,2174	16,9212	67,9399	16,9212	65,0161	16,9212	72,2456	16,9212	67,883	16,9212	64,9047	
17,0852	72,2163	17,0852	67,9398	17,0852	65,0155	17,0852	72,243	17,0852	67,8834	17,0852	64,9049	
17,2492	72,2189	17,2492	67,9387	17,2492	65,0158	17,2492	72,2395	17,2492	67,8819	17,2492	64,9047	
17,4129	72,2166	17,4129	67,939	17,4129	65,0151	17,4129	72,2439	17,4129	67,8825	17,4129	64,9049	
17,5766	72,2172	17,5766	67,9398	17,5766	65,0154	17,5766	72,2412	17,5766	67,8808	17,5766	64,9051	
17,7403	72,2173	17,7403	67,9401	17,7403	65,0149	17,7403	72,2468	17,7403	67,8824	17,7403	64,9048	
17,9043	72,216	17,9043	67,9403	17,9043	65,0153	17,9043	72,2466	17,9043	67,8808	17,9043	64,9049	
18,0693	72,2165	18,0693	67,939	18,0693	65,0154	18,0693	72,2426	18,0693	67,883	18,0693	64,9052	
18,2333	72,2189	18,2333	67,9397	18,2333	65,0157	18,2333	72,2458	18,2333	67,8832	18,2333	64,905	
18,3973	72,2177	18,3973	67,9395	18,3973	65,0155	18,3973	72,2442	18,3973	67,8809	18,3973	64,9049	
18,5616	72,2166	18,5616	67,9395	18,5616	65,0149	18,5616	72,2481	18,5616	67,8811	18,5616	64,905	
18,7258	72,2168	18,7258	67,9394	18,7258	65,0159	18,7258	72,2395	18,7258	67,8811	18,7258	64,9051	
18,89	72,2178	18,89	67,9391	18,89	65,0153	18,89	72,246	18,89	67,8811	18,89	64,9053	
19,0537	72,2213	19,0537	67,9394	19,0537	65,0158	19,0537	72,2468	19,0537	67,8807	19,0537	64,905	
19,2177	72,211	19,2177	67,941	19,2177	65,0158	19,2177	72,244	19,2177	67,8825	19,2177	64,9051	
19,382	72,2207	19,382	67,9406	19,382	65,0166	19,382	72,2433	19,382	67,8809	19,382	64,905	
19,5459	72,2204	19,5459	67,9426	19,5459	65,0174	19,5459	72,2484	19,5459	67,8807	19,5459	64,9049	
19,7094	72,2218	19,7094	67,9431	19,7094	65,0181	19,7094	72,2432	19,7094	67,8811	19,7094	64,9052	
19,8728	72,2258	19,8728	67,944	19,8728	65,0187	19,8728	72,2447	19,8728	67,8813	19,8728	64,9047	
20,0365	72,2258	20,0365	67,9449	20,0365	65,019	20,0365	72,2407	20,0365	67,8812	20,0365	64,9051	
20,2013	72,2138	20,2013	67,9442	20,2013	65,0191	20,2013	72,2453	20,2013	67,8805	20,2013	64,9051	
20,3653	72,2267	20,3653	67,9443	20,3653	65,0188	20,3653	72,2457	20,3653	67,8811	20,3653	64,905	
20,529	72,2186	20,529	67,9457	20,529	65,0184	20,529	72,2455	20,529	67,8805	20,529	64,9046	
20,6927	72,2253	20,6927	67,9453	20,6927	65,019	20,6927	72,2487	20,6927	67,8806	20,6927	64,9051	
20,857	72,2117	20,857	67,9443	20,857	65,0188	20,857	72,2474	20,857	67,8806	20,857	64,9051	
21,0209	72,2285	21,0209	67,946	21,0209	65,0189	21,0209	72,2473	21,0209	67,8813	21,0209	64,9045	
21,1847	72,2271	21,1847	67,9457	21,1847	65,0192	21,1847	72,2393	21,1847	67,8812	21,1847	64,9054	
21,3481	72,2279	21,3481	67,9451	21,3481	65,0192	21,3481	72,2478	21,3481	67,8826	21,3481	64,9051	
21,5124	72,2279	21,5124	67,9461	21,5124	65,0199	21,5124	72,2468	21,5124	67,8812	21,5124	64,905	
21,6763	72,2246	21,6763	67,9463	21,6763	65,0191	21,6763	72,246	21,6763	67,8834	21,6763	64,9051	
21,8403	72,2273	21,8403	67,9453	21,8403	65,0196	21,8403	72,2472	21,8403	67,8823	21,8403	64,9049	
22,0043	72,2257	22,0043	67,9462	22,0043	65,0195	22,0043	72,2469	22,0043	67,881	22,0043	64,9055	
22,168	72,2265	22,168	67,9458	22,168	65,0204	22,168	72,247	22,168	67,8813	22,168	64,9051	
22,332	72,2293	22,332	67,9468	22,332	65,0203	22,332	72,2473	22,332	67,8836	22,332	64,9048	
22,4955	72,229	22,4955	67,946	22,4955	65,0199	22,4955	72,246	22,4955	67,8808	22,4955	64,905	
22,6589	72,2278	22,6589	67,9466	22,6589	65,0203	22,6589	72,2496	22,6589	67,8809	22,6589	64,9049	
22,8226	72,2289	22,8226	67,9465	22,8226	65,0197	22,8226	72,245	22,8226	67,8808	22,8226	64,9049	
22,9869	72,2279	22,9869	67,946	22,9869	65,0203	22,9869	72,2445	22,9869	67,8827	22,9869	64,9053	
23,1506	72,2259	23,1506	67,9471	23,1506	65,02	23,1506	72,245	23,1506	67,8817	23,1506	64,9051	
23,3144	72,2281	23,3144	67,9462	23,3144	65,0198	23,3144	72,2444	23,3144	67,8825	23,3144	64,9056	
23,4786	72,2281	23,4786	67,9463	23,4786	65,0201	23,4786	72,2472	23,4786	67,8803	23,4786	64,9048	
23,6424	72,2279	23,6424	67,947	23,6424	65,0199	23,6424	72,2431	23,6424	67,8812	23,6424	64,9052	
23,8061	72,2181	23,8061	67,9462	23,8061	65,02	23,8061	72,2421	23,8061	67,8823	23,8061	64,9054	
23,9698	72,2185	23,9698	67,9472	23,9698	65,0202	23,9698	72,2468	23,9698	67,8819	23,9698	64,9054	
24,1333	72,2268	24,1333	67,9474	24,1333	65,0206	24,1333	72,2436	24,1333	67,881	24,1333	64,9053	
24,2967	72,2271	24,2967	67,947	24,2967	65,0203	24,2967	72,2444	24,2967	67,8809	24,2967	64,9056	
24,4604	72,2309	24,4604	67,9475	24,4604	65,0202	24,4604	72,2484	24,4604	67,8816	24,4604	64,905	
24,6241	72,2273	24,6241	67,9478	24,6241	65,0202	24,6241	72,2481	24,6241	67,8825	24,6241	64,9056	
24,7882	72,2294	24,7882	67,9481	24,7882	65,0206	24,7882	72,2424	24,7882	67,8837	24,7882	64,9057	
24,9522	72,2281	24,9522	67,9473	24,9522	65,0205	24,9522	72,247	24,9522	67,8808	24,9522	64,9051	
25,1159	72,2278	25,1159	67,9476	25,1159	65,0202	25,1159	72,2485	25,1159	67,8823	25,1159	64,9049	
25,2799	72,2317	25,2799	67,9474	25,2799	65,0204	25,2799	72,2497	25,2799	67,8822	25,2799	64,9054	
25,4442	72,2275	25,4442	67,9472	25,4442	65,0204	25,4442	72,248	25,4442	67,8806	25,4442	64,9057	
25,6081	72,2299	25,6081	67,9469	25,6081	65,0201	25,6081	72,2471	25,6081	67,8805	25,6081	64,9053	
25,7716	72,2237	25,7716	67,9481	25,7716	65,0205	25,7716	72,247	25,7716	67,8813	25,7716	64,905	
25,9356	72,2293	25,9356	67,9488	25,9356	65,0203	25,9356	72,2497	25,9356	67,8816	25,9356	64,9047	
26,1	72,2185	26,1	67,9463	26,1	65,0203	26,1	72,2469	26,1	67,8808	26,1	64,905	
26,2638	72,2287	26,2638	67,9476	26,2638	65,0203	26,2638	72,2476	26,2638	67,8809	26,2638	64,9049	
26,4272	72,2305	26,4272	67,9478	26,4272	65,0203	26,4272	72,2481	26,4272	67,8836	26,4272	64,9055	
26,5912	72,2198	26,5912	67,9478	26,5912	65,0205	26,5912	72,245	26,5912	67,8835	26,5912	64,9053	
26,7552	72,2276	26,7552	67,9486	26,7552	65,0208	26,7552	72,2473	26,7552	67,8814	26,7552	64,9053	
26,9189	72,232	26,9189	67,9487	26,9189	65,0205	26,9189	72,2456	26,9189	67,8809	26,9189	64,9059	
27,0827	72,2291	27,0827	67,948	27,0827	65,0203	27,0827	72,2472	27,0827	67,8817	27,0827	64,9052	
27,2467	72,2306	27,2467	67,9474	27,2467	65,0201	27,2467	72,2476	27,2467	67,8818	27,2467	64,9053	
27,4107	72,2302	27,4107	67,9472	27,4107	65,0197	27,4107	72,2446	27,4107	67,8801	27,4107	64,9055	
27,5744	72,2282	27,5744	67,9463	27,5744	65,0193	27,5744	72,2478	27,5744	67,881	27,5744	64,9057	
27,7381	72,2284	27,7381	67,9469	27,7381	65,0187	27,7381	72,2435	27,7381	67,8836	27,7381	64,9055	
27,9026	72,2279	27,9026	67,9452	27,9026	65,0184	27,9026	72,2499	27,9026	67,8816	27,9026	64,9052	
28,0677	72,2153	28,0677	67,946	28,0677	65,0187	28,0677	72,2468	28,0677	67,8819	28,0677	64,9051	
28,2322	72,2279	28,2322	67,9455	28,2322	65,0181	28,2322	72,2445	28,2322	67,8814	28,2322	64,9054	
28,3962	72,2265	28,3962	67,9457	28,3962	65,0184	28,3962	72,2431	28,3962	67,8806	28,3962	64,9059	
28,561	72,2304	28,561	67,9453	28,561	65,0183	28,561	72,2423	28,561	67,882	28,561	64,9057	
28,7252	72,2279	28,7252	67,944	28,7252	65,0178	28,7252	72,2473	28,7252	67,8839	28,7252	64,9055	
28,89	72,2258	28,89	67,9444	28,89	65,0179	28,89	72,2483	28,89	67,8816	28,89	64,9055	
29,0549	72,2269	29,0549	67,9446	29,0549	65,0179	29,0549	72,2472	29,0549	67,882	29,0549	64,9051	
29,2192	72,218	29,2192	67,9446	29,2192	65,0181	29,2192	72,2483	29,2192	67,8828	29,2192	64,9053	
29,3834	72,2283	29,3834	67,9446	29,3834	65,0182	29,3834	72,2456	29,3834	67,8838	29,3834	64,9056	
29,5477	72,2273	29,5477	67,9451	29,5477	65,0179	29,5477	72,2492	29,5477	67,8816	29,5477	64,9053	
29,7114	72,2266	29,7114	67,9452	29,7114	65,0181	29,7114	72,2434	29,7114	67,8811	29,7114	64,9057	
29,8756	72,2277	29,8756	67,9454	29,8756	65,0187	29,8756	72,2448	29,8756	67,8814	29,8756	64,9054	
30,0394	72,2162	30,0394	67,9444	30,0394	65,0186	30,0394	72,2492	30,0394	67,8827	30,0394	64,9054	
30,2039	72,218	30,2039	67,9445	30,2039	65,0185	30,2039	72,2426	30,2039	67,8818	30,2039	64,9057	
30,369	72,2286	30,369	67,9446	30,369	65,0184	30,369	72,2455	30,369	67,8833	30,369	64,9055	
30,5333	72,2275	30,5333	67,9448	30,5333	65,018	30,5333	72,2481	30,5333	67,8841	30,5333	64,9058	
30,6975	72,2272	30,6975	67,9448	30,6975	65,0182	30,6975	72,2474	30,6975	67,8812	30,6975	64,9054	
30,8615	72,225	30,8615	67,9455	30,8615	65,0179	30,8615	72,2501	30,8615	67,8828	30,8615	64,9052	
31,026	72,217	31,026	67,9447	31,026	65,0183	31,026	72,249	31,026	67,8817	31,026	64,9057	
31,1929	72,2244	31,1929	67,945	31,1929	65,0183	31,1929	72,2441	31,1929	67,8818	31,1929	64,9058	
31,3578	72,2271	31,3578	67,9452	31,3578	65,0183	31,3578	72,2485	31,3578	67,8814	31,3578	64,9055	
31,5224	72,2262	31,5224	67,9451	31,5224	65,0177	31,5224	72,2506	31,5224	67,882	31,5224	64,9051	
31,6863	72,22	31,6863	67,945	31,6863	65,0182	31,6863	72,2502	31,6863	67,8842	31,6863	64,9055	
31,8506	72,2289	31,8506	67,9452	31,8506	65,0181	31,8506	72,2507	31,8506	67,8815	31,8506	64,9054	
32,016	72,2277	32,016	67,9449	32,016	65,0182	32,016	72,2479	32,016	67,8816	32,016	64,9057	
32,1797	72,2264	32,1797	67,9453	32,1797	65,0182	32,1797	72,2468	32,1797	67,8822	32,1797	64,9057	
32,345	72,23	32,345	67,9448	32,345	65,0178	32,345	72,2481	32,345	67,8816	32,345	64,9054	
32,5089	72,2242	32,5089	67,9447	32,5089	65,0179	32,5089	72,2429	32,5089	67,8821	32,5089	64,9053	
32,6735	72,227	32,6735	67,9452	32,6735	65,0177	32,6735	72,2486	32,6735	67,8819	32,6735	64,9059	
32,8388	72,2151	32,8388	67,9455	32,8388	65,0185	32,8388	72,2471	32,8388	67,8819	32,8388	64,9056	
33,003	72,224	33,003	67,9447	33,003	65,0188	33,003	72,244	33,003	67,8815	33,003	64,9059	
33,167	72,2293	33,167	67,9452	33,167	65,018	33,167	72,2444	33,167	67,8846	33,167	64,9059	
33,3312	72,2296	33,3312	67,9446	33,3312	65,0184	33,3312	72,2472	33,3312	67,8833	33,3312	64,9059	
33,4955	72,2265	33,4955	67,9446	33,4955	65,0185	33,4955	72,2492	33,4955	67,8817	33,4955	64,9056	
33,6595	72,2264	33,6595	67,9447	33,6595	65,0179	33,6595	72,2489	33,6595	67,8834	33,6595	64,9055	
33,8243	72,2274	33,8243	67,9453	33,8243	65,0182	33,8243	72,248	33,8243	67,8819	33,8243	64,9052	
33,9883	72,2261	33,9883	67,9441	33,9883	65,0176	33,9883	72,2438	33,9883	67,8818	33,9883	64,9055	
34,1523	72,2233	34,1523	67,9445	34,1523	65,0173	34,1523	72,251	34,1523	67,8814	34,1523	64,9055	
34,3165	72,2166	34,3165	67,9454	34,3165	65,0179	34,3165	72,2479	34,3165	67,883	34,3165	64,9056	
34,481	72,228	34,481	67,9455	34,481	65,018	34,481	72,2495	34,481	67,8827	34,481	64,9056	
34,6451	72,2262	34,6451	67,9459	34,6451	65,0174	34,6451	72,2442	34,6451	67,8842	34,6451	64,9054	
34,8103	72,2263	34,8103	67,9456	34,8103	65,0181	34,8103	72,2505	34,8103	67,8824	34,8103	64,9054	
34,9746	72,2285	34,9746	67,9455	34,9746	65,0181	34,9746	72,2503	34,9746	67,8823	34,9746	64,9056	
35,1383	72,226	35,1383	67,9454	35,1383	65,0182	35,1383	72,2452	35,1383	67,883	35,1383	64,9063	
35,3023	72,2286	35,3023	67,946	35,3023	65,0178	35,3023	72,2481	35,3023	67,8818	35,3023	64,9059	
35,466	72,2295	35,466	67,9448	35,466	65,0186	35,466	72,2472	35,466	67,8819	35,466	64,9061	
35,6298	72,2258	35,6298	67,9452	35,6298	65,0181	35,6298	72,2411	35,6298	67,882	35,6298	64,9056	
35,794	72,2287	35,794	67,9459	35,794	65,018	35,794	72,2494	35,794	67,8818	35,794	64,9059	
35,9583	72,2267	35,9583	67,9451	35,9583	65,0182	35,9583	72,245	35,9583	67,8818	35,9583	64,906	
36,1223	72,229	36,1223	67,945	36,1223	65,0181	36,1223	72,249	36,1223	67,8823	36,1223	64,9061	
36,2871	72,2283	36,2871	67,9447	36,2871	65,0184	36,2871	72,2468	36,2871	67,8819	36,2871	64,9062	
36,4513	72,2265	36,4513	67,9452	36,4513	65,0189	36,4513	72,2491	36,4513	67,8818	36,4513	64,906	
36,6153	72,231	36,6153	67,9458	36,6153	65,0188	36,6153	72,2495	36,6153	67,8817	36,6153	64,9063	
36,779	72,2286	36,779	67,9454	36,779	65,0186	36,779	72,2463	36,779	67,8815	36,779	64,9057	
36,9427	72,2258	36,9427	67,946	36,9427	65,0187	36,9427	72,249	36,9427	67,8825	36,9427	64,9063	
37,1072	72,2274	37,1072	67,9452	37,1072	65,0186	37,1072	72,2501	37,1072	67,8839	37,1072	64,9062	
37,2715	72,2255	37,2715	67,9454	37,2715	65,0181	37,2715	72,2471	37,2715	67,8826	37,2715	64,9059	
37,4362	72,2282	37,4362	67,9456	37,4362	65,018	37,4362	72,2489	37,4362	67,8827	37,4362	64,9054	
37,5999	72,2261	37,5999	67,9446	37,5999	65,0181	37,5999	72,2507	37,5999	67,8821	37,5999	64,9059	
37,7639	72,2243	37,7639	67,9459	37,7639	65,0188	37,7639	72,2512	37,7639	67,8826	37,7639	64,9059	
37,9279	72,2273	37,9279	67,9462	37,9279	65,0187	37,9279	72,2501	37,9279	67,8829	37,9279	64,9059	
38,0923	72,2218	38,0923	67,946	38,0923	65,0188	38,0923	72,2511	38,0923	67,8824	38,0923	64,906	
38,2571	72,2253	38,2571	67,9447	38,2571	65,0189	38,2571	72,2498	38,2571	67,882	38,2571	64,9062	
38,4208	72,2272	38,4208	67,9459	38,4208	65,0183	38,4208	72,2491	38,4208	67,883	38,4208	64,9061	
38,5848	72,2238	38,5848	67,9451	38,5848	65,0182	38,5848	72,2454	38,5848	67,8826	38,5848	64,9063	
38,749	72,2293	38,749	67,9459	38,749	65,0188	38,749	72,2518	38,749	67,8851	38,749	64,9059	
38,9127	72,2271	38,9127	67,9458	38,9127	65,0189	38,9127	72,2469	38,9127	67,8821	38,9127	64,906	
39,0767	72,2262	39,0767	67,945	39,0767	65,0183	39,0767	72,2455	39,0767	67,8851	39,0767	64,9062	
39,241	72,2257	39,241	67,9451	39,241	65,0181	39,241	72,2473	39,241	67,8825	39,241	64,9061	
39,4049	72,2286	39,4049	67,9465	39,4049	65,018	39,4049	72,2518	39,4049	67,8826	39,4049	64,9058	
39,5687	72,2257	39,5687	67,946	39,5687	65,0189	39,5687	72,2442	39,5687	67,8827	39,5687	64,9061	
39,7324	72,23	39,7324	67,9458	39,7324	65,0185	39,7324	72,2465	39,7324	67,8818	39,7324	64,9064	
39,8966	72,2307	39,8966	67,9462	39,8966	65,0183	39,8966	72,2434	39,8966	67,8847	39,8966	64,9063	
40,0606	72,2283	40,0606	67,945	40,0606	65,0184	40,0606	72,249	40,0606	67,8816	40,0606	64,9063	
40,2243	72,2283	40,2243	67,9459	40,2243	65,0184	40,2243	72,2445	40,2243	67,8814	40,2243	64,906	
40,3892	72,2262	40,3892	67,9457	40,3892	65,0181	40,3892	72,2452	40,3892	67,8823	40,3892	64,9063	
40,5537	72,2298	40,5537	67,9455	40,5537	65,0185	40,5537	72,2461	40,5537	67,882	40,5537	64,9063	
40,7174	72,2256	40,7174	67,9464	40,7174	65,0182	40,7174	72,2427	40,7174	67,8825	40,7174	64,906	
40,8812	72,2172	40,8812	67,9457	40,8812	65,0187	40,8812	72,2493	40,8812	67,8829	40,8812	64,9064	
41,0454	72,2284	41,0454	67,945	41,0454	65,0193	41,0454	72,2517	41,0454	67,8827	41,0454	64,9062	
41,2094	72,2267	41,2094	67,9432	41,2094	65,017	41,2094	72,2467	41,2094	67,8806	41,2094	64,9054	
41,3737	72,2267	41,3737	67,9419	41,3737	65,0159	41,3737	72,2472	41,3737	67,8811	41,3737	64,9051	
41,5379	72,2266	41,5379	67,9429	41,5379	65,0157	41,5379	72,2479	41,5379	67,8798	41,5379	64,9049	
41,7016	72,2239	41,7016	67,942	41,7016	65,0167	41,7016	72,2472	41,7016	67,8798	41,7016	64,9046	
41,8653	72,2239	41,8653	67,9424	41,8653	65,0164	41,8653	72,2472	41,8653	67,8807	41,8653	64,9048	
42,0296	72,2276	42,0296	67,9438	42,0296	65,0173	42,0296	72,2482	42,0296	67,8813	42,0296	64,9047	
42,1936	72,2196	42,1936	67,9437	42,1936	65,0177	42,1936	72,2484	42,1936	67,8815	42,1936	64,9045	
42,3578	72,2286	42,3578	67,9433	42,3578	65,0169	42,3578	72,2433	42,3578	67,8816	42,3578	64,9053	
42,5218	72,2244	42,5218	67,944	42,5218	65,0174	42,5218	72,2481	42,5218	67,8809	42,5218	64,9051	
42,6864	72,2276	42,6864	67,9444	42,6864	65,0173	42,6864	72,2467	42,6864	67,8825	42,6864	64,9056	
42,8507	72,2289	42,8507	67,9443	42,8507	65,0172	42,8507	72,2459	42,8507	67,8832	42,8507	64,9053	
43,0146	72,2273	43,0146	67,9447	43,0146	65,0175	43,0146	72,2496	43,0146	67,8817	43,0146	64,9059	
43,1791	72,2142	43,1791	67,9443	43,1791	65,0181	43,1791	72,2445	43,1791	67,8822	43,1791	64,905	
43,3439	72,2171	43,3439	67,9448	43,3439	65,0177	43,3439	72,2461	43,3439	67,882	43,3439	64,9053	
43,5079	72,2265	43,5079	67,9447	43,5079	65,0181	43,5079	72,2517	43,5079	67,8821	43,5079	64,9052	
43,6722	72,2321	43,6722	67,9446	43,6722	65,0183	43,6722	72,2517	43,6722	67,8821	43,6722	64,9056	
43,8364	72,2163	43,8364	67,9451	43,8364	65,0179	43,8364	72,2489	43,8364	67,8825	43,8364	64,9052	
44,0009	72,227	44,0009	67,9442	44,0009	65,0184	44,0009	72,2469	44,0009	67,8821	44,0009	64,9058	
44,1652	72,2253	44,1652	67,9447	44,1652	65,0185	44,1652	72,2463	44,1652	67,8842	44,1652	64,9058	
44,3295	72,2281	44,3295	67,9453	44,3295	65,018	44,3295	72,2495	44,3295	67,8822	44,3295	64,9057	
44,4939	72,2252	44,4939	67,945	44,4939	65,0185	44,4939	72,2528	44,4939	67,8835	44,4939	64,9051	
44,6579	72,2316	44,6579	67,945	44,6579	65,0183	44,6579	72,2464	44,6579	67,8844	44,6579	64,9054	
44,8229	72,2271	44,8229	67,9456	44,8229	65,0183	44,8229	72,2498	44,8229	67,8841	44,8229	64,9056	
44,9866	72,2279	44,9866	67,9458	44,9866	65,0175	44,9866	72,2512	44,9866	67,8843	44,9866	64,9058	
45,1501	72,2288	45,1501	67,9452	45,1501	65,0178	45,1501	72,2491	45,1501	67,8834	45,1501	64,9058	
45,3143	72,2295	45,3143	67,9452	45,3143	65,0188	45,3143	72,2497	45,3143	67,8843	45,3143	64,906	
45,4791	72,2161	45,4791	67,9453	45,4791	65,018	45,4791	72,2499	45,4791	67,8826	45,4791	64,9057	
45,6431	72,229	45,6431	67,9445	45,6431	65,0179	45,6431	72,2486	45,6431	67,8817	45,6431	64,9062	
45,8065	72,2207	45,8065	67,9452	45,8065	65,0182	45,8065	72,2482	45,8065	67,8828	45,8065	64,9062	
45,9711	72,2264	45,9711	67,9449	45,9711	65,0185	45,9711	72,2508	45,9711	67,8828	45,9711	64,9062	
46,1353	72,2267	46,1353	67,9455	46,1353	65,0183	46,1353	72,2498	46,1353	67,8822	46,1353	64,9062	
46,2993	72,2297	46,2993	67,9454	46,2993	65,0182	46,2993	72,2502	46,2993	67,8814	46,2993	64,9064	
46,4632	72,2265	46,4632	67,9456	46,4632	65,0184	46,4632	72,2499	46,4632	67,8817	46,4632	64,9071	
46,6269	72,2277	46,6269	67,9447	46,6269	65,0184	46,6269	72,2504	46,6269	67,8841	46,6269	64,9065	
46,7912	72,2278	46,7912	67,9461	46,7912	65,0184	46,7912	72,2501	46,7912	67,8847	46,7912	64,9057	
46,9549	72,2256	46,9549	67,9446	46,9549	65,0181	46,9549	72,2492	46,9549	67,8817	46,9549	64,9061	
47,1194	72,2251	47,1194	67,9463	47,1194	65,0186	47,1194	72,2497	47,1194	67,8827	47,1194	64,9064	
47,2834	72,2292	47,2834	67,9456	47,2834	65,0185	47,2834	72,2451	47,2834	67,885	47,2834	64,9056	
47,4468	72,2271	47,4468	67,9446	47,4468	65,0181	47,4468	72,2512	47,4468	67,8852	47,4468	64,9058	
47,611	72,2213	47,611	67,9443	47,611	65,0176	47,611	72,2499	47,611	67,8822	47,611	64,9061	
47,7756	72,2266	47,7756	67,9454	47,7756	65,019	47,7756	72,2451	47,7756	67,8827	47,7756	64,9062	
47,9398	72,2267	47,9398	67,9455	47,9398	65,018	47,9398	72,248	47,9398	67,8832	47,9398	64,9061	
48,1038	72,2223	48,1038	67,9443	48,1038	65,0192	48,1038	72,2526	48,1038	67,8829	48,1038	64,9057	
48,2694	72,2294	48,2694	67,9452	48,2694	65,0183	48,2694	72,2498	48,2694	67,8822	48,2694	64,906	
48,4337	72,2304	48,4337	67,9458	48,4337	65,0189	48,4337	72,2461	48,4337	67,8841	48,4337	64,9064	
48,5974	72,227	48,5974	67,9457	48,5974	65,0187	48,5974	72,2469	48,5974	67,8847	48,5974	64,9059	
48,7633	72,2275	48,7633	67,9457	48,7633	65,0192	48,7633	72,2444	48,7633	67,8854	48,7633	64,9065	
48,9283	72,2161	48,9283	67,9442	48,9283	65,0183	48,9283	72,2502	48,9283	67,8824	48,9283	64,9062	
49,0923	72,231	49,0923	67,9456	49,0923	65,0189	49,0923	72,2504	49,0923	67,8822	49,0923	64,906	
49,2563	72,2296	49,2563	67,9453	49,2563	65,0181	49,2563	72,2516	49,2563	67,8828	49,2563	64,9061	
49,4205	72,2212	49,4205	67,9449	49,4205	65,0176	49,4205	72,2527	49,4205	67,8829	49,4205	64,9059	
49,5845	72,226	49,5845	67,9455	49,5845	65,0176	49,5845	72,2511	49,5845	67,8819	49,5845	64,9061	
49,7487	72,2268	49,7487	67,9443	49,7487	65,0183	49,7487	72,2523	49,7487	67,884	49,7487	64,9058	
49,913	72,2285	49,913	67,9453	49,913	65,0179	49,913	72,2444	49,913	67,8829	49,913	64,9061	
50,077	72,2264	50,077	67,9452	50,077	65,0177	50,077	72,2464	50,077	67,8827	50,077	64,9059	
50,2415	72,2292	50,2415	67,9454	50,2415	65,0179	50,2415	72,2427	50,2415	67,8825	50,2415	64,9061	
50,4061	72,225	50,4061	67,9464	50,4061	65,0187	50,4061	72,2511	50,4061	67,8821	50,4061	64,9063	
50,57	72,2156	50,57	67,9447	50,57	65,0189	50,57	72,2503	50,57	67,883	50,57	64,9061	
50,7346	72,2163	50,7346	67,9456	50,7346	65,0188	50,7346	72,252	50,7346	67,8829	50,7346	64,9061	
50,8988	72,2264	50,8988	67,9452	50,8988	65,0189	50,8988	72,2528	50,8988	67,8852	50,8988	64,9062	
51,063	72,2263	51,063	67,9451	51,063	65,0182	51,063	72,2508	51,063	67,8856	51,063	64,9062	
51,2273	72,2289	51,2273	67,9455	51,2273	65,0189	51,2273	72,2517	51,2273	67,8828	51,2273	64,906	
51,3918	72,2307	51,3918	67,9457	51,3918	65,0187	51,3918	72,2524	51,3918	67,8853	51,3918	64,9053	
51,5561	72,2317	51,5561	67,9454	51,5561	65,0184	51,5561	72,249	51,5561	67,8855	51,5561	64,9057	
51,7201	72,2311	51,7201	67,9465	51,7201	65,0186	51,7201	72,2492	51,7201	67,8856	51,7201	64,9059	
51,884	72,2305	51,884	67,9451	51,884	65,0184	51,884	72,2484	51,884	67,8848	51,884	64,9063	
52,048	72,2282	52,048	67,9456	52,048	65,0181	52,048	72,2434	52,048	67,8834	52,048	64,9066	
52,2126	72,2216	52,2126	67,9451	52,2126	65,0182	52,2126	72,2525	52,2126	67,8831	52,2126	64,9059	
52,3771	72,2295	52,3771	67,9449	52,3771	65,0179	52,3771	72,2506	52,3771	67,8828	52,3771	64,9059	
52,541	72,2282	52,541	67,9452	52,541	65,0181	52,541	72,251	52,541	67,8855	52,541	64,9056	
52,7052	72,216	52,7052	67,9446	52,7052	65,0183	52,7052	72,2444	52,7052	67,8823	52,7052	64,9062	
52,8692	72,2297	52,8692	67,9451	52,8692	65,0175	52,8692	72,2502	52,8692	67,8841	52,8692	64,9049	
53,034	72,2271	53,034	67,9452	53,034	65,0188	53,034	72,2482	53,034	67,8822	53,034	64,9061	
53,1985	72,2265	53,1985	67,9457	53,1985	65,0184	53,1985	72,2531	53,1985	67,8826	53,1985	64,9055	
53,3628	72,2231	53,3628	67,9452	53,3628	65,0185	53,3628	72,2497	53,3628	67,8841	53,3628	64,9061	
53,5273	72,2158	53,5273	67,9453	53,5273	65,0181	53,5273	72,251	53,5273	67,8829	53,5273	64,9062	
53,6924	72,215	53,6924	67,9458	53,6924	65,0181	53,6924	72,2507	53,6924	67,8827	53,6924	64,9064	
53,8566	72,2297	53,8566	67,9458	53,8566	65,0175	53,8566	72,2537	53,8566	67,8837	53,8566	64,9059	
54,0209	72,2313	54,0209	67,9449	54,0209	65,0181	54,0209	72,2458	54,0209	67,8847	54,0209	64,9057	
54,1848	72,2268	54,1848	67,9456	54,1848	65,0186	54,1848	72,2532	54,1848	67,8843	54,1848	64,9059	
54,3488	72,2299	54,3488	67,9458	54,3488	65,0181	54,3488	72,247	54,3488	67,8823	54,3488	64,9063	
54,5129	72,2286	54,5129	67,9444	54,5129	65,0186	54,5129	72,2531	54,5129	67,8829	54,5129	64,9056	
54,6773	72,2294	54,6773	67,9454	54,6773	65,0178	54,6773	72,2497	54,6773	67,8853	54,6773	64,9059	
54,8411	72,2284	54,8411	67,945	54,8411	65,0174	54,8411	72,2498	54,8411	67,8817	54,8411	64,906	
55,0058	72,2295	55,0058	67,9461	55,0058	65,0189	55,0058	72,247	55,0058	67,8841	55,0058	64,9058	
55,1701	72,2259	55,1701	67,9454	55,1701	65,0189	55,1701	72,2486	55,1701	67,8831	55,1701	64,9059	
55,3335	72,2305	55,3335	67,9455	55,3335	65,0186	55,3335	72,2503	55,3335	67,8857	55,3335	64,9059	
55,497	72,2314	55,497	67,9462	55,497	65,018	55,497	72,2515	55,497	67,8846	55,497	64,9053	
55,6609	72,216	55,6609	67,9438	55,6609	65,0186	55,6609	72,2477	55,6609	67,8855	55,6609	64,9059	
55,8244	72,2288	55,8244	67,9454	55,8244	65,0187	55,8244	72,2476	55,8244	67,8863	55,8244	64,9062	
55,9881	72,2279	55,9881	67,9449	55,9881	65,0188	55,9881	72,2491	55,9881	67,8852	55,9881	64,9061	
56,152	72,2301	56,152	67,9457	56,152	65,018	56,152	72,2476	56,152	67,8829	56,152	64,9056	
56,3168	72,2292	56,3168	67,9444	56,3168	65,0188	56,3168	72,2489	56,3168	67,8852	56,3168	64,906	
56,4808	72,2159	56,4808	67,9436	56,4808	65,0179	56,4808	72,2503	56,4808	67,8857	56,4808	64,906	
56,6459	72,2272	56,6459	67,9458	56,6459	65,018	56,6459	72,2497	56,6459	67,8827	56,6459	64,9059	
56,8098	72,225	56,8098	67,9439	56,8098	65,0191	56,8098	72,2535	56,8098	67,8861	56,8098	64,9065	
56,9735	72,23	56,9735	67,9449	56,9735	65,0187	56,9735	72,2531	56,9735	67,8824	56,9735	64,9061	
57,1375	72,2182	57,1375	67,9455	57,1375	65,0179	57,1375	72,2538	57,1375	67,8831	57,1375	64,9062	
57,3015	72,2311	57,3015	67,9451	57,3015	65,0178	57,3015	72,2516	57,3015	67,8847	57,3015	64,9062	
57,4652	72,2279	57,4652	67,9446	57,4652	65,0179	57,4652	72,2509	57,4652	67,8831	57,4652	64,9066	
57,6292	72,2178	57,6292	67,946	57,6292	65,0176	57,6292	72,2515	57,6292	67,8827	57,6292	64,9065	
57,7934	72,2296	57,7934	67,9446	57,7934	65,0183	57,7934	72,2523	57,7934	67,8828	57,7934	64,9061	
57,958	72,2307	57,958	67,9462	57,958	65,0188	57,958	72,2523	57,958	67,8834	57,958	64,9064	
58,1222	72,2269	58,1222	67,9456	58,1222	65,0188	58,1222	72,2529	58,1222	67,8857	58,1222	64,906	
58,2859	72,2221	58,2859	67,9461	58,2859	65,0181	58,2859	72,2527	58,2859	67,8823	58,2859	64,9062	
58,4497	72,2286	58,4497	67,9454	58,4497	65,0189	58,4497	72,2524	58,4497	67,8857	58,4497	64,9064	
58,6142	72,2175	58,6142	67,9463	58,6142	65,018	58,6142	72,2522	58,6142	67,883	58,6142	64,9061	
58,7787	72,2262	58,7787	67,9455	58,7787	65,019	58,7787	72,2497	58,7787	67,8857	58,7787	64,9065	
58,9427	72,2283	58,9427	67,9457	58,9427	65,0191	58,9427	72,2515	58,9427	67,8851	58,9427	64,9064	
59,1072	72,2314	59,1072	67,946	59,1072	65,0181	59,1072	72,2471	59,1072	67,8834	59,1072	64,9063	
59,2731	72,23	59,2731	67,9452	59,2731	65,0182	59,2731	72,2517	59,2731	67,8845	59,2731	64,9064	
59,4377	72,2286	59,4377	67,946	59,4377	65,0182	59,4377	72,2524	59,4377	67,8831	59,4377	64,9062	
59,6019	72,2247	59,6019	67,9454	59,6019	65,0188	59,6019	72,2511	59,6019	67,8845	59,6019	64,9061	
59,7656	72,2273	59,7656	67,9458	59,7656	65,0184	59,7656	72,252	59,7656	67,8847	59,7656	64,9063	
59,9301	72,2289	59,9301	67,9453	59,9301	65,019	59,9301	72,2499	59,9301	67,8859	59,9301	64,9063	
60,0942	72,2307	60,0942	67,9455	60,0942	65,0186	60,0942	72,2517	60,0942	67,8859	60,0942	64,906	
60,2584	72,2275	60,2584	67,9458	60,2584	65,019	60,2584	72,2458	60,2584	67,8866	60,2584	64,907	
60,4232	72,2166	60,4232	67,9452	60,4232	65,0194	60,4232	72,2545	60,4232	67,8837	60,4232	64,907	
60,5877	72,2305	60,5877	67,9459	60,5877	65,0189	60,5877	72,2483	60,5877	67,8852	60,5877	64,9045	
60,7517	72,2313	60,7517	67,9467	60,7517	65,0183	60,7517	72,2532	60,7517	67,8854	60,7517	64,9064	
60,9159	72,2285	60,9159	67,9463	60,9159	65,0187	60,9159	72,2531	60,9159	67,8859	60,9159	64,9058	
61,0804	72,225	61,0804	67,9453	61,0804	65,0181	61,0804	72,2513	61,0804	67,8828	61,0804	64,9066	
61,2452	72,2306	61,2452	67,9452	61,2452	65,019	61,2452	72,254	61,2452	67,8849	61,2452	64,9062	
61,4092	72,2304	61,4092	67,9465	61,4092	65,0184	61,4092	72,2513	61,4092	67,8849	61,4092	64,9065	
61,5734	72,217	61,5734	67,945	61,5734	65,0183	61,5734	72,2488	61,5734	67,8838	61,5734	64,9069	
61,737	72,2304	61,737	67,9444	61,737	65,0179	61,737	72,2506	61,737	67,8832	61,737	64,9064	
61,9008	72,2289	61,9008	67,9448	61,9008	65,0185	61,9008	72,2512	61,9008	67,8831	61,9008	64,9065	
62,0648	72,2321	62,0648	67,9449	62,0648	65,0188	62,0648	72,2539	62,0648	67,8831	62,0648	64,9062	
62,2293	72,2267	62,2293	67,9447	62,2293	65,0189	62,2293	72,2487	62,2293	67,8827	62,2293	64,9064	
62,393	72,2175	62,393	67,9443	62,393	65,0178	62,393	72,2516	62,393	67,8829	62,393	64,9062	
62,5567	72,2324	62,5567	67,9456	62,5567	65,0182	62,5567	72,2519	62,5567	67,8836	62,5567	64,9068	
62,721	72,2166	62,721	67,945	62,721	65,0177	62,721	72,2513	62,721	67,8825	62,721	64,9066	
62,8852	72,216	62,8852	67,9446	62,8852	65,018	62,8852	72,2492	62,8852	67,8828	62,8852	64,9062	
63,049	72,2279	63,049	67,9446	63,049	65,0179	63,049	72,2524	63,049	67,8832	63,049	64,9064	
63,2129	72,227	63,2129	67,9455	63,2129	65,0186	63,2129	72,2544	63,2129	67,886	63,2129	64,9061	
63,3769	72,2291	63,3769	67,9461	63,3769	65,0182	63,3769	72,2521	63,3769	67,8855	63,3769	64,9059	
63,5409	72,2272	63,5409	67,9446	63,5409	65,0183	63,5409	72,249	63,5409	67,8862	63,5409	64,9058	
63,7049	72,2299	63,7049	67,9453	63,7049	65,0184	63,7049	72,2524	63,7049	67,8825	63,7049	64,9061	
63,8686	72,227	63,8686	67,9459	63,8686	65,0186	63,8686	72,2516	63,8686	67,8832	63,8686	64,906	
64,0326	72,2178	64,0326	67,9454	64,0326	65,0186	64,0326	72,2472	64,0326	67,8834	64,0326	64,9062	
64,1968	72,2284	64,1968	67,9439	64,1968	65,019	64,1968	72,2523	64,1968	67,8829	64,1968	64,9062	
64,3604	72,2259	64,3604	67,9447	64,3604	65,0183	64,3604	72,2513	64,3604	67,8854	64,3604	64,9063	
64,5242	72,2295	64,5242	67,9451	64,5242	65,0184	64,5242	72,2521	64,5242	67,886	64,5242	64,9058	
64,6879	72,2303	64,6879	67,945	64,6879	65,0173	64,6879	72,2523	64,6879	67,8843	64,6879	64,9057	
64,8516	72,2302	64,8516	67,9441	64,8516	65,0176	64,8516	72,2521	64,8516	67,8843	64,8516	64,9062	
65,0158	72,2285	65,0158	67,9449	65,0158	65,0177	65,0158	72,251	65,0158	67,8832	65,0158	64,9065	
65,1796	72,2222	65,1796	67,9455	65,1796	65,0179	65,1796	72,2519	65,1796	67,8839	65,1796	64,9065	
65,3433	72,2189	65,3433	67,9449	65,3433	65,0178	65,3433	72,2521	65,3433	67,8832	65,3433	64,9063	
65,507	72,2184	65,507	67,945	65,507	65,0178	65,507	72,2529	65,507	67,8827	65,507	64,9064	
65,6705	72,2297	65,6705	67,9449	65,6705	65,0179	65,6705	72,2476	65,6705	67,8848	65,6705	64,9049	
65,8342	72,2216	65,8342	67,9447	65,8342	65,0173	65,8342	72,2552	65,8342	67,8825	65,8342	64,9064	
65,9982	72,2272	65,9982	67,9463	65,9982	65,0187	65,9982	72,2534	65,9982	67,8858	65,9982	64,9058	
66,1622	72,226	66,1622	67,9452	66,1622	65,0171	66,1622	72,2518	66,1622	67,8825	66,1622	64,906	
66,3265	72,2281	66,3265	67,9447	66,3265	65,0187	66,3265	72,254	66,3265	67,8858	66,3265	64,9062	
66,4905	72,2299	66,4905	67,9451	66,4905	65,0183	66,4905	72,2543	66,4905	67,8825	66,4905	64,9064	
66,6548	72,2317	66,6548	67,9445	66,6548	65,0178	66,6548	72,2522	66,6548	67,8849	66,6548	64,9064	
66,8193	72,2256	66,8193	67,9449	66,8193	65,0183	66,8193	72,2539	66,8193	67,8827	66,8193	64,9062	
66,9836	72,2264	66,9836	67,9452	66,9836	65,0184	66,9836	72,2535	66,9836	67,8836	66,9836	64,9059	
67,1476	72,2289	67,1476	67,9461	67,1476	65,0175	67,1476	72,2546	67,1476	67,8846	67,1476	64,9059	
67,311	72,2294	67,311	67,9457	67,311	65,0176	67,311	72,2518	67,311	67,8839	67,311	64,9067	
67,4744	72,2275	67,4744	67,9447	67,4744	65,0174	67,4744	72,2537	67,4744	67,8827	67,4744	64,9056	
67,6379	72,2168	67,6379	67,9449	67,6379	65,0182	67,6379	72,2477	67,6379	67,8832	67,6379	64,9061	
67,8036	72,2198	67,8036	67,9459	67,8036	65,0177	67,8036	72,2525	67,8036	67,883	67,8036	64,906	
67,9678	72,2404	67,9678	67,9518	67,9678	65,022	67,9678	72,2543	67,9678	67,8822	67,9678	64,9062	
68,1315	72,2821	68,1315	67,9826	68,1315	65,0375	68,1315	72,2514	68,1315	67,8831	68,1315	64,9059	
68,2955	72,2859	68,2955	67,9887	68,2955	65,0464	68,2955	72,253	68,2955	67,8839	68,2955	64,9062	
68,4597	72,2923	68,4597	67,997	68,4597	65,0512	68,4597	72,2535	68,4597	67,8837	68,4597	64,9066	
68,6232	72,2884	68,6232	67,9999	68,6232	65,0546	68,6232	72,2512	68,6232	67,8832	68,6232	64,9062	
68,7869	72,2911	68,7869	68,0016	68,7869	65,0574	68,7869	72,254	68,7869	67,8865	68,7869	64,9062	
68,9507	72,2916	68,9507	68,004	68,9507	65,0598	68,9507	72,2527	68,9507	67,8841	68,9507	64,9064	
69,1149	72,2941	69,1149	68,0051	69,1149	65,0605	69,1149	72,2525	69,1149	67,885	69,1149	64,9055	
69,2786	72,2964	69,2786	68,0067	69,2786	65,061	69,2786	72,251	69,2786	67,8841	69,2786	64,9061	
69,4424	72,2965	69,4424	68,0075	69,4424	65,0603	69,4424	72,2481	69,4424	67,8833	69,4424	64,9061	
69,6064	72,3112	69,6064	68,0072	69,6064	65,0618	69,6064	72,2541	69,6064	67,8845	69,6064	64,9055	
69,7701	72,2968	69,7701	68,007	69,7701	65,0622	69,7701	72,2543	69,7701	67,8861	69,7701	64,9061	
69,9339	72,2975	69,9339	68,0084	69,9339	65,0611	69,9339	72,254	69,9339	67,8842	69,9339	64,9064	
70,0975	72,2997	70,0975	68,0078	70,0975	65,0619	70,0975	72,2522	70,0975	67,8828	70,0975	64,9066	
70,2615	72,2989	70,2615	68,0087	70,2615	65,0624	70,2615	72,2525	70,2615	67,8851	70,2615	64,9065	
70,4256	72,3018	70,4256	68,009	70,4256	65,0624	70,4256	72,2473	70,4256	67,8842	70,4256	64,9059	
70,589	72,298	70,589	68,0088	70,589	65,0616	70,589	72,2523	70,589	67,8836	70,589	64,906	
70,753	72,2988	70,753	68,0082	70,753	65,0624	70,753	72,2537	70,753	67,884	70,753	64,9065	
70,9167	72,297	70,9167	68,0096	70,9167	65,0627	70,9167	72,2542	70,9167	67,8858	70,9167	64,9062	
71,0805	72,3126	71,0805	68,009	71,0805	65,0629	71,0805	72,2502	71,0805	67,8857	71,0805	64,9062	
71,2445	72,2963	71,2445	68,0093	71,2445	65,0615	71,2445	72,2538	71,2445	67,884	71,2445	64,9068	
71,4088	72,297	71,4088	68,0089	71,4088	65,0615	71,4088	72,2478	71,4088	67,8837	71,4088	64,9064	
71,5727	72,2974	71,5727	68,0102	71,5727	65,0622	71,5727	72,2493	71,5727	67,8832	71,5727	64,9064	
71,7362	72,3097	71,7362	68,0095	71,7362	65,063	71,7362	72,2528	71,7362	67,8834	71,7362	64,9056	
71,8999	72,2995	71,8999	68,0094	71,8999	65,0621	71,8999	72,2548	71,8999	67,8846	71,8999	64,9064	
72,0639	72,2979	72,0639	68,0093	72,0639	65,0626	72,0639	72,2538	72,0639	67,8833	72,0639	64,9067	
72,2279	72,2991	72,2279	68,0093	72,2279	65,0628	72,2279	72,2548	72,2279	67,8858	72,2279	64,9061	
72,3916	72,3018	72,3916	68,0089	72,3916	65,0636	72,3916	72,2522	72,3916	67,8856	72,3916	64,9067	
72,5555	72,2986	72,5555	68,0105	72,5555	65,0623	72,5555	72,254	72,5555	67,8836	72,5555	64,9063	
72,7198	72,2989	72,7198	68,0095	72,7198	65,0623	72,7198	72,251	72,7198	67,8829	72,7198	64,9062	
72,8838	72,3003	72,8838	68,0093	72,8838	65,063	72,8838	72,2548	72,8838	67,8831	72,8838	64,9064	
73,0484	72,2996	73,0484	68,0103	73,0484	65,0622	73,0484	72,2527	73,0484	67,883	73,0484	64,9064	
73,2121	72,2988	73,2121	68,0086	73,2121	65,0624	73,2121	72,2487	73,2121	67,8842	73,2121	64,9065	
73,3755	72,2974	73,3755	68,0102	73,3755	65,0625	73,3755	72,2547	73,3755	67,8839	73,3755	64,9064	
73,5392	72,2979	73,5392	68,0095	73,5392	65,063	73,5392	72,2521	73,5392	67,8862	73,5392	64,9064	
73,7029	72,2978	73,7029	68,0094	73,7029	65,0626	73,7029	72,2531	73,7029	67,8844	73,7029	64,907	
73,8666	72,2996	73,8666	68,0105	73,8666	65,0623	73,8666	72,2563	73,8666	67,8838	73,8666	64,9063	
74,0301	72,2988	74,0301	68,0091	74,0301	65,0617	74,0301	72,2476	74,0301	67,883	74,0301	64,9068	
74,1938	72,2975	74,1938	68,0095	74,1938	65,0613	74,1938	72,2474	74,1938	67,8835	74,1938	64,9065	
74,3578	72,2982	74,3578	68,0088	74,3578	65,0617	74,3578	72,2518	74,3578	67,8852	74,3578	64,9062	
74,5215	72,2991	74,5215	68,0089	74,5215	65,0618	74,5215	72,2547	74,5215	67,8838	74,5215	64,9065	
74,685	72,2949	74,685	68,0082	74,685	65,0619	74,685	72,2524	74,685	67,8858	74,685	64,9061	
74,8484	72,3	74,8484	68,0074	74,8484	65,0615	74,8484	72,2524	74,8484	67,8848	74,8484	64,9063	
75,0122	72,3048	75,0122	68,0075	75,0122	65,0614	75,0122	72,2484	75,0122	67,8858	75,0122	64,9055	
75,1764	72,2995	75,1764	68,0073	75,1764	65,0605	75,1764	72,2528	75,1764	67,8856	75,1764	64,9065	
75,3404	72,294	75,3404	68,0064	75,3404	65,0606	75,3404	72,2549	75,3404	67,885	75,3404	64,9059	
75,5044	72,2957	75,5044	68,0063	75,5044	65,0593	75,5044	72,253	75,5044	67,8854	75,5044	64,9066	
75,6684	72,2961	75,6684	68,0064	75,6684	65,06	75,6684	72,2549	75,6684	67,884	75,6684	64,9063	
75,8329	72,2969	75,8329	68,0047	75,8329	65,0593	75,8329	72,2517	75,8329	67,8854	75,8329	64,905	
75,9972	72,2886	75,9972	68,0012	75,9972	65,055	75,9972	72,2519	75,9972	67,8834	75,9972	64,906	
76,1611	72,2862	76,1611	67,9974	76,1611	65,0525	76,1611	72,2529	76,1611	67,8833	76,1611	64,9059	
76,3251	72,2825	76,3251	67,994	76,3251	65,0486	76,3251	72,2472	76,3251	67,8834	76,3251	64,9062	
76,4897	72,2947	76,4897	67,9901	76,4897	65,0464	76,4897	72,2551	76,4897	67,8858	76,4897	64,9058	
76,6539	72,2841	76,6539	67,9885	76,6539	65,0434	76,6539	72,2516	76,6539	67,885	76,6539	64,9063	
76,8193	72,2718	76,8193	67,9845	76,8193	65,0408	76,8193	72,2556	76,8193	67,8838	76,8193	64,9065	
76,9841	72,2534	76,9841	67,9711	76,9841	65,0334	76,9841	72,2561	76,9841	67,8834	76,9841	64,9069	
77,1481	72,2362	77,1481	67,959	77,1481	65,0254	77,1481	72,2531	77,1481	67,8843	77,1481	64,9072	
77,3126	72,2317	77,3126	67,9524	77,3126	65,022	77,3126	72,2541	77,3126	67,8828	77,3126	64,9064	
77,4776	72,2217	77,4776	67,9486	77,4776	65,0204	77,4776	72,2463	77,4776	67,8856	77,4776	64,9064	
77,6427	72,2307	77,6427	67,9483	77,6427	65,0186	77,6427	72,2549	77,6427	67,885	77,6427	64,9063	
77,8072	72,2295	77,8072	67,945	77,8072	65,0187	77,8072	72,2536	77,8072	67,8832	77,8072	64,9068	
77,9713	72,2165	77,9713	67,9449	77,9713	65,0184	77,9713	72,2475	77,9713	67,8835	77,9713	64,9067	
78,1355	72,2279	78,1355	67,9445	78,1355	65,0179	78,1355	72,2542	78,1355	67,884	78,1355	64,9067	
78,2992	72,2277	78,2992	67,9444	78,2992	65,0175	78,2992	72,2488	78,2992	67,8849	78,2992	64,9064	
78,4632	72,2271	78,4632	67,9455	78,4632	65,0186	78,4632	72,2511	78,4632	67,8856	78,4632	64,9064	
78,6272	72,2284	78,6272	67,9453	78,6272	65,0175	78,6272	72,2537	78,6272	67,8847	78,6272	64,9064	
78,7911	72,2242	78,7911	67,9447	78,7911	65,0186	78,7911	72,2542	78,7911	67,8862	78,7911	64,9066	
78,9557	72,2268	78,9557	67,9444	78,9557	65,0181	78,9557	72,2522	78,9557	67,8854	78,9557	64,9066	
79,1191	72,2267	79,1191	67,9443	79,1191	65,0181	79,1191	72,2546	79,1191	67,8873	79,1191	64,9063	
79,2834	72,2285	79,2834	67,944	79,2834	65,0173	79,2834	72,254	79,2834	67,884	79,2834	64,9062	
79,4474	72,2144	79,4474	67,9433	79,4474	65,0174	79,4474	72,2492	79,4474	67,8838	79,4474	64,9062	
79,6116	72,2256	79,6116	67,9452	79,6116	65,0184	79,6116	72,256	79,6116	67,8852	79,6116	64,9062	
79,7756	72,2275	79,7756	67,9436	79,7756	65,0174	79,7756	72,2533	79,7756	67,8841	79,7756	64,9068	
79,9405	72,2265	79,9405	67,9436	79,9405	65,0177	79,9405	72,2548	79,9405	67,8853	79,9405	64,9064	
80,1045	72,2261	80,1045	67,9442	80,1045	65,0186	80,1045	72,2515	80,1045	67,8838	80,1045	64,906	
80,2696	72,2274	80,2696	67,9441	80,2696	65,0175	80,2696	72,2514	80,2696	67,8861	80,2696	64,9064	
80,4336	72,2282	80,4336	67,944	80,4336	65,0169	80,4336	72,2541	80,4336	67,8851	80,4336	64,9064	
80,5973	72,2281	80,5973	67,9446	80,5973	65,0182	80,5973	72,2506	80,5973	67,8864	80,5973	64,9063	
80,7617	72,2264	80,7617	67,9439	80,7617	65,0176	80,7617	72,2506	80,7617	67,8841	80,7617	64,9071	
80,9265	72,2244	80,9265	67,9441	80,9265	65,0179	80,9265	72,2538	80,9265	67,885	80,9265	64,9062	
81,0903	72,2268	81,0903	67,944	81,0903	65,0177	81,0903	72,2557	81,0903	67,8838	81,0903	64,9065	
81,2542	72,2147	81,2542	67,9425	81,2542	65,0177	81,2542	72,2509	81,2542	67,8841	81,2542	64,9068	
81,4185	72,2138	81,4185	67,9439	81,4185	65,0177	81,4185	72,2539	81,4185	67,8841	81,4185	64,9067	
81,583	72,2284	81,583	67,9442	81,583	65,0174	81,583	72,2499	81,583	67,8844	81,583	64,9068	
81,7473	72,2282	81,7473	67,9444	81,7473	65,0177	81,7473	72,2533	81,7473	67,8854	81,7473	64,9063	
81,9118	72,2291	81,9118	67,9442	81,9118	65,0179	81,9118	72,2541	81,9118	67,8846	81,9118	64,9068	
82,076	72,2273	82,076	67,9439	82,076	65,0175	82,076	72,2559	82,076	67,8863	82,076	64,9058	
82,2397	72,2259	82,2397	67,9449	82,2397	65,018	82,2397	72,2533	82,2397	67,8868	82,2397	64,9063	
82,4037	72,2262	82,4037	67,9443	82,4037	65,0176	82,4037	72,2497	82,4037	67,8848	82,4037	64,907	
82,5685	72,2156	82,5685	67,9443	82,5685	65,0178	82,5685	72,255	82,5685	67,8839	82,5685	64,9062	
82,7328	72,227	82,7328	67,9449	82,7328	65,0179	82,7328	72,2511	82,7328	67,8869	82,7328	64,9065	
82,897	72,2126	82,897	67,9447	82,897	65,0171	82,897	72,2569	82,897	67,884	82,897	64,9065	
83,0615	72,2282	83,0615	67,9434	83,0615	65,0174	83,0615	72,2565	83,0615	67,8832	83,0615	64,9061	
83,2265	72,2276	83,2265	67,9437	83,2265	65,0175	83,2265	72,2538	83,2265	67,884	83,2265	64,9066	
83,3905	72,2287	83,3905	67,9444	83,3905	65,0173	83,3905	72,2538	83,3905	67,8843	83,3905	64,9066	
83,5542	72,2281	83,5542	67,9445	83,5542	65,0186	83,5542	72,2496	83,5542	67,8867	83,5542	64,9064	
83,7179	72,2221	83,7179	67,9441	83,7179	65,0184	83,7179	72,2539	83,7179	67,887	83,7179	64,9067	
83,8816	72,2292	83,8816	67,9436	83,8816	65,0182	83,8816	72,2547	83,8816	67,8876	83,8816	64,9064	
84,0456	72,2264	84,0456	67,9448	84,0456	65,0184	84,0456	72,2487	84,0456	67,8875	84,0456	64,9067	
84,2104	72,2275	84,2104	67,944	84,2104	65,0179	84,2104	72,2522	84,2104	67,8842	84,2104	64,9064	
84,3744	72,2151	84,3744	67,944	84,3744	65,0174	84,3744	72,2467	84,3744	67,884	84,3744	64,9065	
84,5392	72,2295	84,5392	67,9437	84,5392	65,0181	84,5392	72,2542	84,5392	67,8843	84,5392	64,9063	
84,7032	72,2244	84,7032	67,9436	84,7032	65,0179	84,7032	72,2536	84,7032	67,884	84,7032	64,9067	
84,8672	72,2225	84,8672	67,9443	84,8672	65,0171	84,8672	72,2491	84,8672	67,8844	84,8672	64,9069	
85,0306	72,2284	85,0306	67,9442	85,0306	65,0179	85,0306	72,2486	85,0306	67,8838	85,0306	64,907	
85,1941	72,2252	85,1941	67,9443	85,1941	65,0181	85,1941	72,2545	85,1941	67,884	85,1941	64,9065	
85,3583	72,2253	85,3583	67,9445	85,3583	65,0181	85,3583	72,2544	85,3583	67,8844	85,3583	64,9067	
85,5229	72,2191	85,5229	67,9433	85,5229	65,0178	85,5229	72,2547	85,5229	67,8838	85,5229	64,9069	
85,6866	72,2176	85,6866	67,9447	85,6866	65,018	85,6866	72,2541	85,6866	67,8838	85,6866	64,9069	
85,8511	72,2257	85,8511	67,9453	85,8511	65,0178	85,8511	72,2542	85,8511	67,8864	85,8511	64,907	
86,0156	72,2269	86,0156	67,9447	86,0156	65,0177	86,0156	72,2564	86,0156	67,8847	86,0156	64,9067	
86,1793	72,2239	86,1793	67,9445	86,1793	65,0176	86,1793	72,2519	86,1793	67,8844	86,1793	64,9068	
86,3441	72,2296	86,3441	67,945	86,3441	65,0181	86,3441	72,2547	86,3441	67,8858	86,3441	64,9062	
86,5078	72,2237	86,5078	67,9445	86,5078	65,018	86,5078	72,2527	86,5078	67,8846	86,5078	64,9069	
86,672	72,2298	86,672	67,9449	86,672	65,0181	86,672	72,2569	86,672	67,8844	86,672	64,9066	
86,8368	72,2266	86,8368	67,9431	86,8368	65,018	86,8368	72,2565	86,8368	67,8846	86,8368	64,9072	
87,0008	72,2266	87,0008	67,9445	87,0008	65,0175	87,0008	72,2564	87,0008	67,885	87,0008	64,9067	
87,1648	72,2278	87,1648	67,9448	87,1648	65,0177	87,1648	72,2566	87,1648	67,8854	87,1648	64,9061	
87,329	72,2256	87,329	67,9447	87,329	65,0182	87,329	72,252	87,329	67,8847	87,329	64,9066	
87,493	72,2162	87,493	67,9446	87,493	65,0176	87,493	72,2557	87,493	67,8843	87,493	64,9066	
87,658	72,2253	87,658	67,9441	87,658	65,0173	87,658	72,2559	87,658	67,8843	87,658	64,9066	
87,822	72,2172	87,822	67,9442	87,822	65,0182	87,822	72,2568	87,822	67,8847	87,822	64,9062	
87,9868	72,2246	87,9868	67,9444	87,9868	65,0173	87,9868	72,2565	87,9868	67,8845	87,9868	64,9065	
88,1505	72,2169	88,1505	67,9453	88,1505	65,0181	88,1505	72,2506	88,1505	67,8844	88,1505	64,9068	
88,3147	72,2243	88,3147	67,9442	88,3147	65,0188	88,3147	72,2566	88,3147	67,8872	88,3147	64,9073	
