Time (min) - L1 670nm	 - L1 670nm	Time (min) - L2 785nm	 - L2 785nm	Time (min) - L3 980nm	 - L3 980nm	Time (min) - L5 670nm	 - L5 670nm	Time (min) - L6 785nm	 - L6 785nm	Time (min) - L7 980nm	 - L7 980nm	
0,173817	76,2228	0,173817	73,2752	0,173817	67,5852	0,173817	76,9765	0,173817	73,3484	0,173817	67,4731	
0,338633	76,2171	0,338633	73,2751	0,338633	67,5853	0,338633	76,7351	0,338633	73,3482	0,338633	67,4733	
0,503667	76,223	0,503667	73,272	0,503667	67,5842	0,503667	77,7081	0,503667	73,3475	0,503667	67,4733	
0,667933	76,1797	0,667933	73,2734	0,667933	67,584	0,667933	78,632	0,667933	73,3481	0,667933	67,4728	
0,83165	76,228	0,83165	73,2716	0,83165	67,5844	0,83165	77,5918	0,83165	73,3476	0,83165	67,473	
0,996117	76,2217	0,996117	73,2742	0,996117	67,5846	0,996117	78,0594	0,996117	73,346	0,996117	67,473	
1,15983	76,2229	1,15983	73,2741	1,15983	67,5844	1,15983	76,8684	1,15983	73,3462	1,15983	67,473	
1,32358	76,222	1,32358	73,2738	1,32358	67,5847	1,32358	78,6451	1,32358	73,3474	1,32358	67,4732	
1,48805	75,7252	1,48805	73,274	1,48805	67,5842	1,48805	78,7757	1,48805	73,3454	1,48805	67,473	
1,65287	76,2189	1,65287	73,2749	1,65287	67,5839	1,65287	78,1722	1,65287	73,3472	1,65287	67,4727	
1,81763	76,2194	1,81763	73,2746	1,81763	67,5841	1,81763	78,7528	1,81763	73,3477	1,81763	67,4728	
1,98162	76,2232	1,98162	73,2738	1,98162	67,5838	1,98162	76,2977	1,98162	73,3475	1,98162	67,4733	
2,1456	76,2258	2,1456	73,2742	2,1456	67,5839	2,1456	78,0341	2,1456	73,347	2,1456	67,4728	
2,30932	76,2179	2,30932	73,2729	2,30932	67,5836	2,30932	77,6937	2,30932	73,3476	2,30932	67,473	
2,47385	76,2159	2,47385	73,2715	2,47385	67,5845	2,47385	77,3041	2,47385	73,346	2,47385	67,4727	
2,63808	76,222	2,63808	73,2738	2,63808	67,5839	2,63808	78,0743	2,63808	73,3456	2,63808	67,4729	
2,80283	76,2265	2,80283	73,2733	2,80283	67,5843	2,80283	78,6191	2,80283	73,3466	2,80283	67,4731	
2,96628	76,2242	2,96628	73,2716	2,96628	67,5838	2,96628	77,3808	2,96628	73,3467	2,96628	67,4733	
3,13078	76,1882	3,13078	73,2721	3,13078	67,5845	3,13078	78,0609	3,13078	73,3476	3,13078	67,473	
3,2945	76,1884	3,2945	73,2734	3,2945	67,5846	3,2945	78,1577	3,2945	73,3463	3,2945	67,4731	
3,45928	76,1749	3,45928	73,271	3,45928	67,5845	3,45928	76,7469	3,45928	73,3475	3,45928	67,4728	
3,623	76,2215	3,623	73,2724	3,623	67,5844	3,623	78,0613	3,623	73,3471	3,623	67,4731	
3,78725	76,2263	3,78725	73,2727	3,78725	67,5845	3,78725	78,1604	3,78725	73,3475	3,78725	67,473	
3,95123	76,2203	3,95123	73,2738	3,95123	67,5845	3,95123	77,513	3,95123	73,3471	3,95123	67,4729	
4,11527	76,2223	4,11527	73,2734	4,11527	67,5839	4,11527	78,743	4,11527	73,348	4,11527	67,4732	
4,28005	76,189	4,28005	73,2712	4,28005	67,5843	4,28005	78,4151	4,28005	73,3478	4,28005	67,4731	
4,44483	76,2253	4,44483	73,2734	4,44483	67,585	4,44483	78,0747	4,44483	73,3477	4,44483	67,4734	
4,6093	76,2226	4,6093	73,2736	4,6093	67,5849	4,6093	78,0977	4,6093	73,3483	4,6093	67,4731	
4,77273	76,2212	4,77273	73,2731	4,77273	67,5838	4,77273	78,3136	4,77273	73,3468	4,77273	67,4735	
4,93855	76,2228	4,93855	73,2729	4,93855	67,5846	4,93855	77,0191	4,93855	73,3474	4,93855	67,4735	
5,10267	76,2236	5,10267	73,2709	5,10267	67,5836	5,10267	78,0585	5,10267	73,3467	5,10267	67,4731	
5,26718	76,1876	5,26718	73,2731	5,26718	67,5844	5,26718	-198,79	5,26718	73,3462	5,26718	67,4728	
5,43192	76,2257	5,43192	73,2725	5,43192	67,5839	5,43192	77,6686	5,43192	73,3475	5,43192	67,4731	
5,5959	76,2219	5,5959	73,2726	5,5959	67,5841	5,5959	80,5822	5,5959	73,3482	5,5959	67,4733	
5,75962	76,2213	5,75962	73,2737	5,75962	67,584	5,75962	78,0468	5,75962	73,3478	5,75962	67,473	
5,9244	76,2273	5,9244	73,2719	5,9244	67,5839	5,9244	77,5137	5,9244	73,3479	5,9244	67,4725	
6,08917	76,2222	6,08917	73,2731	6,08917	67,5841	6,08917	77,5644	6,08917	73,3481	6,08917	67,4729	
6,25315	76,2221	6,25315	73,2721	6,25315	67,5838	6,25315	77,2395	6,25315	73,3475	6,25315	67,4732	
6,41795	76,1916	6,41795	73,2734	6,41795	67,5833	6,41795	77,557	6,41795	73,3456	6,41795	67,4731	
6,58193	76,2224	6,58193	73,2708	6,58193	67,584	6,58193	77,7045	6,58193	73,3475	6,58193	67,4734	
6,7459	76,1903	6,7459	73,2709	6,7459	67,5837	6,7459	77,4733	6,7459	73,3476	6,7459	67,4728	
6,90962	76,2266	6,90962	73,2725	6,90962	67,584	6,90962	78,6198	6,90962	73,347	6,90962	67,4729	
7,07362	76,19	7,07362	73,2733	7,07362	67,5832	7,07362	78,0657	7,07362	73,3461	7,07362	67,4735	
7,2379	76,2178	7,2379	73,2715	7,2379	67,5835	7,2379	78,1301	7,2379	73,3471	7,2379	67,4731	
7,40162	76,1889	7,40162	73,2726	7,40162	67,5842	7,40162	78,8715	7,40162	73,3471	7,40162	67,4728	
7,56587	76,2256	7,56587	73,2701	7,56587	67,5838	7,56587	78,1167	7,56587	73,3465	7,56587	67,4727	
7,72932	76,2181	7,72932	73,2709	7,72932	67,5841	7,72932	78,5728	7,72932	73,3478	7,72932	67,4734	
7,89358	76,1895	7,89358	73,2729	7,89358	67,5841	7,89358	78,0584	7,89358	73,3474	7,89358	67,473	
8,0576	76,2244	8,0576	73,2715	8,0576	67,5838	8,0576	78,0637	8,0576	73,3462	8,0576	67,4732	
8,22212	76,2234	8,22212	73,271	8,22212	67,5842	8,22212	78,0903	8,22212	73,3467	8,22212	67,4729	
8,3866	75,7233	8,3866	73,2709	8,3866	67,5846	8,3866	73,0892	8,3866	73,348	8,3866	67,4732	
8,55033	76,222	8,55033	73,2713	8,55033	67,5838	8,55033	77,2572	8,55033	73,3475	8,55033	67,473	
8,71432	76,2203	8,71432	73,2725	8,71432	67,5836	8,71432	77,5942	8,71432	73,3473	8,71432	67,4734	
8,8786	76,2215	8,8786	73,2727	8,8786	67,5839	8,8786	79,9333	8,8786	73,3464	8,8786	67,4732	
9,04285	76,2133	9,04285	73,2729	9,04285	67,5844	9,04285	78,069	9,04285	73,3462	9,04285	67,4732	
9,20655	76,2243	9,20655	73,273	9,20655	67,5837	9,20655	78,5551	9,20655	73,3473	9,20655	67,4728	
9,37108	76,1757	9,37108	73,2727	9,37108	67,5841	9,37108	77,5957	9,37108	73,3472	9,37108	67,4724	
9,53562	76,2233	9,53562	73,2711	9,53562	67,5841	9,53562	77,5917	9,53562	73,3462	9,53562	67,4733	
9,6996	76,2233	9,6996	73,2731	9,6996	67,5835	9,6996	78,3134	9,6996	73,3476	9,6996	67,4732	
9,8636	76,2222	9,8636	73,2727	9,8636	67,584	9,8636	88,3582	9,8636	73,3474	9,8636	67,4727	
10,0281	76,1952	10,0281	73,273	10,0281	67,5836	10,0281	77,5345	10,0281	73,3473	10,0281	67,4735	
10,1918	76,1985	10,1918	73,2731	10,1918	67,5843	10,1918	78,9647	10,1918	73,3468	10,1918	67,4735	
10,3563	76,2246	10,3563	73,273	10,3563	67,5839	10,3563	78,1542	10,3563	73,3479	10,3563	67,4725	
10,5211	76,2155	10,5211	73,273	10,5211	67,5834	10,5211	78,107	10,5211	73,3451	10,5211	67,4726	
10,6859	76,2227	10,6859	73,273	10,6859	67,5838	10,6859	77,4961	10,6859	73,3472	10,6859	67,4729	
10,8499	76,2259	10,8499	73,2712	10,8499	67,5841	10,8499	78,0597	10,8499	73,3477	10,8499	67,4725	
11,0141	76,2217	11,0141	73,2732	11,0141	67,5841	11,0141	78,1087	11,0141	73,3475	11,0141	67,473	
11,179	76,1863	11,179	73,2722	11,179	67,5836	11,179	78,543	11,179	73,3467	11,179	67,473	
11,3437	76,2185	11,3437	73,2733	11,3437	67,5834	11,3437	78,044	11,3437	73,3465	11,3437	67,4728	
11,5071	76,219	11,5071	73,2712	11,5071	67,5838	11,5071	78,0902	11,5071	73,3474	11,5071	67,4724	
11,6714	76,2213	11,6714	73,273	11,6714	67,5841	11,6714	77,2541	11,6714	73,346	11,6714	67,4728	
11,8359	76,2195	11,8359	73,272	11,8359	67,5839	11,8359	78,1812	11,8359	73,345	11,8359	67,4731	
12,0007	76,1882	12,0007	73,2713	12,0007	67,5838	12,0007	78,0457	12,0007	73,3462	12,0007	67,4729	
12,1655	75,7295	12,1655	73,2721	12,1655	67,5836	12,1655	78,9911	12,1655	73,3466	12,1655	67,4729	
12,3289	76,2234	12,3289	73,2729	12,3289	67,5835	12,3289	82,5735	12,3289	73,3469	12,3289	67,473	
12,4926	76,2235	12,4926	73,2727	12,4926	67,5835	12,4926	77,4529	12,4926	73,3467	12,4926	67,473	
12,6561	76,2204	12,6561	73,2709	12,6561	67,5837	12,6561	79,0749	12,6561	73,3463	12,6561	67,4728	
12,8206	76,1891	12,8206	73,2698	12,8206	67,5838	12,8206	78,0759	12,8206	73,3474	12,8206	67,4727	
12,9846	75,7234	12,9846	73,2698	12,9846	67,5839	12,9846	79,7293	12,9846	73,3468	12,9846	67,4728	
13,1483	76,2254	13,1483	73,2731	13,1483	67,5839	13,1483	78,2215	13,1483	73,3454	13,1483	67,4728	
13,3117	76,2243	13,3117	73,273	13,3117	67,5836	13,3117	78,1412	13,3117	73,3466	13,3117	67,4728	
13,476	76,2226	13,476	73,2727	13,476	67,584	13,476	77,6928	13,476	73,3456	13,476	67,4727	
13,64	76,2263	13,64	73,2718	13,64	67,5835	13,64	77,3002	13,64	73,3471	13,64	67,4731	
13,8043	76,2191	13,8043	73,2729	13,8043	67,5841	13,8043	78,1895	13,8043	73,3461	13,8043	67,4727	
13,9688	76,2219	13,9688	73,2729	13,9688	67,5837	13,9688	78,0987	13,9688	73,3443	13,9688	67,4731	
14,1325	76,2207	14,1325	73,2727	14,1325	67,584	14,1325	78,147	14,1325	73,3473	14,1325	67,4726	
14,2964	76,2245	14,2964	73,2731	14,2964	67,5836	14,2964	78,124	14,2964	73,347	14,2964	67,4725	
14,4604	76,2179	14,4604	73,2713	14,4604	67,5839	14,4604	78,1651	14,4604	73,3468	14,4604	67,4728	
14,6244	76,2208	14,6244	73,2715	14,6244	67,5836	14,6244	78,18	14,6244	73,3463	14,6244	67,4725	
14,7881	76,2251	14,7881	73,2713	14,7881	67,5845	14,7881	78,1023	14,7881	73,3477	14,7881	67,4728	
14,9516	76,2245	14,9516	73,2726	14,9516	67,584	14,9516	78,115	14,9516	73,3459	14,9516	67,4728	
15,1156	76,1877	15,1156	73,2727	15,1156	67,5837	15,1156	79,3751	15,1156	73,347	15,1156	67,4727	
15,279	76,1925	15,279	73,2703	15,279	67,5833	15,279	77,7089	15,279	73,3462	15,279	67,4727	
15,443	76,2201	15,443	73,2729	15,443	67,5835	15,443	78,2161	15,443	73,347	15,443	67,4728	
15,6069	76,2193	15,6069	73,2718	15,6069	67,5836	15,6069	78,0691	15,6069	73,3461	15,6069	67,472	
15,7709	76,2259	15,7709	73,2728	15,7709	67,5839	15,7709	76,8461	15,7709	73,3476	15,7709	67,4728	
15,9347	76,2206	15,9347	73,2725	15,9347	67,5843	15,9347	78,1125	15,9347	73,3475	15,9347	67,4726	
16,0984	76,2243	16,0984	73,2734	16,0984	67,5835	16,0984	77,1444	16,0984	73,3472	16,0984	67,4728	
16,2621	76,2253	16,2621	73,2727	16,2621	67,5835	16,2621	78,4179	16,2621	73,3462	16,2621	67,4728	
16,4264	76,2253	16,4264	73,2718	16,4264	67,584	16,4264	78,3122	16,4264	73,3463	16,4264	67,473	
16,5907	76,2238	16,5907	73,2725	16,5907	67,5835	16,5907	77,6546	16,5907	73,3457	16,5907	67,4727	
16,7547	76,1769	16,7547	73,2723	16,7547	67,5838	16,7547	78,2015	16,7547	73,3468	16,7547	67,473	
16,9184	76,2311	16,9184	73,2725	16,9184	67,5835	16,9184	78,0269	16,9184	73,348	16,9184	67,4724	
17,0824	76,2217	17,0824	73,2726	17,0824	67,5841	17,0824	78,0971	17,0824	73,3462	17,0824	67,473	
17,2463	76,1925	17,2463	73,271	17,2463	67,5835	17,2463	76,9807	17,2463	73,3467	17,2463	67,4724	
17,4106	76,2199	17,4106	73,2704	17,4106	67,5837	17,4106	75,2031	17,4106	73,3467	17,4106	67,473	
17,5743	76,2273	17,5743	73,2708	17,5743	67,5839	17,5743	78,2775	17,5743	73,3461	17,5743	67,4726	
17,7385	76,2194	17,7385	73,2701	17,7385	67,5843	17,7385	78,3029	17,7385	73,347	17,7385	67,4726	
17,902	76,2199	17,902	73,2706	17,902	67,584	17,902	77,379	17,902	73,3466	17,902	67,4731	
18,066	76,1811	18,066	73,2715	18,066	67,5837	18,066	80,2625	18,066	73,3472	18,066	67,4726	
18,2302	76,2219	18,2302	73,273	18,2302	67,5838	18,2302	78,0863	18,2302	73,3468	18,2302	67,4727	
18,3936	76,2215	18,3936	73,2721	18,3936	67,5838	18,3936	78,167	18,3936	73,3465	18,3936	67,4723	
18,5573	76,1908	18,5573	73,2727	18,5573	67,584	18,5573	69,5378	18,5573	73,346	18,5573	67,4728	
18,7213	76,2241	18,7213	73,2709	18,7213	67,5841	18,7213	78,0872	18,7213	73,3469	18,7213	67,4732	
18,8853	76,2213	18,8853	73,2724	18,8853	67,5833	18,8853	77,368	18,8853	73,347	18,8853	67,4727	
19,0501	76,2261	19,0501	73,2727	19,0501	67,5842	19,0501	78,0841	19,0501	73,3462	19,0501	67,4724	
19,2138	76,1874	19,2138	73,2794	19,2138	67,5856	19,2138	78,0719	19,2138	73,345	19,2138	67,473	
19,3772	76,2093	19,3772	73,3396	19,3772	67,6175	19,3772	78,1644	19,3772	73,3465	19,3772	67,4728	
19,5412	76,1601	19,5412	73,4286	19,5412	67,6663	19,5412	78,2137	19,5412	73,3474	19,5412	67,4733	
19,7049	76,1901	19,7049	73,5254	19,7049	67,7197	19,7049	78,1899	19,7049	73,3478	19,7049	67,4734	
19,8689	76,1819	19,8689	73,5867	19,8689	67,7512	19,8689	78,1271	19,8689	73,3486	19,8689	67,4739	
20,0324	76,1786	20,0324	73,5992	20,0324	67,7571	20,0324	77,6619	20,0324	73,3509	20,0324	67,4745	
20,1963	76,1384	20,1963	73,6042	20,1963	67,7606	20,1963	78,0531	20,1963	73,3504	20,1963	67,4739	
20,3603	76,1823	20,3603	73,6081	20,3603	67,7623	20,3603	78,0395	20,3603	73,3517	20,3603	67,4751	
20,524	76,1805	20,524	73,6123	20,524	67,7634	20,524	77,4578	20,524	73,3519	20,524	67,4752	
20,688	76,1092	20,688	73,6146	20,688	67,7652	20,688	77,1379	20,688	73,3526	20,688	67,4752	
20,8517	76,176	20,8517	73,6154	20,8517	67,7661	20,8517	78,4353	20,8517	73,3523	20,8517	67,4752	
21,0155	76,1868	21,0155	73,6168	21,0155	67,7678	21,0155	78,2411	21,0155	73,3531	21,0155	67,4756	
21,1797	76,1227	21,1797	73,6192	21,1797	67,7688	21,1797	78,1093	21,1797	73,3532	21,1797	67,4758	
21,3437	76,1756	21,3437	73,6213	21,3437	67,7703	21,3437	78,0579	21,3437	76,0468	21,3437	78,2539	
21,5077	76,1793	21,5077	73,6169	21,5077	67,7708	21,5077	54,0884	21,5077	48,6163	21,5077	45,2044	
21,6711	76,1752	21,6711	73,6263	21,6711	67,7716	21,6711	54,0705	21,6711	48,5972	21,6711	45,1854	
21,8356	76,179	21,8356	73,6244	21,8356	67,7721	21,8356	54,0618	21,8356	48,59	21,8356	45,1808	
22,0004	76,1839	22,0004	73,6267	22,0004	67,773	22,0004	54,0602	22,0004	48,5878	22,0004	45,1784	
22,1644	76,1718	22,1644	73,6284	22,1644	67,7731	22,1644	54,058	22,1644	48,5861	22,1644	45,1767	
22,3289	76,1734	22,3289	73,6288	22,3289	67,7739	22,3289	54,0586	22,3289	48,5836	22,3289	45,175	
22,4932	76,1136	22,4932	73,6298	22,4932	67,7739	22,4932	54,059	22,4932	48,5821	22,4932	45,1736	
22,6569	76,1753	22,6569	73,6317	22,6569	67,7745	22,6569	54,0604	22,6569	48,5848	22,6569	45,1739	
22,8209	75,6183	22,8209	73,6297	22,8209	67,7748	22,8209	54,0578	22,8209	48,5834	22,8209	45,1742	
22,9846	76,1745	22,9846	73,6291	22,9846	67,775	22,9846	54,0595	22,9846	48,5876	22,9846	45,1743	
23,1483	76,1812	23,1483	73,6305	23,1483	67,7752	23,1483	54,0738	23,1483	48,5959	23,1483	45,179	
23,3118	75,6219	23,3118	73,6314	23,3118	67,7752	23,3118	54,0773	23,3118	48,5959	23,3118	45,1788	
23,4755	76,1761	23,4755	73,629	23,4755	67,7756	23,4755	54,0757	23,4755	48,5946	23,4755	45,1793	
23,6389	76,1765	23,6389	73,6326	23,6389	67,7762	23,6389	54,0745	23,6389	48,5957	23,6389	45,1799	
23,8026	75,6264	23,8026	73,6334	23,8026	67,7764	23,8026	54,0724	23,8026	48,5934	23,8026	45,179	
23,9666	76,177	23,9666	73,6335	23,9666	67,7763	23,9666	54,0742	23,9666	48,5934	23,9666	45,1777	
24,1306	76,1766	24,1306	73,6362	24,1306	67,7765	24,1306	54,0706	24,1306	48,5923	24,1306	45,1774	
24,2946	75,6194	24,2946	73,635	24,2946	67,7769	24,2946	54,0681	24,2946	48,59	24,2946	45,177	
24,4583	76,1756	24,4583	73,6354	24,4583	67,7767	24,4583	54,0666	24,4583	48,5862	24,4583	45,1751	
24,6222	75,6142	24,6222	73,6351	24,6222	67,7767	24,6222	54,0635	24,6222	48,585	24,6222	45,1746	
24,7857	75,6216	24,7857	73,6344	24,7857	67,7773	24,7857	54,0642	24,7857	48,5845	24,7857	45,1737	
24,9491	76,1294	24,9491	73,6357	24,9491	67,777	24,9491	54,0603	24,9491	48,5827	24,9491	45,173	
25,1126	76,1799	25,1126	73,6363	25,1126	67,7773	25,1126	54,061	25,1126	48,5821	25,1126	45,1721	
25,276	76,1705	25,276	73,6352	25,276	67,777	25,276	54,0584	25,276	48,5809	25,276	45,1718	
25,4398	76,179	25,4398	73,6348	25,4398	67,7773	25,4398	54,0571	25,4398	48,5808	25,4398	45,1717	
25,6032	75,6143	25,6032	73,6333	25,6032	67,7775	25,6032	54,0623	25,6032	48,5793	25,6032	45,1712	
25,7666	75,6203	25,7666	73,637	25,7666	67,7774	25,7666	54,0595	25,7666	48,5781	25,7666	45,1712	
25,9306	76,1767	25,9306	73,6363	25,9306	67,7771	25,9306	54,0561	25,9306	48,5792	25,9306	45,171	
26,0946	76,1776	26,0946	73,634	26,0946	67,7778	26,0946	54,0565	26,0946	48,5788	26,0946	45,1702	
26,2583	76,1696	26,2583	73,6371	26,2583	67,7773	26,2583	54,0567	26,2583	48,579	26,2583	45,1698	
26,4223	75,6133	26,4223	73,6354	26,4223	67,7774	26,4223	54,0566	26,4223	48,5779	26,4223	45,1698	
26,5862	76,1261	26,5862	73,6348	26,5862	67,7776	26,5862	54,0557	26,5862	48,5767	26,5862	45,169	
26,7502	76,1763	26,7502	73,6316	26,7502	67,7774	26,7502	54,0569	26,7502	48,5775	26,7502	45,1689	
26,9139	76,1721	26,9139	73,6386	26,9139	67,7776	26,9139	54,0568	26,9139	48,5765	26,9139	45,1691	
27,0779	75,6155	27,0779	73,6373	27,0779	67,7774	27,0779	54,0534	27,0779	48,577	27,0779	45,1688	
27,2418	76,1715	27,2418	73,6371	27,2418	67,7776	27,2418	54,0571	27,2418	48,5751	27,2418	45,1683	
27,4064	76,1747	27,4064	73,635	27,4064	67,7767	27,4064	54,0527	27,4064	48,577	27,4064	45,1678	
27,5711	76,1817	27,5711	73,6348	27,5711	67,7765	27,5711	54,0522	27,5711	48,5751	27,5711	45,1674	
27,7354	76,1694	27,7354	73,6327	27,7354	67,7754	27,7354	54,0541	27,7354	48,5746	27,7354	45,1676	
27,8997	76,1837	27,8997	73,6309	27,8997	67,7739	27,8997	54,0551	27,8997	48,5745	27,8997	45,1668	
28,0648	76,1815	28,0648	73,6274	28,0648	67,7729	28,0648	54,0547	28,0648	48,5746	28,0648	45,1667	
28,2287	75,6158	28,2287	73,6218	28,2287	67,7708	28,2287	54,0543	28,2287	48,573	28,2287	45,1664	
28,3922	76,1738	28,3922	73,6213	28,3922	67,7688	28,3922	54,0484	28,3922	48,5729	28,3922	45,166	
28,5567	76,1771	28,5567	73,6187	28,5567	67,767	28,5567	54,0539	28,5567	48,5713	28,5567	45,1665	
28,7207	76,1726	28,7207	73,6157	28,7207	67,7658	28,7207	54,0541	28,7207	48,572	28,7207	45,1663	
28,885	76,133	28,885	73,612	28,885	67,7633	28,885	54,046	28,885	48,5713	28,885	45,1653	
29,049	76,1782	29,049	73,6098	29,049	67,7623	29,049	54,0504	29,049	48,5718	29,049	45,1653	
29,2135	76,1797	29,2135	73,6043	29,2135	67,7611	29,2135	54,0458	29,2135	48,5712	29,2135	45,1647	
29,3775	76,1303	29,3775	73,6063	29,3775	67,7601	29,3775	54,0517	29,3775	48,5698	29,3775	45,1637	
29,542	76,176	29,542	73,6026	29,542	67,7584	29,542	54,0515	29,542	48,5714	29,542	45,1643	
29,7073	75,6222	29,7073	73,6003	29,7073	67,7575	29,7073	54,0477	29,7073	48,5708	29,7073	45,1647	
29,8713	76,1793	29,8713	73,5982	29,8713	67,7562	29,8713	54,0512	29,8713	48,5688	29,8713	45,1643	
30,0351	75,6251	30,0351	73,5986	30,0351	67,7553	30,0351	54,0491	30,0351	48,5685	30,0351	45,1633	
30,199	75,6224	30,199	73,5964	30,199	67,7541	30,199	54,0481	30,199	48,5695	30,199	45,164	
30,3643	76,1803	30,3643	73,5957	30,3643	67,7537	30,3643	54,048	30,3643	48,5688	30,3643	45,1643	
30,5285	76,1282	30,5285	73,5914	30,5285	67,7526	30,5285	54,0483	30,5285	48,5686	30,5285	45,1637	
30,6928	76,1292	30,6928	73,5947	30,6928	67,752	30,6928	54,0485	30,6928	48,5695	30,6928	45,1636	
30,8565	75,6352	30,8565	73,5885	30,8565	67,7512	30,8565	54,0459	30,8565	48,5676	30,8565	45,163	
31,0213	76,1852	31,0213	73,5896	31,0213	67,7509	31,0213	54,0486	31,0213	48,5684	31,0213	45,1631	
31,1852	76,1812	31,1852	73,5858	31,1852	67,7507	31,1852	54,0468	31,1852	48,5682	31,1852	45,1621	
31,3487	76,1854	31,3487	73,5877	31,3487	67,7498	31,3487	54,0453	31,3487	48,569	31,3487	45,162	
31,5124	76,1795	31,5124	73,5863	31,5124	67,7503	31,5124	54,0456	31,5124	48,5673	31,5124	45,1624	
31,6764	75,6251	31,6764	73,5827	31,6764	67,7501	31,6764	54,0473	31,6764	48,5686	31,6764	45,1624	
31,8404	76,1828	31,8404	73,5835	31,8404	67,7481	31,8404	54,0457	31,8404	48,5686	31,8404	45,1626	
32,0038	75,6249	32,0038	73,5809	32,0038	67,7474	32,0038	54,0463	32,0038	48,5675	32,0038	45,1624	
32,1683	76,1313	32,1683	73,5826	32,1683	67,7471	32,1683	54,0474	32,1683	48,5659	32,1683	45,1621	
32,3326	76,1834	32,3326	73,5805	32,3326	67,7464	32,3326	54,046	32,3326	48,567	32,3326	45,1618	
32,4966	76,1173	32,4966	73,579	32,4966	67,7462	32,4966	54,0447	32,4966	48,5671	32,4966	45,1611	
32,6613	76,178	32,6613	73,5788	32,6613	67,7464	32,6613	54,0439	32,6613	48,566	32,6613	45,1614	
32,8259	76,1789	32,8259	73,5762	32,8259	67,7462	32,8259	54,0393	32,8259	48,5653	32,8259	45,1617	
32,9901	76,1811	32,9901	73,5784	32,9901	67,7456	32,9901	54,0423	32,9901	48,5668	32,9901	45,1603	
33,154	76,1845	33,154	73,578	33,154	67,7447	33,154	54,0475	33,154	48,5647	33,154	45,1611	
33,3177	76,1846	33,3177	73,5763	33,3177	67,744	33,3177	54,0419	33,3177	48,566	33,3177	45,1608	
33,4825	76,1204	33,4825	73,5742	33,4825	67,7437	33,4825	54,0452	33,4825	48,5649	33,4825	45,1602	
33,6465	76,1297	33,6465	73,5743	33,6465	67,7433	33,6465	54,0461	33,6465	48,5661	33,6465	45,1613	
33,8105	76,1838	33,8105	73,5705	33,8105	67,743	33,8105	54,0439	33,8105	48,5654	33,8105	45,1604	
33,975	76,1832	33,975	73,5738	33,975	67,7425	33,975	54,0442	33,975	48,5671	33,975	45,1601	
34,1393	75,6273	34,1393	73,5727	34,1393	67,7434	34,1393	54,045	34,1393	48,5649	34,1393	45,1605	
34,3043	76,1194	34,3043	73,5712	34,3043	67,7427	34,3043	54,0452	34,3043	48,5657	34,3043	45,16	
34,4688	76,1341	34,4688	73,5707	34,4688	67,743	34,4688	54,0459	34,4688	48,5664	34,4688	45,1603	
34,6333	75,6275	34,6333	73,5703	34,6333	67,7416	34,6333	54,0434	34,6333	48,565	34,6333	45,1589	
34,7978	75,6361	34,7978	73,5695	34,7978	67,7411	34,7978	54,043	34,7978	48,5639	34,7978	45,1594	
34,9615	76,1779	34,9615	73,5689	34,9615	67,7409	34,9615	54,0435	34,9615	48,5632	34,9615	45,1592	
35,126	76,1173	35,126	73,568	35,126	67,7405	35,126	54,0435	35,126	48,5641	35,126	45,1591	
35,29	76,1901	35,29	73,5666	35,29	67,74	35,29	54,0418	35,29	48,5642	35,29	45,1595	
35,4543	76,1826	35,4543	73,567	35,4543	67,7391	35,4543	54,0431	35,4543	48,5632	35,4543	45,159	
35,6185	76,1873	35,6185	73,5698	35,6185	67,7388	35,6185	54,0394	35,6185	48,5625	35,6185	45,1594	
35,7828	76,1853	35,7828	73,5662	35,7828	67,7394	35,7828	54,0401	35,7828	48,5636	35,7828	45,1586	
35,947	76,1786	35,947	73,5635	35,947	67,7385	35,947	54,041	35,947	48,5637	35,947	45,1587	
36,1115	76,1782	36,1115	73,5651	36,1115	67,7387	36,1115	54,0369	36,1115	48,5629	36,1115	45,1582	
36,2755	76,1884	36,2755	73,5639	36,2755	67,7386	36,2755	54,0416	36,2755	48,5628	36,2755	45,1582	
36,4398	76,1775	36,4398	73,5647	36,4398	67,7382	36,4398	54,0397	36,4398	48,5616	36,4398	45,159	
36,604	76,1333	36,604	73,5636	36,604	67,7378	36,604	54,0385	36,604	48,5616	36,604	45,1594	
36,7688	76,1792	36,7688	73,5619	36,7688	67,7376	36,7688	54,0394	36,7688	48,5613	36,7688	45,1586	
36,9331	76,1875	36,9331	73,5626	36,9331	67,7377	36,9331	54,0421	36,9331	48,5623	36,9331	45,1581	
37,0981	76,1875	37,0981	73,5633	37,0981	67,737	37,0981	54,0376	37,0981	48,5624	37,0981	45,1589	
37,2618	76,1418	37,2618	73,5618	37,2618	67,7375	37,2618	54,034	37,2618	48,5615	37,2618	45,1584	
37,426	76,1898	37,426	73,5632	37,426	67,7377	37,426	54,0406	37,426	48,56	37,426	45,158	
37,5903	76,1342	37,5903	73,5594	37,5903	67,7365	37,5903	54,0398	37,5903	48,5613	37,5903	45,1584	
37,7551	76,1838	37,7551	73,5618	37,7551	67,7363	37,7551	54,0407	37,7551	48,5616	37,7551	45,1589	
37,9194	76,1848	37,9194	73,5574	37,9194	67,737	37,9194	54,0406	37,9194	48,5607	37,9194	45,1587	
38,0839	76,1187	38,0839	73,5584	38,0839	67,737	38,0839	54,0376	38,0839	48,5613	38,0839	45,1589	
38,2476	76,1828	38,2476	73,5597	38,2476	67,7359	38,2476	54,0428	38,2476	48,5607	38,2476	45,1585	
38,4121	76,1837	38,4121	73,5587	38,4121	67,736	38,4121	54,04	38,4121	48,56	38,4121	45,1576	
38,5756	76,1828	38,5756	73,5585	38,5756	67,7352	38,5756	54,0389	38,5756	48,5616	38,5756	45,1589	
38,7393	76,1881	38,7393	73,5582	38,7393	67,7353	38,7393	54,0391	38,7393	48,5619	38,7393	45,1595	
38,9033	76,1832	38,9033	73,5576	38,9033	67,7346	38,9033	54,0406	38,9033	48,5616	38,9033	45,1582	
39,0672	76,1884	39,0672	73,5574	39,0672	67,7351	39,0672	54,04	39,0672	48,5616	39,0672	45,1583	
39,2312	76,1356	39,2312	73,5553	39,2312	67,735	39,2312	54,0386	39,2312	48,5616	39,2312	45,159	
39,3952	75,6362	39,3952	73,5553	39,3952	67,735	39,3952	54,036	39,3952	48,5603	39,3952	45,159	
39,5597	76,1819	39,5597	73,5545	39,5597	67,7349	39,5597	54,0369	39,5597	48,5605	39,5597	45,158	
39,7237	76,1834	39,7237	73,556	39,7237	67,7343	39,7237	54,0402	39,7237	48,5603	39,7237	45,1585	
39,8876	75,6367	39,8876	73,5555	39,8876	67,7332	39,8876	54,039	39,8876	48,5592	39,8876	45,1593	
40,0514	76,1792	40,0514	73,5544	40,0514	67,7335	40,0514	54,0379	40,0514	48,5594	40,0514	45,1589	
40,2154	76,1199	40,2154	73,5531	40,2154	67,7338	40,2154	54,041	40,2154	48,5598	40,2154	45,1585	
40,3804	76,1791	40,3804	73,552	40,3804	67,7337	40,3804	54,0446	40,3804	48,5609	40,3804	45,1586	
40,5446	76,1824	40,5446	73,5528	40,5446	67,7326	40,5446	54,0389	40,5446	48,5592	40,5446	45,1587	
40,7099	76,1823	40,7099	73,5523	40,7099	67,732	40,7099	54,0426	40,7099	48,5595	40,7099	45,158	
40,8742	76,1856	40,8742	73,5527	40,8742	67,7324	40,8742	54,0413	40,8742	48,5602	40,8742	45,1589	
41,0393	76,1829	41,0393	73,552	41,0393	67,7332	41,0393	54,0413	41,0393	48,5618	41,0393	45,1577	
41,2033	76,1914	41,2033	73,5515	41,2033	67,7314	41,2033	54,0409	41,2033	48,5605	41,2033	45,1589	
41,367	76,187	41,367	73,5508	41,367	67,7325	41,367	54,0418	41,367	48,5601	41,367	45,1586	
41,5313	75,641	41,5313	73,5501	41,5313	67,7323	41,5313	54,0456	41,5313	48,5599	41,5313	45,1592	
41,6958	76,1884	41,6958	73,5482	41,6958	67,7324	41,6958	54,0373	41,6958	48,5608	41,6958	45,159	
41,8595	76,1841	41,8595	73,5482	41,8595	67,7319	41,8595	54,0405	41,8595	48,5605	41,8595	45,1589	
42,0237	76,1875	42,0237	73,5501	42,0237	67,7307	42,0237	54,0415	42,0237	48,561	42,0237	45,1575	
42,1877	75,6423	42,1877	73,5489	42,1877	67,7314	42,1877	54,0425	42,1877	48,56	42,1877	45,1594	
42,3512	76,1335	42,3512	73,5519	42,3512	67,7305	42,3512	54,0362	42,3512	48,5604	42,3512	45,1594	
42,5146	76,1206	42,5146	73,5499	42,5146	67,7311	42,5146	54,041	42,5146	48,5624	42,5146	45,1577	
42,6786	76,1415	42,6786	73,5488	42,6786	67,731	42,6786	54,0403	42,6786	48,5599	42,6786	45,1591	
42,8425	76,1421	42,8425	73,5473	42,8425	67,7297	42,8425	54,0404	42,8425	48,5609	42,8425	45,1584	
43,0067	76,135	43,0067	73,5472	43,0067	67,7303	43,0067	54,0443	43,0067	48,5605	43,0067	45,1577	
43,1705	75,6411	43,1705	73,5463	43,1705	67,7306	43,1705	54,0445	43,1705	48,5604	43,1705	45,1594	
43,335	76,188	43,335	73,5477	43,335	67,7306	43,335	54,042	43,335	48,5611	43,335	45,1579	
43,4987	76,1833	43,4987	73,5467	43,4987	67,7304	43,4987	54,0414	43,4987	48,5607	43,4987	45,1591	
43,6623	76,1807	43,6623	73,5468	43,6623	67,7301	43,6623	54,0443	43,6623	48,5609	43,6623	45,1577	
43,8261	76,1934	43,8261	73,5455	43,8261	67,7296	43,8261	54,0455	43,8261	48,5605	43,8261	45,159	
43,9903	75,6437	43,9903	73,5466	43,9903	67,7288	43,9903	54,0454	43,9903	48,5606	43,9903	45,159	
44,1543	76,1797	44,1543	73,5455	44,1543	67,7282	44,1543	54,0469	44,1543	48,5607	44,1543	45,1588	
44,3188	76,1842	44,3188	73,5447	44,3188	67,73	44,3188	54,0442	44,3188	48,5606	44,3188	45,158	
44,4833	76,1324	44,4833	73,547	44,4833	67,7285	44,4833	54,041	44,4833	48,5605	44,4833	45,1593	
44,6479	76,19	44,6479	73,5463	44,6479	67,7292	44,6479	54,0387	44,6479	48,5599	44,6479	45,1571	
44,8122	76,18	44,8122	73,5443	44,8122	67,7293	44,8122	54,0398	44,8122	48,5603	44,8122	45,1589	
44,9764	75,637	44,9764	73,5424	44,9764	67,7283	44,9764	54,0403	44,9764	48,5598	44,9764	45,1591	
45,1402	76,1907	45,1402	73,5432	45,1402	67,7285	45,1402	54,0426	45,1402	48,5599	45,1402	45,1588	
45,3041	76,1887	45,3041	73,544	45,3041	67,7286	45,3041	54,0406	45,3041	48,561	45,3041	45,1589	
45,4681	76,1347	45,4681	73,543	45,4681	67,728	45,4681	54,0403	45,4681	48,5621	45,4681	45,1589	
45,6321	75,6401	45,6321	73,5442	45,6321	67,7283	45,6321	54,0378	45,6321	48,5625	45,6321	45,1568	
45,7964	76,1876	45,7964	73,5425	45,7964	67,728	45,7964	54,04	45,7964	48,5615	45,7964	45,1577	
45,9601	75,6415	45,9601	73,545	45,9601	67,728	45,9601	54,0409	45,9601	48,5615	45,9601	45,1589	
46,1246	76,1819	46,1246	73,5421	46,1246	67,728	46,1246	54,0398	46,1246	48,5625	46,1246	45,1582	
46,2883	76,1831	46,2883	73,5412	46,2883	67,7284	46,2883	54,0388	46,2883	48,5622	46,2883	45,1577	
46,4523	76,1863	46,4523	73,5432	46,4523	67,7268	46,4523	54,0434	46,4523	48,562	46,4523	45,1575	
46,6168	75,6445	46,6168	73,5415	46,6168	67,7272	46,6168	54,0466	46,6168	48,5624	46,6168	45,1576	
46,7805	76,1892	46,7805	73,5429	46,7805	67,7271	46,7805	54,0428	46,7805	48,5622	46,7805	45,1574	
46,9445	76,1815	46,9445	73,54	46,9445	67,7269	46,9445	54,0411	46,9445	48,5629	46,9445	45,157	
47,1082	76,1835	47,1082	73,5401	47,1082	67,7267	47,1082	54,0445	47,1082	48,5631	47,1082	45,1578	
47,2724	76,1917	47,2724	73,541	47,2724	67,7275	47,2724	54,0372	47,2724	48,5622	47,2724	45,1574	
47,4367	76,1371	47,4367	73,5416	47,4367	67,7268	47,4367	54,0374	47,4367	48,5619	47,4367	45,1578	
47,6014	76,1918	47,6014	73,5374	47,6014	67,7268	47,6014	54,0404	47,6014	48,5627	47,6014	45,1571	
47,7651	76,1405	47,7651	73,5411	47,7651	67,7263	47,7651	54,0368	47,7651	48,5625	47,7651	45,1574	
47,9294	76,1895	47,9294	73,5391	47,9294	67,7262	47,9294	54,0366	47,9294	48,5637	47,9294	45,1569	
48,0936	76,1385	48,0936	73,5377	48,0936	67,7249	48,0936	54,0424	48,0936	48,5629	48,0936	45,1575	
48,2584	76,191	48,2584	73,5389	48,2584	67,7258	48,2584	54,0365	48,2584	48,5627	48,2584	45,1571	
48,4221	76,1905	48,4221	73,5372	48,4221	67,7262	48,4221	54,0366	48,4221	48,5629	48,4221	45,1578	
48,5864	76,1816	48,5864	73,5366	48,5864	67,7253	48,5864	54,0392	48,5864	48,5628	48,5864	45,1564	
48,7504	76,1913	48,7504	73,5369	48,7504	67,7261	48,7504	54,0344	48,7504	48,5636	48,7504	45,1568	
48,9155	76,1363	48,9155	73,5372	48,9155	67,7247	48,9155	54,0372	48,9155	48,5631	48,9155	45,1563	
49,0798	76,1851	49,0798	73,5365	49,0798	67,7253	49,0798	54,0329	49,0798	48,5627	49,0798	45,1557	
49,2438	75,6448	49,2438	73,538	49,2438	67,725	49,2438	54,0318	49,2438	48,5623	49,2438	45,1558	
49,4077	75,6459	49,4077	73,5385	49,4077	67,7256	49,4077	54,0316	49,4077	48,5614	49,4077	45,1554	
49,5722	75,6366	49,5722	73,5378	49,5722	67,7249	49,5722	54,0338	49,5722	48,5611	49,5722	45,1548	
49,7365	76,1903	49,7365	73,5381	49,7365	67,7243	49,7365	54,0267	49,7365	48,5601	49,7365	45,1548	
49,9007	76,1853	49,9007	73,5356	49,9007	67,7247	49,9007	54,0245	49,9007	48,5583	49,9007	45,1548	
50,0652	76,1831	50,0652	73,5339	50,0652	67,7234	50,0652	54,0249	50,0652	48,56	50,0652	45,1549	
50,2291	76,1365	50,2291	73,5352	50,2291	67,7234	50,2291	54,0232	50,2291	48,5583	50,2291	68,669	
50,3934	76,1882	50,3934	73,536	50,3934	67,7238	50,3934	54,023	50,3934	48,56	50,3934	68,6621	
50,558	76,1877	50,558	73,5342	50,558	67,7226	50,558	54,0211	50,558	74,8829	50,558	68,6488	
50,7217	76,1881	50,7217	73,535	50,7217	67,7232	50,7217	54,0209	50,7217	74,8451	50,7217	68,6425	
50,8854	76,1933	50,8854	73,5353	50,8854	67,7241	50,8854	54,0176	50,8854	74,8162	50,8854	68,6356	
51,0494	76,1263	51,0494	73,5369	51,0494	67,7236	51,0494	54,0145	51,0494	74,8055	51,0494	68,6275	
51,2137	76,1842	51,2137	73,5369	51,2137	67,7231	51,2137	54,0131	51,2137	74,8078	51,2137	68,622	
51,3779	75,6446	51,3779	73,5356	51,3779	67,7234	51,3779	54,0093	51,3779	74,782	51,3779	68,6191	
51,5422	76,1883	51,5422	73,5323	51,5422	67,7238	51,5422	54,001	51,5422	74,7524	51,5422	68,6144	
51,7062	76,1891	51,7062	73,5329	51,7062	67,7231	51,7062	53,9906	51,7062	74,7556	51,7062	68,6072	
51,8702	75,6481	51,8702	73,5326	51,8702	67,7221	51,8702	53,9787	51,8702	74,7398	51,8702	68,6037	
52,035	75,6414	52,035	73,5325	52,035	67,723	52,035	53,9739	52,035	74,7429	52,035	68,5998	
52,199	76,1908	52,199	73,5321	52,199	67,7214	52,199	53,9669	52,199	74,7343	52,199	68,5969	
52,363	76,1948	52,363	73,5334	52,363	67,7217	52,363	53,9642	52,363	74,6893	52,363	68,5952	
52,5276	75,6452	52,5276	73,532	52,5276	67,7225	52,5276	53,9652	52,5276	74,6863	52,5276	68,5922	
52,6916	76,1937	52,6916	73,5315	52,6916	67,7225	52,6916	53,9601	52,6916	74,6847	52,6916	68,5892	
52,8553	76,189	52,8553	73,5317	52,8553	67,7224	52,8553	53,9484	52,8553	74,6732	52,8553	68,5844	
53,0198	76,1935	53,0198	73,5303	53,0198	67,7215	53,0198	53,9356	53,0198	74,6592	53,0198	68,5785	
53,1841	75,6454	53,1841	73,5314	53,1841	67,7223	53,1841	53,9473	53,1841	74,6446	53,1841	68,5751	
53,3481	76,1842	53,3481	73,5313	53,3481	67,7221	53,3481	53,9504	53,3481	74,6284	53,3481	68,5702	
53,5126	76,1882	53,5126	73,5312	53,5126	67,7215	53,5126	53,954	53,5126	74,6156	53,5126	68,5626	
53,6766	76,197	53,6766	73,5318	53,6766	67,7212	53,6766	53,9535	53,6766	74,6191	53,6766	68,5583	
53,8411	75,6422	53,8411	73,5293	53,8411	67,7212	53,8411	53,9544	53,8411	74,5916	53,8411	68,5576	
54,0048	76,135	54,0048	73,5303	54,0048	67,721	54,0048	53,9592	54,0048	74,5626	54,0048	68,5479	
54,1694	76,1926	54,1694	73,5316	54,1694	67,7212	54,1694	53,9761	54,1694	74,5648	54,1694	68,5432	
54,3336	76,184	54,3336	73,5307	54,3336	67,7217	54,3336	53,9692	54,3336	74,5478	54,3336	68,5375	
54,4979	76,181	54,4979	73,5279	54,4979	67,7211	54,4979	53,9774	54,4979	74,5334	54,4979	68,5328	
54,6615	76,1863	54,6615	73,5289	54,6615	67,7207	54,6615	53,962	54,6615	74,5292	54,6615	68,5298	
54,825	76,1833	54,825	73,5307	54,825	67,7212	54,825	53,942	54,825	74,5251	54,825	68,5278	
54,9893	76,1853	54,9893	73,5266	54,9893	67,7208	54,9893	53,9178	54,9893	74,5127	54,9893	68,5242	
55,1535	76,14	55,1535	73,5284	55,1535	67,7201	55,1535	53,8762	55,1535	74,5123	55,1535	68,5145	
55,3172	76,193	55,3172	73,528	55,3172	67,7205	55,3172	53,8565	55,3172	74,5011	55,3172	67,4738	
55,4812	75,6397	55,4812	73,5279	55,4812	67,7204	55,4812	53,8257	55,4812	74,4884	55,4812	67,4732	
55,646	76,1405	55,646	73,5278	55,646	67,7196	55,646	53,8085	55,646	74,4837	55,646	67,4739	
55,8105	76,1947	55,8105	73,5279	55,8105	67,7203	55,8105	53,7829	55,8105	74,5012	55,8105	67,4749	
55,9748	76,1892	55,9748	73,5284	55,9748	67,7199	55,9748	53,7603	55,9748	74,4778	55,9748	67,4749	
56,1393	76,1866	56,1393	73,5273	56,1393	67,7208	56,1393	53,7318	56,1393	74,4624	56,1393	67,477	
56,3041	76,1847	56,3041	73,5283	56,3041	67,7193	56,3041	53,7016	56,3041	74,4596	56,3041	67,479	
56,4683	76,1876	56,4683	73,5279	56,4683	67,72	56,4683	53,682	56,4683	74,4391	56,4683	67,4799	
56,6328	76,1911	56,6328	73,527	56,6328	67,72	56,6328	53,6919	56,6328	74,4322	56,6328	67,481	
56,7967	75,6469	56,7967	73,5265	56,7967	67,7192	56,7967	53,6897	56,7967	74,43	56,7967	67,4816	
56,9604	76,1879	56,9604	73,5279	56,9604	67,7192	56,9604	53,693	56,9604	74,4396	56,9604	67,4821	
57,1245	76,1887	57,1245	73,5277	57,1245	67,7194	57,1245	53,7102	57,1245	74,4209	57,1245	67,4812	
57,2884	75,6451	57,2884	73,5248	57,2884	67,7197	57,2884	53,7022	57,2884	74,4187	57,2884	67,4817	
57,4532	76,1879	57,4532	73,5247	57,4532	67,7188	57,4532	53,717	57,4532	74,4163	57,4532	67,4812	
57,618	76,1862	57,618	73,525	57,618	67,7183	57,618	53,7102	57,618	74,4125	57,618	67,4789	
57,7817	76,1872	57,7817	73,5266	57,7817	67,7196	57,7817	53,7236	57,7817	74,4096	57,7817	67,4808	
57,9463	75,642	57,9463	73,5253	57,9463	67,7194	57,9463	53,7284	57,9463	74,4044	57,9463	67,4798	
58,1103	76,1881	58,1103	73,527	58,1103	67,7182	58,1103	53,7503	58,1103	74,3934	58,1103	67,4786	
58,2743	76,1842	58,2743	73,5251	58,2743	67,7187	58,2743	53,7507	58,2743	74,3904	58,2743	67,4771	
58,4393	76,1929	58,4393	73,5247	58,4393	67,7179	58,4393	53,7656	58,4393	74,3849	58,4393	67,4762	
58,6035	76,181	58,6035	73,5234	58,6035	67,7192	58,6035	53,7659	58,6035	74,3863	58,6035	67,4758	
58,7678	76,1816	58,7678	73,5261	58,7678	67,7178	58,7678	53,794	58,7678	74,3726	58,7678	67,4722	
58,9325	76,1943	58,9325	73,5239	58,9325	67,7179	58,9325	53,8165	58,9325	74,9681	58,9325	67,4701	
59,097	76,1897	59,097	73,5211	59,097	67,7165	59,097	54,0935	59,097	48,5783	59,097	45,1593	
59,2616	75,643	59,2616	73,5215	59,2616	67,7165	59,2616	54,0927	59,2616	48,5808	59,2616	45,1633	
59,4262	76,1871	59,4262	73,5208	59,4262	67,7167	59,4262	54,0917	59,4262	48,5805	59,4262	45,1647	
59,5912	76,1812	59,5912	73,5203	59,5912	67,7161	59,5912	53,8052	59,5912	74,4194	59,5912	67,496	
59,7552	75,6403	59,7552	73,5227	59,7552	67,7176	59,7552	53,8036	59,7552	74,4071	59,7552	67,4953	
59,9197	76,1882	59,9197	73,5216	59,9197	67,7164	59,9197	53,805	59,9197	74,4205	59,9197	67,4944	
60,084	76,1925	60,084	73,5233	60,084	67,7167	60,084	53,7981	60,084	74,4215	60,084	67,4946	
60,2485	76,1858	60,2485	73,5232	60,2485	67,7175	60,2485	53,7967	60,2485	74,4226	60,2485	67,4945	
60,4128	76,1912	60,4128	73,5224	60,4128	67,7175	60,4128	53,8092	60,4128	74,4186	60,4128	67,4942	
60,5773	76,1895	60,5773	73,5246	60,5773	67,7162	60,5773	53,7953	60,5773	74,4109	60,5773	67,493	
60,7413	76,1912	60,7413	73,5227	60,7413	67,7177	60,7413	53,802	60,7413	74,4225	60,7413	67,4951	
60,9058	76,1841	60,9058	73,5224	60,9058	67,7172	60,9058	53,8076	60,9058	74,4149	60,9058	67,4935	
61,0701	75,6412	61,0701	73,5213	61,0701	67,7177	61,0701	53,7894	61,0701	74,4238	61,0701	67,4929	
61,2349	76,1877	61,2349	73,5211	61,2349	67,7169	61,2349	53,796	61,2349	74,4246	61,2349	67,4938	
61,3994	76,1842	61,3994	73,5221	61,3994	67,7174	61,3994	53,7962	61,3994	74,4132	61,3994	67,4953	
61,5642	76,1923	61,5642	73,5221	61,5642	67,7167	61,5642	53,7996	61,5642	74,4158	61,5642	67,4937	
61,7282	75,6473	61,7282	73,5241	61,7282	67,7156	61,7282	53,8094	61,7282	74,416	61,7282	67,4931	
61,8922	76,1859	61,8922	73,5218	61,8922	67,7172	61,8922	53,7894	61,8922	74,4197	61,8922	67,493	
62,0561	76,1957	62,0561	73,5227	62,0561	67,7174	62,0561	53,8026	62,0561	74,4107	62,0561	67,4952	
62,2201	76,1833	62,2201	73,5207	62,2201	67,7173	62,2201	53,8107	62,2201	74,4099	62,2201	67,4943	
62,3841	76,1865	62,3841	73,5223	62,3841	67,7162	62,3841	53,7848	62,3841	74,4218	62,3841	67,4924	
62,5478	75,6494	62,5478	73,52	62,5478	67,716	62,5478	53,7886	62,5478	74,409	62,5478	67,493	
62,7112	76,1873	62,7112	73,5198	62,7112	67,7171	62,7112	53,7992	62,7112	74,4235	62,7112	67,4933	
62,8753	76,1962	62,8753	73,5209	62,8753	67,7158	62,8753	53,8006	62,8753	74,4233	62,8753	67,4929	
63,0387	76,1242	63,0387	73,5191	63,0387	67,716	63,0387	53,7923	63,0387	74,4239	63,0387	67,4929	
63,2024	76,1875	63,2024	73,5214	63,2024	67,7169	63,2024	53,8066	63,2024	74,4206	63,2024	67,4928	
63,3667	76,1931	63,3667	73,5204	63,3667	67,7153	63,3667	53,8036	63,3667	74,4332	63,3667	67,4925	
63,5306	76,189	63,5306	73,5186	63,5306	67,7154	63,5306	53,8003	63,5306	74,4231	63,5306	67,4925	
63,6943	76,185	63,6943	73,5206	63,6943	67,7154	63,6943	53,7942	63,6943	74,4209	63,6943	67,4926	
63,8581	75,6553	63,8581	73,5196	63,8581	67,7151	63,8581	53,7991	63,8581	74,4234	63,8581	67,4946	
64,0223	76,1411	64,0223	73,5203	64,0223	67,7148	64,0223	53,7875	64,0223	74,4247	64,0223	67,4929	
64,1861	76,1949	64,1861	73,5192	64,1861	67,7153	64,1861	53,8075	64,1861	74,4231	64,1861	67,4944	
64,3503	76,132	64,3503	73,5197	64,3503	67,7162	64,3503	53,7925	64,3503	74,4203	64,3503	67,4926	
64,5143	76,1853	64,5143	73,5171	64,5143	67,7149	64,5143	53,7945	64,5143	74,4236	64,5143	67,4931	
64,678	76,1412	64,678	73,52	64,678	67,7158	64,678	53,7893	64,678	74,4217	64,678	67,4927	
64,8415	76,1384	64,8415	73,5186	64,8415	67,7157	64,8415	53,7969	64,8415	74,4097	64,8415	67,4926	
65,0052	75,648	65,0052	73,5193	65,0052	67,7154	65,0052	53,7989	65,0052	74,4021	65,0052	67,4935	
65,1695	75,6481	65,1695	73,5169	65,1695	67,7151	65,1695	53,7899	65,1695	74,4209	65,1695	67,4923	
65,3329	76,1923	65,3329	73,5192	65,3329	67,7147	65,3329	53,8075	65,3329	74,4196	65,3329	67,4923	
65,4964	76,1849	65,4964	73,5177	65,4964	67,7152	65,4964	53,7852	65,4964	74,4206	65,4964	67,4927	
65,6598	76,1912	65,6598	73,5159	65,6598	67,7146	65,6598	53,7994	65,6598	74,4204	65,6598	67,4933	
65,8241	76,1876	65,8241	73,5169	65,8241	67,7147	65,8241	53,808	65,8241	74,4194	65,8241	67,4922	
65,9875	76,196	65,9875	73,5178	65,9875	67,7142	65,9875	53,7963	65,9875	74,4192	65,9875	67,4926	
66,1512	76,1897	66,1512	73,5159	66,1512	67,7145	66,1512	53,8031	66,1512	74,4211	66,1512	67,4915	
66,3155	76,1902	66,3155	73,519	66,3155	67,7153	66,3155	53,7817	66,3155	74,4175	66,3155	67,493	
66,4797	75,6472	66,4797	73,517	66,4797	67,7141	66,4797	53,7985	66,4797	74,4048	66,4797	67,4937	
66,6432	75,6447	66,6432	73,5181	66,6432	67,7133	66,6432	53,8009	66,6432	74,4211	66,6432	67,4924	
66,8069	76,1909	66,8069	73,5186	66,8069	67,7145	66,8069	53,808	66,8069	74,4235	66,8069	67,4931	
66,9714	76,1415	66,9714	73,517	66,9714	67,715	66,9714	53,7989	66,9714	74,418	66,9714	67,4933	
67,1351	76,1888	67,1351	73,5157	67,1351	67,7133	67,1351	53,806	67,1351	74,4195	67,1351	67,4923	
67,2999	76,1968	67,2999	73,5176	67,2999	67,7137	67,2999	53,7973	67,2999	74,4188	67,2999	67,4925	
67,4642	76,1895	67,4642	73,5148	67,4642	67,7141	67,4642	53,8046	67,4642	74,4149	67,4642	67,4935	
67,6282	76,1952	67,6282	73,5166	67,6282	67,7135	67,6282	53,8017	67,6282	74,4069	67,6282	67,4927	
67,7922	75,6513	67,7922	73,5155	67,7922	67,7149	67,7922	53,8125	67,7922	74,4207	67,7922	67,4937	
67,9558	76,1945	67,9558	73,5152	67,9558	67,7136	67,9558	53,787	67,9558	74,4195	67,9558	67,4928	
68,1201	76,186	68,1201	73,5303	68,1201	67,7197	68,1201	53,7922	68,1201	74,4215	68,1201	67,4929	
68,2841	76,1813	68,2841	73,5707	68,2841	67,7436	68,2841	53,8014	68,2841	74,4219	68,2841	67,4928	
68,4478	76,1854	68,4478	73,541	68,4478	67,7338	68,4478	53,8027	68,4478	74,4214	68,4478	67,4924	
68,6118	76,1381	68,6118	73,5362	68,6118	67,7331	68,6118	53,7885	68,6118	74,4216	68,6118	67,4944	
68,776	75,6506	68,776	73,5267	68,776	67,7305	68,776	53,8049	68,776	74,4228	68,776	67,4943	
68,9398	76,1918	68,9398	73,519	68,9398	67,7274	68,9398	53,7901	68,9398	74,4235	68,9398	67,4936	
69,1032	76,1964	69,1032	73,509	69,1032	67,7242	69,1032	53,8053	69,1032	74,4185	69,1032	67,4935	
69,2669	75,6562	69,2669	73,5014	69,2669	67,7186	69,2669	53,7985	69,2669	74,4221	69,2669	67,492	
69,4306	76,1897	69,4306	73,4934	69,4306	67,7157	69,4306	53,7987	69,4306	74,4232	69,4306	67,493	
69,5946	75,6675	69,5946	73,4847	69,5946	67,7103	69,5946	53,796	69,5946	74,4235	69,5946	67,4934	
69,7583	76,2003	69,7583	73,4777	69,7583	67,7068	69,7583	53,8017	69,7583	74,4113	69,7583	67,4929	
69,922	76,1942	69,922	73,4702	69,922	67,7036	69,922	53,7913	69,922	74,4255	69,922	67,4927	
70,0854	76,1975	70,0854	73,4631	70,0854	67,6997	70,0854	53,802	70,0854	74,4112	70,0854	67,4925	
70,2492	76,2006	70,2492	73,4557	70,2492	67,696	70,2492	53,794	70,2492	74,4126	70,2492	67,4938	
70,4131	76,1975	70,4131	73,4512	70,4131	67,6928	70,4131	53,8014	70,4131	74,4196	70,4131	67,4928	
70,5771	76,2027	70,5771	73,4437	70,5771	67,6893	70,5771	53,8141	70,5771	74,4198	70,5771	67,4923	
70,7409	76,2055	70,7409	73,4403	70,7409	67,686	70,7409	53,8076	70,7409	74,4112	70,7409	67,4923	
70,9046	76,1973	70,9046	73,4314	70,9046	67,6825	70,9046	53,8056	70,9046	74,4106	70,9046	67,4924	
71,0686	76,2015	71,0686	73,4286	71,0686	67,6801	71,0686	53,8022	71,0686	74,4241	71,0686	67,493	
71,2326	76,2021	71,2326	73,423	71,2326	67,6783	71,2326	53,8026	71,2326	74,4125	71,2326	67,493	
71,3963	76,2113	71,3963	73,4181	71,3963	67,6762	71,3963	53,8049	71,3963	74,4244	71,3963	67,4927	
71,5597	76,2033	71,5597	73,4155	71,5597	67,6747	71,5597	53,7934	71,5597	74,4124	71,5597	67,4939	
71,724	76,1514	71,724	73,4108	71,724	67,6725	71,724	53,8199	71,724	74,4132	71,724	67,4932	
71,8877	76,2031	71,8877	73,4067	71,8877	67,6708	71,8877	53,8121	71,8877	74,4243	71,8877	67,4933	
72,0514	76,2062	72,0514	73,4041	72,0514	67,6692	72,0514	53,8014	72,0514	74,4195	72,0514	67,4937	
72,2152	76,2019	72,2152	73,4045	72,2152	67,6674	72,2152	53,805	72,2152	74,4239	72,2152	67,4926	
72,3794	76,1837	72,3794	73,4004	72,3794	67,6659	72,3794	53,8092	72,3794	74,424	72,3794	67,4922	
72,5437	76,1689	72,5437	73,3973	72,5437	67,665	72,5437	53,801	72,5437	74,4246	72,5437	67,4928	
72,7076	76,21	72,7076	73,3948	72,7076	67,6636	72,7076	53,8023	72,7076	74,4093	72,7076	67,4935	
72,8719	76,2097	72,8719	73,3932	72,8719	67,6623	72,8719	53,8074	72,8719	74,4109	72,8719	67,4935	
73,0356	76,2077	73,0356	73,3907	73,0356	67,6616	73,0356	53,8029	73,0356	74,4129	73,0356	67,4936	
73,1994	76,2046	73,1994	73,3891	73,1994	67,6602	73,1994	53,8102	73,1994	74,4244	73,1994	67,4927	
73,3631	76,2037	73,3631	73,389	73,3631	67,6595	73,3631	53,8022	73,3631	74,4254	73,3631	67,4933	
73,5268	76,2095	73,5268	73,386	73,5268	67,6588	73,5268	53,8062	73,5268	74,4144	73,5268	67,493	
73,6905	76,2083	73,6905	73,385	73,6905	67,6575	73,6905	53,8053	73,6905	74,4248	73,6905	67,4936	
73,8542	75,6939	73,8542	73,3825	73,8542	67,6568	73,8542	53,8135	73,8542	74,4107	73,8542	67,4927	
74,0176	76,2124	74,0176	73,3815	74,0176	67,6559	74,0176	53,8058	74,0176	74,4244	74,0176	67,4929	
74,1813	76,2135	74,1813	73,3794	74,1813	67,6547	74,1813	53,8141	74,1813	74,412	74,1813	67,493	
74,3447	76,2049	74,3447	73,378	74,3447	67,6543	74,3447	53,8031	74,3447	74,4241	74,3447	67,4923	
74,5082	76,2081	74,5082	73,379	74,5082	67,6536	74,5082	53,8043	74,5082	74,4243	74,5082	67,4928	
74,6719	75,7274	74,6719	73,3761	74,6719	67,6528	74,6719	53,8091	74,6719	74,4242	74,6719	67,4923	
74,8356	75,6964	74,8356	73,3742	74,8356	67,6521	74,8356	53,805	74,8356	74,4189	74,8356	67,4931	
75,0001	76,2141	75,0001	73,3738	75,0001	67,6505	75,0001	53,7963	75,0001	74,4239	75,0001	67,4934	
75,1636	76,1724	75,1636	73,3722	75,1636	67,6499	75,1636	53,8062	75,1636	74,4103	75,1636	67,4923	
75,3281	76,2082	75,3281	73,3729	75,3281	67,6499	75,3281	53,8	75,3281	74,4196	75,3281	67,494	
75,492	76,2132	75,492	73,3701	75,492	67,6487	75,492	53,8011	75,492	74,4241	75,492	67,494	
75,6558	76,2095	75,6558	73,3709	75,6558	67,6476	75,6558	53,8203	75,6558	74,4097	75,6558	67,4927	
75,8192	76,2126	75,8192	73,3697	75,8192	67,647	75,8192	53,7975	75,8192	74,432	75,8192	67,4934	
75,9827	76,2129	75,9827	73,3675	75,9827	67,6464	75,9827	53,7967	75,9827	74,4246	75,9827	67,4925	
76,1464	75,6944	76,1464	73,3652	76,1464	67,6441	76,1464	53,7975	76,1464	74,4244	76,1464	67,4927	
76,3111	76,2116	76,3111	73,3602	76,3111	67,6399	76,3111	53,8089	76,3111	74,4107	76,3111	67,4927	
76,4752	76,2052	76,4752	73,3573	76,4752	67,6371	76,4752	53,8077	76,4752	74,4243	76,4752	67,4929	
76,6397	76,2083	76,6397	73,3548	76,6397	67,6343	76,6397	53,7744	76,6397	74,4253	76,6397	67,4936	
76,8048	76,2126	76,8048	73,3502	76,8048	67,631	76,8048	53,8137	76,8048	74,4233	76,8048	67,4923	
76,9687	76,217	76,9687	73,3478	76,9687	67,6288	76,9687	53,8074	76,9687	74,4227	76,9687	67,4929	
77,1327	76,2168	77,1327	73,3388	77,1327	67,6247	77,1327	53,7897	77,1327	74,4239	77,1327	67,4929	
77,2967	76,2189	77,2967	73,3106	77,2967	67,6072	77,2967	53,8086	77,2967	74,4113	77,2967	67,493	
77,4604	76,2198	77,4604	73,2926	77,4604	67,5952	77,4604	53,805	77,4604	74,4136	77,4604	67,4923	
77,6255	76,222	77,6255	73,282	77,6255	67,5903	77,6255	53,7992	77,6255	74,4097	77,6255	67,4926	
77,79	76,2278	77,79	73,281	77,79	67,5882	77,79	53,8018	77,79	74,4244	77,79	67,4923	
77,9548	76,2244	77,9548	73,2794	77,9548	67,5881	77,9548	53,7992	77,9548	74,4159	77,9548	67,4935	
78,1188	76,1879	78,1188	73,2792	78,1188	67,5873	78,1188	53,7995	78,1188	74,4199	78,1188	67,4918	
78,2824	76,2221	78,2824	73,2789	78,2824	67,5873	78,2824	53,8082	78,2824	74,4143	78,2824	67,4932	
78,4472	76,2214	78,4472	73,2786	78,4472	67,5869	78,4472	53,8119	78,4472	74,4248	78,4472	67,4928	
78,6115	76,2234	78,6115	73,2784	78,6115	67,5867	78,6115	53,8008	78,6115	74,4119	78,6115	67,4925	
78,7761	76,2241	78,7761	73,2782	78,7761	67,5867	78,7761	53,8005	78,7761	74,4113	78,7761	67,4926	
78,9401	76,219	78,9401	73,2759	78,9401	67,5866	78,9401	53,7846	78,9401	74,4088	78,9401	67,4918	
79,1046	76,1912	79,1046	73,2779	79,1046	67,5868	79,1046	53,8213	79,1046	74,4224	79,1046	67,4927	
79,2683	76,2154	79,2683	73,2784	79,2683	67,5866	79,2683	53,8155	79,2683	74,4117	79,2683	67,4922	
79,4326	76,2238	79,4326	73,2768	79,4326	67,586	79,4326	53,8119	79,4326	74,42	79,4326	67,4922	
79,5965	76,2224	79,5965	73,2776	79,5965	67,5865	79,5965	53,8136	79,5965	74,4237	79,5965	67,4939	
79,761	76,2237	79,761	73,2775	79,761	67,5861	79,761	53,8163	79,761	74,4241	79,761	67,492	
79,9253	76,1881	79,9253	73,2755	79,9253	67,5863	79,9253	53,8108	79,9253	74,4157	79,9253	67,4924	
80,0904	76,2178	80,0904	73,2778	80,0904	67,5861	80,0904	53,8037	80,0904	74,4239	80,0904	67,4918	
80,2541	76,2188	80,2541	73,2784	80,2541	67,586	80,2541	53,8107	80,2541	74,42	80,2541	67,4924	
80,4175	76,2208	80,4175	73,2777	80,4175	67,586	80,4175	53,8054	80,4175	74,4105	80,4175	67,493	
80,5813	76,2178	80,5813	73,2771	80,5813	67,5856	80,5813	53,7935	80,5813	74,4243	80,5813	67,4929	
80,7455	76,2246	80,7455	73,2769	80,7455	67,586	80,7455	53,8048	80,7455	74,4099	80,7455	67,493	
80,91	76,218	80,91	73,2771	80,91	67,5861	80,91	53,8004	80,91	74,4222	80,91	67,4929	
81,0745	76,2188	81,0745	73,2753	81,0745	67,5861	81,0745	53,8122	81,0745	74,4257	81,0745	67,4934	
81,2393	75,7185	81,2393	73,2772	81,2393	67,5858	81,2393	53,8007	81,2393	74,4237	81,2393	67,4918	
81,4036	75,7277	81,4036	73,2762	81,4036	67,5853	81,4036	53,8097	81,4036	74,4251	81,4036	67,4921	
81,5681	76,2195	81,5681	73,2763	81,5681	67,5856	81,5681	53,811	81,5681	74,4253	81,5681	67,4926	
81,7329	76,2254	81,7329	73,2753	81,7329	67,5855	81,7329	53,808	81,7329	74,4245	81,7329	67,4927	
81,8969	76,2169	81,8969	73,2776	81,8969	67,5852	81,8969	53,8032	81,8969	74,4201	81,8969	67,4917	
82,0606	76,2201	82,0606	73,2754	82,0606	67,5858	82,0606	53,8149	82,0606	74,428	82,0606	67,4921	
