Time (min) - L1 670nm	 - L1 670nm	Time (min) - L2 785nm	 - L2 785nm	Time (min) - L3 980nm	 - L3 980nm	Time (min) - L5 670nm	 - L5 670nm	Time (min) - L6 785nm	 - L6 785nm	Time (min) - L7 980nm	 - L7 980nm	
0,18935	76,2539	0,18935	73,2987	0,18935	67,6005	0,18935	77,5229	0,18935	73,322	0,18935	67,4618	
0,354383	76,2517	0,354383	73,2988	0,354383	67,6	0,354383	78,1501	0,354383	73,3223	0,354383	67,4608	
0,5194	76,2555	0,5194	73,2982	0,5194	67,5999	0,5194	78,3323	0,5194	73,3209	0,5194	67,4608	
0,684733	76,2497	0,684733	73,2976	0,684733	67,5991	0,684733	78,3521	0,684733	73,3208	0,684733	67,4605	
0,848983	76,2542	0,848983	73,2976	0,848983	67,5987	0,848983	78,3692	0,848983	73,3214	0,848983	67,4602	
1,01405	76,2568	1,01405	73,2969	1,01405	67,5987	1,01405	78,221	1,01405	73,32	1,01405	67,4597	
1,1788	76,2481	1,1788	73,2976	1,1788	67,5989	1,1788	78,0748	1,1788	73,3215	1,1788	67,4601	
1,34387	76,2567	1,34387	73,2973	1,34387	67,5982	1,34387	76,8289	1,34387	73,32	1,34387	67,4596	
1,50865	76,2557	1,50865	73,2982	1,50865	67,5979	1,50865	77,299	1,50865	73,3197	1,50865	67,4597	
1,67315	76,2563	1,67315	73,2951	1,67315	67,5983	1,67315	78,0964	1,67315	73,322	1,67315	67,4593	
1,83767	76,2574	1,83767	73,2968	1,83767	67,5974	1,83767	79,9618	1,83767	73,3201	1,83767	67,459	
2,00162	76,2521	2,00162	73,2974	2,00162	67,5979	2,00162	77,5496	2,00162	73,3194	2,00162	67,4586	
2,16693	76,2542	2,16693	73,2968	2,16693	67,5974	2,16693	78,2939	2,16693	73,3188	2,16693	67,459	
2,33092	76,2554	2,33092	73,2947	2,33092	67,597	2,33092	77,2406	2,33092	73,3193	2,33092	67,459	
2,49463	76,254	2,49463	73,297	2,49463	67,5975	2,49463	78,0653	2,49463	73,3199	2,49463	67,4592	
2,65917	76,2464	2,65917	73,2968	2,65917	67,5975	2,65917	78,2433	2,65917	73,3197	2,65917	67,4587	
2,82398	76,2514	2,82398	73,2959	2,82398	67,5971	2,82398	77,2009	2,82398	73,3191	2,82398	67,4584	
2,9877	76,2458	2,9877	73,2961	2,9877	67,597	2,9877	77,7062	2,9877	73,3191	2,9877	67,4584	
3,15165	76,2528	3,15165	73,296	3,15165	67,597	3,15165	78,1459	3,15165	73,3202	3,15165	67,4584	
3,31563	76,2515	3,31563	73,2967	3,31563	67,5969	3,31563	78,0435	3,31563	73,3198	3,31563	67,4584	
3,47935	76,2517	3,47935	73,2965	3,47935	67,5963	3,47935	78,3292	3,47935	73,3185	3,47935	67,4585	
3,6433	76,2546	3,6433	73,2967	3,6433	67,5965	3,6433	77,4657	3,6433	73,3194	3,6433	67,4578	
3,807	76,2188	3,807	73,2963	3,807	67,5963	3,807	78,445	3,807	73,319	3,807	67,4577	
3,97072	76,2501	3,97072	73,297	3,97072	67,597	3,97072	77,0403	3,97072	73,3196	3,97072	67,4586	
4,13527	76,249	4,13527	73,2939	4,13527	67,5961	4,13527	77,4822	4,13527	73,3193	4,13527	67,4584	
4,29953	76,2476	4,29953	73,2969	4,29953	67,5967	4,29953	78,2571	4,29953	73,3186	4,29953	67,4578	
4,46325	76,2514	4,46325	73,2966	4,46325	67,5963	4,46325	80,1829	4,46325	73,3181	4,46325	67,4581	
4,62668	76,2484	4,62668	73,296	4,62668	67,5967	4,62668	78,2621	4,62668	73,3194	4,62668	67,4584	
4,79067	76,2487	4,79067	73,2945	4,79067	67,5967	4,79067	79,0283	4,79067	73,3188	4,79067	67,4586	
4,9557	76,2459	4,9557	73,2966	4,9557	67,5965	4,9557	78,8724	4,9557	73,32	4,9557	67,4582	
5,11945	76,2481	5,11945	73,2953	5,11945	67,5967	5,11945	79,2205	5,11945	73,3177	5,11945	67,4584	
5,28368	76,2187	5,28368	73,2956	5,28368	67,5963	5,28368	77,7418	5,28368	73,3174	5,28368	67,4581	
5,44818	76,2478	5,44818	73,296	5,44818	67,5963	5,44818	78,0935	5,44818	73,3178	5,44818	67,4584	
5,61215	76,2308	5,61215	73,2956	5,61215	67,5962	5,61215	76,243	5,61215	73,3188	5,61215	67,458	
5,7775	76,2484	5,7775	73,2954	5,7775	67,5962	5,7775	77,6357	5,7775	73,3179	5,7775	67,4576	
5,94122	76,2477	5,94122	73,2959	5,94122	67,5962	5,94122	77,6571	5,94122	73,3177	5,94122	67,4583	
6,10573	76,2472	6,10573	73,2959	6,10573	67,5965	6,10573	80,1553	6,10573	73,319	6,10573	67,4584	
6,27023	76,2447	6,27023	73,2958	6,27023	67,5963	6,27023	78,0376	6,27023	73,3192	6,27023	67,4581	
6,43423	76,2285	6,43423	73,294	6,43423	67,5959	6,43423	78,0349	6,43423	73,3168	6,43423	67,4578	
6,59898	76,2405	6,59898	73,2959	6,59898	67,5959	6,59898	77,6635	6,59898	73,3185	6,59898	67,4578	
6,76295	76,2407	6,76295	73,295	6,76295	67,5967	6,76295	78,169	6,76295	73,3172	6,76295	67,4579	
6,92695	76,2441	6,92695	73,295	6,92695	67,5962	6,92695	78,1925	6,92695	73,3168	6,92695	67,4585	
7,09148	76,2442	7,09148	73,2954	7,09148	67,5958	7,09148	78,5413	7,09148	73,318	7,09148	67,4576	
7,2552	76,2413	7,2552	73,2956	7,2552	67,5969	7,2552	77,4935	7,2552	73,3178	7,2552	67,4579	
7,41928	76,2431	7,41928	73,2952	7,41928	67,5964	7,41928	77,5168	7,41928	73,3178	7,41928	67,458	
7,5841	76,2413	7,5841	73,2955	7,5841	67,5963	7,5841	78,1262	7,5841	73,3176	7,5841	67,458	
7,7486	76,2449	7,7486	73,2957	7,7486	67,597	7,7486	77,7116	7,7486	73,3168	7,7486	67,4581	
7,91232	76,2362	7,91232	73,295	7,91232	67,5966	7,91232	78,5592	7,91232	73,3174	7,91232	67,4589	
8,07602	76,2355	8,07602	73,2955	8,07602	67,5969	8,07602	77,0273	8,07602	73,3171	8,07602	67,4582	
8,24055	76,2446	8,24055	73,2934	8,24055	67,5959	8,24055	77,3938	8,24055	73,3172	8,24055	67,4584	
8,4052	76,2413	8,4052	73,2945	8,4052	67,5967	8,4052	77,1499	8,4052	73,3174	8,4052	67,4578	
8,5693	76,2376	8,5693	73,2942	8,5693	67,596	8,5693	77,2665	8,5693	73,3175	8,5693	67,4577	
8,73327	76,2416	8,73327	73,2952	8,73327	67,5966	8,73327	204,472	8,73327	73,3168	8,73327	67,4582	
8,89728	76,2414	8,89728	73,2945	8,89728	67,5959	8,89728	79,7102	8,89728	73,316	8,89728	67,4578	
9,06072	76,2428	9,06072	73,2956	9,06072	67,5963	9,06072	78,0653	9,06072	73,317	9,06072	67,458	
9,22468	76,2362	9,22468	73,2936	9,22468	67,5962	9,22468	77,4413	9,22468	73,3167	9,22468	67,4575	
9,38892	76,2353	9,38892	73,2957	9,38892	67,5963	9,38892	78,1966	9,38892	73,3171	9,38892	67,4579	
9,5529	76,2392	9,5529	73,295	9,5529	67,596	9,5529	76,4577	9,5529	73,3205	9,5529	67,458	
9,71703	76,2212	9,71703	73,2944	9,71703	67,5961	9,71703	78,0469	9,71703	73,317	9,71703	67,4577	
9,88155	76,2405	9,88155	73,2953	9,88155	67,5956	9,88155	76,4312	9,88155	73,3177	9,88155	67,4575	
10,0453	76,2423	10,0453	73,2952	10,0453	67,5955	10,0453	78,6608	10,0453	73,3169	10,0453	67,4573	
10,209	76,2255	10,209	73,2949	10,209	67,5958	10,209	78,1032	10,209	73,3163	10,209	67,4578	
10,373	76,2196	10,373	73,2942	10,373	67,5959	10,373	78,2349	10,373	73,3162	10,373	67,4577	
10,5375	76,2396	10,5375	73,2951	10,5375	67,5954	10,5375	77,4478	10,5375	73,3159	10,5375	67,4577	
10,701	76,2051	10,701	73,295	10,701	67,5954	10,701	78,0901	10,701	73,3171	10,701	67,4572	
10,8647	76,2385	10,8647	73,2954	10,8647	67,5957	10,8647	78,0683	10,8647	73,3168	10,8647	67,4572	
11,0284	75,7494	11,0284	73,2907	11,0284	67,5941	11,0284	78,0343	11,0284	73,3154	11,0284	67,4572	
11,1926	76,2288	11,1926	73,2925	11,1926	67,5942	11,1926	78,3451	11,1926	73,3144	11,1926	67,4564	
11,3569	76,234	11,3569	73,2906	11,3569	67,5935	11,3569	77,1965	11,3569	73,314	11,3569	67,4561	
11,522	75,7397	11,522	73,2921	11,522	67,5934	11,522	78,432	11,522	73,3181	11,522	67,4569	
11,6862	76,2079	11,6862	73,293	11,6862	67,5944	11,6862	74,5981	11,6862	73,3155	11,6862	67,4563	
11,8497	76,2387	11,8497	73,2939	11,8497	67,5939	11,8497	77,6809	11,8497	73,3157	11,8497	67,4567	
12,0137	76,2347	12,0137	73,2944	12,0137	67,5947	12,0137	73,2971	12,0137	73,3147	12,0137	67,4559	
12,1777	76,2342	12,1777	73,2937	12,1777	67,595	12,1777	77,2873	12,1777	73,3149	12,1777	67,4568	
12,3414	75,7407	12,3414	73,2939	12,3414	67,5946	12,3414	77,4958	12,3414	73,3156	12,3414	67,4563	
12,5051	76,2347	12,5051	73,292	12,5051	67,595	12,5051	78,0209	12,5051	73,3148	12,5051	67,4569	
12,6686	76,2331	12,6686	73,2942	12,6686	67,5949	12,6686	78,1959	12,6686	73,3157	12,6686	67,4575	
12,8323	76,2355	12,8323	73,2932	12,8323	67,595	12,8323	77,3662	12,8323	73,3153	12,8323	67,4562	
12,9963	76,2379	12,9963	73,294	12,9963	67,5949	12,9963	78,2767	12,9963	73,3158	12,9963	67,4567	
13,1601	76,2324	13,1601	73,2938	13,1601	67,5945	13,1601	78,1373	13,1601	73,316	13,1601	67,4566	
13,3241	76,2354	13,3241	73,2937	13,3241	67,5949	13,3241	78,2418	13,3241	73,3163	13,3241	67,4568	
13,4881	76,2119	13,4881	73,2941	13,4881	67,5952	13,4881	78,1777	13,4881	73,3155	13,4881	67,4566	
13,6523	76,2362	13,6523	73,2941	13,6523	67,5956	13,6523	78,1004	13,6523	73,3155	13,6523	67,4569	
13,8168	75,7405	13,8168	73,2932	13,8168	67,5948	13,8168	77,5224	13,8168	73,3157	13,8168	67,4565	
13,981	76,2348	13,981	73,2942	13,981	67,5949	13,981	77,5616	13,981	73,3159	13,981	67,4571	
14,1447	76,235	14,1447	73,2939	14,1447	67,5947	14,1447	83,3914	14,1447	73,3169	14,1447	67,4572	
14,3087	76,2319	14,3087	73,2926	14,3087	67,5953	14,3087	78,1398	14,3087	73,3156	14,3087	67,4577	
14,4727	76,2361	14,4727	73,293	14,4727	67,5958	14,4727	78,3966	14,4727	73,3162	14,4727	67,4571	
14,6365	76,2376	14,6365	73,2917	14,6365	67,5954	14,6365	78,0791	14,6365	73,3143	14,6365	67,4571	
14,8007	76,2318	14,8007	73,2932	14,8007	67,5946	14,8007	77,5148	14,8007	73,3157	14,8007	67,4571	
14,9647	76,2358	14,9647	73,292	14,9647	67,5956	14,9647	78,0633	14,9647	73,3167	14,9647	67,4566	
15,1282	76,2305	15,1282	73,2935	15,1282	67,5949	15,1282	78,0633	15,1282	73,3156	15,1282	67,4569	
15,2919	76,2301	15,2919	73,2942	15,2919	67,5954	15,2919	77,64	15,2919	73,3162	15,2919	67,4568	
15,4564	75,744	15,4564	73,293	15,4564	67,5947	15,4564	79,9346	15,4564	73,315	15,4564	67,4566	
15,6199	76,2315	15,6199	73,2919	15,6199	67,5953	15,6199	78,0661	15,6199	73,3157	15,6199	67,4567	
15,7833	76,2336	15,7833	73,2941	15,7833	67,5948	15,7833	76,4124	15,7833	73,3153	15,7833	67,4569	
15,9476	76,2303	15,9476	73,2934	15,9476	67,5944	15,9476	77,3287	15,9476	73,3142	15,9476	67,4571	
16,111	76,2358	16,111	73,2912	16,111	67,5956	16,111	77,6422	16,111	73,3135	16,111	67,4567	
16,2744	76,2268	16,2744	73,2936	16,2744	67,5948	16,2744	78,5933	16,2744	73,3166	16,2744	67,457	
16,4384	76,2337	16,4384	73,2936	16,4384	67,5954	16,4384	78,1046	16,4384	73,3152	16,4384	67,4572	
16,6019	75,7368	16,6019	73,2939	16,6019	67,5947	16,6019	85,283	16,6019	73,3152	16,6019	67,457	
16,7659	76,2278	16,7659	73,2931	16,7659	67,5956	16,7659	78,0702	16,7659	73,3151	16,7659	67,4571	
16,9294	76,2273	16,9294	73,2938	16,9294	67,5949	16,9294	76,5904	16,9294	73,3161	16,9294	67,4568	
17,0931	76,2298	17,0931	73,3035	17,0931	67,5992	17,0931	78,3168	17,0931	73,3154	17,0931	67,4566	
17,2573	76,2193	17,2573	73,3642	17,2573	67,6304	17,2573	76,7315	17,2573	73,3167	17,2573	67,4572	
17,421	76,2083	17,421	73,4496	17,421	67,677	17,421	78,0779	17,421	73,3175	17,421	67,4581	
17,585	76,1902	17,585	73,5489	17,585	67,7297	17,585	77,6824	17,585	73,3188	17,585	67,4589	
17,749	76,1911	17,749	73,6008	17,749	67,7592	17,749	76,7725	17,749	73,321	17,749	67,4596	
17,913	75,6405	17,913	73,6146	17,913	67,7646	17,913	78,1587	17,913	73,3234	17,913	67,4608	
18,0773	76,1901	18,0773	73,6182	18,0773	67,7671	18,0773	78,3033	18,0773	73,3254	18,0773	67,4611	
18,2413	75,6339	18,2413	73,6205	18,2413	67,7697	18,2413	80,4073	18,2413	73,3263	18,2413	67,4622	
18,4053	76,1852	18,4053	73,6279	18,4053	67,7716	18,4053	78,2278	18,4053	73,3283	18,4053	67,4633	
18,5693	75,6384	18,5693	73,6283	18,5693	67,7733	18,5693	78,2056	18,5693	73,3289	18,5693	67,4636	
18,7332	76,1773	18,7332	73,6274	18,7332	67,7738	18,7332	78,4462	18,7332	73,3316	18,7332	67,4641	
18,897	76,1807	18,897	73,6349	18,897	67,7745	18,897	78,3385	18,897	73,3328	18,897	67,4654	
19,0607	75,6306	19,0607	73,6361	19,0607	67,7757	19,0607	78,4885	19,0607	73,3344	19,0607	67,466	
19,225	76,178	19,225	73,6346	19,225	67,7766	19,225	78,0853	19,225	73,3352	19,225	67,4667	
19,389	75,632	19,389	73,6348	19,389	67,7771	19,389	78,2506	19,389	73,3358	19,389	67,467	
19,5527	76,182	19,5527	73,6381	19,5527	67,7778	19,5527	78,0338	19,5527	73,3378	19,5527	67,4678	
19,7164	76,1825	19,7164	73,6362	19,7164	67,7781	19,7164	78,3251	19,7164	73,34	19,7164	67,4684	
19,8801	75,6275	19,8801	73,6416	19,8801	67,7791	19,8801	78,0517	19,8801	73,3396	19,8801	67,4692	
20,0441	75,632	20,0441	73,6435	20,0441	67,7802	20,0441	78,441	20,0441	73,3409	20,0441	67,4698	
20,2078	76,1768	20,2078	73,6422	20,2078	67,7805	20,2078	78,0702	20,2078	73,3428	20,2078	67,4701	
20,3723	76,1764	20,3723	73,6452	20,3723	67,7805	20,3723	80,6776	20,3723	73,3437	20,3723	67,471	
20,5357	76,1827	20,5357	73,6457	20,5357	67,7818	20,5357	77,3167	20,5357	73,344	20,5357	67,4711	
20,6994	76,1326	20,6994	73,6456	20,6994	67,7814	20,6994	78,3628	20,6994	73,3436	20,6994	67,4716	
20,8635	75,6249	20,8635	73,6443	20,8635	67,7824	20,8635	77,2549	20,8635	73,3462	20,8635	67,4715	
21,028	76,1761	21,028	73,6479	21,028	67,7825	21,028	78,0584	21,028	73,3463	21,028	67,473	
21,1919	75,6267	21,1919	73,6471	21,1919	67,7827	21,1919	78,0579	21,1919	73,3474	21,1919	67,4726	
21,3562	76,1322	21,3562	73,6494	21,3562	67,7833	21,3562	78,6206	21,3562	73,3474	21,3562	67,4728	
21,5196	75,6216	21,5196	73,6493	21,5196	67,7839	21,5196	78,1233	21,5196	73,3486	21,5196	67,4734	
21,6831	76,1815	21,6831	73,6498	21,6831	67,7841	21,6831	78,0724	21,6831	73,3492	21,6831	67,4735	
21,8477	75,6268	21,8477	73,6492	21,8477	67,7844	21,8477	78,0471	21,8477	73,3487	21,8477	67,4741	
22,0114	75,6248	22,0114	73,6522	22,0114	67,784	22,0114	78,3667	22,0114	73,3507	22,0114	67,4739	
22,1754	76,1179	22,1754	73,6511	22,1754	67,7844	22,1754	78,2465	22,1754	73,3512	22,1754	67,4745	
22,3394	76,1356	22,3394	73,6488	22,3394	67,7853	22,3394	78,0543	22,3394	73,3508	22,3394	67,4743	
22,5031	76,1778	22,5031	73,6489	22,5031	67,7847	22,5031	78,118	22,5031	73,352	22,5031	67,4744	
22,6666	76,1796	22,6666	73,6495	22,6666	67,7849	22,6666	78,2983	22,6666	73,3508	22,6666	67,475	
22,8306	76,1847	22,8306	73,6486	22,8306	67,7851	22,8306	77,4509	22,8306	73,351	22,8306	67,4749	
22,9945	76,1752	22,9945	73,6503	22,9945	67,7862	22,9945	78,1879	22,9945	73,3537	22,9945	67,4757	
23,1583	76,1803	23,1583	73,6535	23,1583	67,7853	23,1583	78,523	23,1583	73,3517	23,1583	67,4754	
23,3217	76,1794	23,3217	73,6531	23,3217	67,7857	23,3217	77,6487	23,3217	73,3549	23,3217	67,4762	
23,4852	75,6106	23,4852	73,6533	23,4852	67,7858	23,4852	78,0623	23,4852	73,3553	23,4852	67,4759	
23,6486	76,1784	23,6486	73,6508	23,6486	67,7861	23,6486	77,286	23,6486	73,3545	23,6486	67,4766	
23,8128	75,6221	23,8128	73,6508	23,8128	67,7857	23,8128	78,1919	23,8128	73,3559	23,8128	67,4764	
23,9765	76,1143	23,9765	73,6522	23,9765	67,7859	23,9765	79,7744	23,9765	73,356	23,9765	67,4761	
24,1403	76,1324	24,1403	73,6513	24,1403	67,7859	24,1403	77,1535	24,1403	73,3552	24,1403	67,4773	
24,3046	76,1755	24,3046	73,6556	24,3046	67,7863	24,3046	78,142	24,3046	73,3538	24,3046	67,4763	
24,4686	76,1731	24,4686	73,6525	24,4686	67,786	24,4686	77,1246	24,4686	73,3562	24,4686	67,4769	
24,6325	75,6248	24,6325	73,6482	24,6325	67,7856	24,6325	78,9617	24,6325	73,3567	24,6325	67,4774	
24,796	76,1758	24,796	73,6512	24,796	67,7857	24,796	88,7621	24,796	73,3569	24,796	67,4774	
24,9605	76,1777	24,9605	73,65	24,9605	67,7869	24,9605	82,6778	24,9605	73,3583	24,9605	67,4772	
25,125	76,1785	25,125	73,652	25,125	67,7858	25,125	79,1902	25,125	73,3565	25,125	67,4776	
25,289	76,177	25,289	73,6531	25,289	67,7853	25,289	77,5957	25,289	73,3569	25,289	67,4779	
25,4533	76,1869	25,4533	73,6503	25,4533	67,784	25,4533	76,7828	25,4533	73,3573	25,4533	67,4773	
25,6173	75,6252	25,6173	73,6485	25,6173	67,7824	25,6173	26,3505	25,6173	73,3578	25,6173	67,4777	
25,782	76,1315	25,782	73,6429	25,782	67,7809	25,782	82,5482	25,782	73,3574	25,782	67,4776	
25,9469	76,1744	25,9469	73,6429	25,9469	67,7793	25,9469	78,1841	25,9469	73,3573	25,9469	67,4776	
26,1112	76,1327	26,1112	73,6376	26,1112	67,7774	26,1112	78,0378	26,1112	73,3578	26,1112	67,4773	
26,2757	76,1323	26,2757	73,6334	26,2757	67,7758	26,2757	79,7032	26,2757	73,3573	26,2757	67,4779	
26,44	76,185	26,44	73,6327	26,44	67,7739	26,44	78,021	26,44	73,3577	26,44	67,4767	
26,6043	76,1813	26,6043	73,6296	26,6043	67,7722	26,6043	78,3127	26,6043	73,358	26,6043	67,4778	
26,7688	76,1343	26,7688	73,623	26,7688	67,7707	26,7688	78,3468	26,7688	73,3584	26,7688	67,4778	
26,9333	76,1172	26,9333	73,6214	26,9333	67,768	26,9333	78,2114	26,9333	73,3582	26,9333	67,4774	
27,0972	75,6287	27,0972	73,6162	27,0972	67,7669	27,0972	78,1252	27,0972	73,3585	27,0972	67,4772	
27,2614	76,1794	27,2614	73,6139	27,2614	67,7652	27,2614	77,2115	27,2614	73,3578	27,2614	67,4773	
27,4251	76,1765	27,4251	73,6136	27,4251	67,7641	27,4251	78,0584	27,4251	73,3575	27,4251	67,478	
27,5886	75,6291	27,5886	73,6126	27,5886	67,7627	27,5886	77,6713	27,5886	73,357	27,5886	67,4778	
27,7525	75,6261	27,7525	73,6101	27,7525	67,7617	27,7525	78,4308	27,7525	73,3566	27,7525	67,4775	
27,9172	76,1825	27,9172	73,6071	27,9172	67,7608	27,9172	78,65	27,9172	73,3575	27,9172	67,4772	
28,0818	76,1813	28,0818	73,6068	28,0818	67,7599	28,0818	80,4041	28,0818	73,357	28,0818	67,4782	
28,2455	76,186	28,2455	73,6038	28,2455	67,7589	28,2455	78,2223	28,2455	73,3567	28,2455	67,4777	
28,41	76,138	28,41	73,6042	28,41	67,7582	28,41	78,3257	28,41	73,3596	28,41	67,4772	
28,5745	76,1886	28,5745	73,6027	28,5745	67,7574	28,5745	78,1621	28,5745	73,3569	28,5745	67,4771	
28,7382	75,637	28,7382	73,6001	28,7382	67,7566	28,7382	78,1317	28,7382	73,359	28,7382	67,4779	
28,9032	75,6377	28,9032	73,598	28,9032	67,7552	28,9032	78,5071	28,9032	73,3574	28,9032	67,4777	
29,0683	75,6371	29,0683	73,5973	29,0683	67,7549	29,0683	78,1923	29,0683	73,3567	29,0683	67,4771	
29,232	75,6328	29,232	73,5962	29,232	67,7549	29,232	77,2863	29,232	73,3566	29,232	67,4773	
29,396	76,1854	29,396	73,595	29,396	67,7536	29,396	78,0312	29,396	73,3572	29,396	67,4771	
29,5603	76,1845	29,5603	73,5939	29,5603	67,7535	29,5603	78,1655	29,5603	73,3584	29,5603	67,4775	
29,7246	75,6382	29,7246	73,5921	29,7246	67,7524	29,7246	78,1125	29,7246	73,3568	29,7246	67,4772	
29,8888	76,1818	29,8888	73,5923	29,8888	67,7518	29,8888	77,5471	29,8888	73,3574	29,8888	67,4773	
30,0525	76,1802	30,0525	73,5885	30,0525	67,7517	30,0525	77,5746	30,0525	73,3573	30,0525	67,4777	
30,2167	75,6384	30,2167	73,5914	30,2167	67,7513	30,2167	77,2011	30,2167	73,3569	30,2167	67,4773	
30,3818	75,6304	30,3818	73,5887	30,3818	67,7509	30,3818	77,5891	30,3818	73,3574	30,3818	67,4773	
30,5467	76,1783	30,5467	73,5889	30,5467	67,7505	30,5467	78,7528	30,5467	73,3572	30,5467	67,4774	
30,7104	76,1788	30,7104	73,5881	30,7104	67,7501	30,7104	79,1396	30,7104	73,3572	30,7104	67,4775	
30,8744	76,1776	30,8744	73,5871	30,8744	67,7494	30,8744	77,5764	30,8744	73,3567	30,8744	67,4779	
31,0387	76,1868	31,0387	73,5864	31,0387	67,7488	31,0387	78,0317	31,0387	73,356	31,0387	67,4768	
31,2029	76,179	31,2029	73,5853	31,2029	67,749	31,2029	78,0191	31,2029	73,3565	31,2029	67,4777	
31,3669	76,1832	31,3669	73,5862	31,3669	67,7485	31,3669	78,1321	31,3669	73,3557	31,3669	67,4771	
31,5312	76,1839	31,5312	73,5855	31,5312	67,7483	31,5312	77,4254	31,5312	73,3554	31,5312	67,478	
31,6957	75,6322	31,6957	73,5849	31,6957	67,7477	31,6957	76,7698	31,6957	73,3587	31,6957	67,4771	
31,8597	76,1837	31,8597	73,5827	31,8597	67,7473	31,8597	78,4299	31,8597	73,3565	31,8597	67,4775	
32,0234	75,6311	32,0234	73,5825	32,0234	67,7472	32,0234	77,7013	32,0234	73,3589	32,0234	67,4776	
32,1885	76,1875	32,1885	73,581	32,1885	67,7465	32,1885	78,071	32,1885	73,3573	32,1885	67,4776	
32,3525	76,1766	32,3525	73,5788	32,3525	67,7467	32,3525	77,2658	32,3525	73,3579	32,3525	67,4773	
32,5164	76,1358	32,5164	73,5813	32,5164	67,7455	32,5164	78,0976	32,5164	73,3562	32,5164	67,477	
32,6807	76,1197	32,6807	73,5796	32,6807	67,7459	32,6807	78,2133	32,6807	73,358	32,6807	67,4777	
32,845	75,6402	32,845	73,579	32,845	67,7456	32,845	78,2175	32,845	73,3565	32,845	67,4774	
33,0093	76,1348	33,0093	73,5787	33,0093	67,7451	33,0093	77,3262	33,0093	73,357	33,0093	67,4772	
33,1732	76,181	33,1732	73,5767	33,1732	67,7452	33,1732	79,1159	33,1732	73,3574	33,1732	67,4783	
33,337	76,1819	33,337	73,5767	33,337	67,7447	33,337	77,4893	33,337	73,357	33,337	67,4774	
33,5013	75,6349	33,5013	73,5772	33,5013	67,7442	33,5013	78,0995	33,5013	73,3579	33,5013	67,477	
33,665	76,1793	33,665	73,5758	33,665	67,7437	33,665	78,3509	33,665	73,3566	33,665	67,4773	
33,8295	76,1792	33,8295	73,5757	33,8295	67,743	33,8295	78,1613	33,8295	73,3566	33,8295	67,4771	
33,9938	76,1802	33,9938	73,5732	33,9938	67,7437	33,9938	81,8195	33,9938	73,3565	33,9938	67,4777	
34,158	76,1802	34,158	73,5725	34,158	67,7431	34,158	78,3349	34,158	73,3569	34,158	67,4769	
34,3222	76,1758	34,3222	73,5708	34,3222	67,7427	34,3222	78,2439	34,3222	73,3563	34,3222	67,4774	
34,4867	76,1873	34,4867	73,5729	34,4867	67,7425	34,4867	77,465	34,4867	73,3579	34,4867	67,4781	
34,6507	76,1785	34,6507	73,5728	34,6507	67,7425	34,6507	78,0807	34,6507	73,3566	34,6507	67,477	
34,8147	76,1845	34,8147	73,5738	34,8147	67,7433	34,8147	76,4927	34,8147	73,3578	34,8147	67,4776	
34,9784	76,1238	34,9784	73,5716	34,9784	67,7418	34,9784	78,4305	34,9784	73,3566	34,9784	67,4771	
35,1433	76,1809	35,1433	73,5703	35,1433	67,7414	35,1433	79,8211	35,1433	73,3572	35,1433	67,4777	
35,3069	76,1794	35,3069	73,5712	35,3069	67,7422	35,3069	78,2754	35,3069	73,3579	35,3069	67,4775	
35,4715	76,1874	35,4715	73,5689	35,4715	67,7423	35,4715	78,0514	35,4715	73,3566	35,4715	67,4779	
35,6358	75,6395	35,6358	73,5695	35,6358	67,7409	35,6358	78,1588	35,6358	73,3568	35,6358	67,4774	
35,7995	75,6366	35,7995	73,5676	35,7995	67,7404	35,7995	78,3121	35,7995	73,3569	35,7995	67,4769	
35,9637	76,1838	35,9637	73,5686	35,9637	67,7403	35,9637	77,5513	35,9637	73,3562	35,9637	67,477	
36,1275	76,1821	36,1275	73,5689	36,1275	67,74	36,1275	78,2327	36,1275	73,357	36,1275	67,4768	
36,2915	76,1895	36,2915	73,5682	36,2915	67,7412	36,2915	78,5782	36,2915	73,357	36,2915	67,4773	
36,4557	75,6357	36,4557	73,5656	36,4557	67,7401	36,4557	77,4646	36,4557	73,3574	36,4557	67,4774	
36,6197	76,1828	36,6197	73,5682	36,6197	67,7404	36,6197	77,6392	36,6197	73,3549	36,6197	67,4769	
36,7843	76,1316	36,7843	73,5662	36,7843	67,7396	36,7843	75,1599	36,7843	73,3566	36,7843	67,4769	
36,948	76,1812	36,948	73,5668	36,948	67,7401	36,948	78,0743	36,948	73,3577	36,948	67,4771	
37,1122	76,1751	37,1122	73,566	37,1122	67,7387	37,1122	77,2703	37,1122	73,357	37,1122	67,4766	
37,2766	76,1822	37,2766	73,5677	37,2766	67,7379	37,2766	78,0686	37,2766	73,3561	37,2766	67,4769	
37,4406	76,1764	37,4406	73,5662	37,4406	67,7388	37,4406	75,9105	37,4406	73,3553	37,4406	67,4775	
37,6051	75,6405	37,6051	73,5657	37,6051	67,7382	37,6051	78,0629	37,6051	73,3585	37,6051	67,4771	
37,769	76,1846	37,769	73,5621	37,769	67,739	37,769	78,109	37,769	73,3556	37,769	67,4769	
37,933	76,1161	37,933	73,5665	37,933	67,7377	37,933	78,0811	37,933	73,3567	37,933	67,4771	
38,0975	76,1808	38,0975	73,5657	38,0975	67,7389	38,0975	78,1345	38,0975	73,3563	38,0975	67,4771	
38,2612	76,1817	38,2612	73,5637	38,2612	67,738	38,2612	75,6099	38,2612	73,3568	38,2612	67,4773	
38,4254	76,176	38,4254	73,5624	38,4254	67,7371	38,4254	77,6159	38,4254	73,3573	38,4254	67,4775	
38,5897	76,1786	38,5897	73,5647	38,5897	67,738	38,5897	78,1505	38,5897	73,356	38,5897	67,4775	
38,7537	75,6405	38,7537	73,5644	38,7537	67,7371	38,7537	78,1372	38,7537	73,3567	38,7537	67,4774	
38,9184	76,1771	38,9184	73,5648	38,9184	67,7377	38,9184	78,5604	38,9184	73,3564	38,9184	67,4773	
39,0824	76,1761	39,0824	73,5602	39,0824	67,7365	39,0824	78,1489	39,0824	73,3563	39,0824	67,4774	
39,2466	76,1867	39,2466	73,5623	39,2466	67,7367	39,2466	78,0942	39,2466	73,3582	39,2466	67,477	
39,4109	76,1792	39,4109	73,5624	39,4109	67,7366	39,4109	78,1231	39,4109	73,3541	39,4109	67,4772	
39,5748	76,1807	39,5748	73,5609	39,5748	67,7363	39,5748	78,0669	39,5748	73,3565	39,5748	67,4772	
39,7391	75,6371	39,7391	73,5614	39,7391	67,7367	39,7391	77,4983	39,7391	73,3563	39,7391	67,4772	
39,9036	76,1763	39,9036	73,5619	39,9036	67,7361	39,9036	77,3382	39,9036	73,3561	39,9036	67,4766	
40,0679	76,1336	40,0679	73,5605	40,0679	67,7372	40,0679	78,2649	40,0679	73,3555	40,0679	67,4776	
40,2319	75,6434	40,2319	73,5601	40,2319	67,7354	40,2319	78,0445	40,2319	73,3583	40,2319	67,4768	
40,3961	76,176	40,3961	73,5605	40,3961	67,7356	40,3961	76,3087	40,3961	73,3574	40,3961	67,4776	
40,5601	76,1798	40,5601	73,5594	40,5601	67,7351	40,5601	78,0673	40,5601	73,356	40,5601	67,4774	
40,7244	76,1758	40,7244	73,5598	40,7244	67,7361	40,7244	78,2284	40,7244	73,3545	40,7244	67,4773	
40,8889	75,6337	40,8889	73,5573	40,8889	67,7349	40,8889	78,6574	40,8889	73,3553	40,8889	67,4771	
41,0526	76,1346	41,0526	73,5577	41,0526	67,7354	41,0526	78,1133	41,0526	73,3563	41,0526	67,4775	
41,2169	76,1844	41,2169	73,5571	41,2169	67,7343	41,2169	78,1125	41,2169	73,3565	41,2169	67,4774	
41,3811	76,1342	41,3811	73,5583	41,3811	67,7345	41,3811	78,0085	41,3811	73,3552	41,3811	67,477	
41,5451	76,1847	41,5451	73,5559	41,5451	67,7354	41,5451	78,0789	41,5451	73,3561	41,5451	67,4771	
41,7086	76,1851	41,7086	73,5566	41,7086	67,7352	41,7086	79,5961	41,7086	73,3561	41,7086	67,4768	
41,8723	76,1867	41,8723	73,5568	41,8723	67,7334	41,8723	78,0654	41,8723	73,3577	41,8723	67,4776	
42,0368	76,1904	42,0368	73,5556	42,0368	67,7347	42,0368	78,1388	42,0368	73,3566	42,0368	67,4767	
42,201	76,1844	42,201	73,5548	42,201	67,7343	42,201	78,0492	42,201	73,3569	42,201	67,4773	
42,365	76,1823	42,365	73,5555	42,365	67,7344	42,365	78,0343	42,365	73,3558	42,365	67,4774	
42,5293	75,6408	42,5293	73,5561	42,5293	67,7343	42,5293	78,1581	42,5293	73,3559	42,5293	67,4774	
42,6932	76,1858	42,6932	73,5562	42,6932	67,7334	42,6932	73,7357	42,6932	73,356	42,6932	67,4773	
42,8577	76,1885	42,8577	73,5536	42,8577	67,7336	42,8577	72,403	42,8577	73,3565	42,8577	67,477	
43,0217	76,1873	43,0217	73,553	43,0217	67,7335	43,0217	79,2277	43,0217	73,3561	43,0217	67,4771	
43,1868	76,188	43,1868	73,555	43,1868	67,7334	43,1868	77,3373	43,1868	73,3567	43,1868	67,4778	
43,3508	76,1775	43,3508	73,5534	43,3508	67,7332	43,3508	77,6839	43,3508	73,3571	43,3508	67,4767	
43,5148	75,6437	43,5148	73,5526	43,5148	67,7333	43,5148	77,6108	43,5148	73,3565	43,5148	67,4771	
43,679	76,1854	43,679	73,5554	43,679	67,7338	43,679	78,0695	43,679	73,3559	43,679	67,4774	
43,8439	75,6478	43,8439	73,5552	43,8439	67,7336	43,8439	78,1489	43,8439	73,3558	43,8439	67,4774	
44,0079	76,1776	44,0079	73,5548	44,0079	67,7315	44,0079	78,2422	44,0079	73,3556	44,0079	67,4773	
44,1718	76,1841	44,1718	73,5518	44,1718	67,7329	44,1718	78,0196	44,1718	73,3554	44,1718	67,4769	
44,3361	76,1801	44,3361	73,5526	44,3361	67,7328	44,3361	76,737	44,3361	73,3574	44,3361	67,4774	
44,5004	76,1806	44,5004	73,5507	44,5004	67,7323	44,5004	77,3514	44,5004	73,3567	44,5004	67,4772	
44,6641	76,1276	44,6641	73,5498	44,6641	67,7322	44,6641	76,5753	44,6641	73,3564	44,6641	67,4773	
44,8289	76,1787	44,8289	73,5535	44,8289	67,7328	44,8289	78,3941	44,8289	73,3568	44,8289	67,4774	
44,9932	76,1209	44,9932	73,5507	44,9932	67,732	44,9932	78,1372	44,9932	73,3567	44,9932	67,4772	
45,1566	76,1838	45,1566	73,5514	45,1566	67,732	45,1566	77,5863	45,1566	73,3561	45,1566	67,4772	
45,3214	76,1885	45,3214	73,5523	45,3214	67,731	45,3214	78,0972	45,3214	73,354	45,3214	67,4769	
45,4856	76,1843	45,4856	73,5491	45,4856	67,732	45,4856	78,1061	45,4856	73,3563	45,4856	67,4772	
45,6496	76,1359	45,6496	73,5485	45,6496	67,7318	45,6496	78,0959	45,6496	73,3566	45,6496	67,4768	
45,8144	75,6401	45,8144	73,5504	45,8144	67,7314	45,8144	77,5473	45,8144	73,3555	45,8144	67,4772	
45,9786	76,1769	45,9786	73,5494	45,9786	67,7309	45,9786	78,2006	45,9786	73,3555	45,9786	67,4776	
46,1423	76,1327	46,1423	73,5481	46,1423	67,7306	46,1423	78,2928	46,1423	73,3548	46,1423	67,4768	
46,3063	75,6412	46,3063	73,5482	46,3063	67,7303	46,3063	77,2291	46,3063	73,3558	46,3063	67,4769	
46,4716	76,1853	46,4716	73,5477	46,4716	67,7309	46,4716	78,2436	46,4716	73,356	46,4716	67,477	
46,6353	75,641	46,6353	73,5472	46,6353	67,7312	46,6353	78,087	46,6353	73,3561	46,6353	67,4772	
46,7998	75,6369	46,7998	73,5495	46,7998	67,7297	46,7998	78,2135	46,7998	73,3552	46,7998	67,4764	
46,9643	76,177	46,9643	73,5467	46,9643	67,7305	46,9643	77,3728	46,9643	73,3571	46,9643	67,4771	
47,1286	76,1253	47,1286	73,548	47,1286	67,7302	47,1286	78,6977	47,1286	73,3561	47,1286	67,4769	
47,2932	76,1828	47,2932	73,5462	47,2932	67,7301	47,2932	78,0618	47,2932	73,3566	47,2932	67,4768	
47,4571	76,1183	47,4571	73,5479	47,4571	67,7295	47,4571	78,7467	47,4571	73,3555	47,4571	67,4766	
47,6213	75,6437	47,6213	73,5463	47,6213	67,7296	47,6213	77,5447	47,6213	73,3558	47,6213	67,4774	
47,7853	76,1813	47,7853	73,5456	47,7853	67,7291	47,7853	78,0721	47,7853	73,3559	47,7853	67,4774	
47,9495	76,1819	47,9495	73,5452	47,9495	67,7296	47,9495	78,7322	47,9495	73,3553	47,9495	67,4771	
48,1141	76,1328	48,1141	73,5456	48,1141	67,7292	48,1141	78,2497	48,1141	73,3552	48,1141	67,4769	
48,278	76,1336	48,278	73,5473	48,278	67,7296	48,278	78,1052	48,278	73,3559	48,278	67,4767	
48,4425	76,1856	48,4425	73,5465	48,4425	67,7297	48,4425	77,2318	48,4425	73,3535	48,4425	67,4776	
48,6065	76,1807	48,6065	73,5453	48,6065	67,7278	48,6065	77,6842	48,6065	73,3562	48,6065	67,4771	
48,7702	75,6438	48,7702	73,5458	48,7702	67,7282	48,7702	78,6536	48,7702	73,3573	48,7702	67,4774	
48,9345	76,1741	48,9345	73,5444	48,9345	67,7292	48,9345	78,2795	48,9345	73,3541	48,9345	67,4763	
49,0993	76,1838	49,0993	73,5432	49,0993	67,7288	49,0993	78,0462	49,0993	73,3557	49,0993	67,4768	
49,2638	76,1159	49,2638	73,5427	49,2638	67,7283	49,2638	78,2256	49,2638	73,3549	49,2638	67,4768	
49,4282	76,1384	49,4282	73,543	49,4282	67,7291	49,4282	78,0708	49,4282	73,3542	49,4282	67,4769	
49,5925	76,1231	49,5925	73,5447	49,5925	67,7282	49,5925	78,0407	49,5925	73,354	49,5925	67,4766	
49,7565	76,1348	49,7565	73,5432	49,7565	67,728	49,7565	78,0847	49,7565	73,3549	49,7565	67,4769	
49,9205	76,1825	49,9205	73,5429	49,9205	67,7283	49,9205	78,2723	49,9205	73,3556	49,9205	67,4765	
50,085	76,1774	50,085	73,5424	50,085	67,7285	50,085	76,8692	50,085	73,3557	50,085	67,4771	
50,2494	76,1324	50,2494	73,5418	50,2494	67,7277	50,2494	78,5844	50,2494	73,3556	50,2494	67,4764	
50,4128	76,1789	50,4128	73,5424	50,4128	67,7283	50,4128	77,2101	50,4128	73,3564	50,4128	67,4768	
50,5765	75,6455	50,5765	73,5425	50,5765	67,7272	50,5765	77,4737	50,5765	73,3555	50,5765	67,4769	
50,7405	75,6431	50,7405	73,5439	50,7405	67,7277	50,7405	77,0127	50,7405	73,355	50,7405	67,4769	
50,9042	76,178	50,9042	73,5422	50,9042	67,7279	50,9042	78,4388	50,9042	73,3558	50,9042	67,4771	
51,0676	76,1873	51,0676	73,5426	51,0676	67,727	51,0676	78,0995	51,0676	73,3559	51,0676	67,4774	
51,2316	76,1813	51,2316	73,5428	51,2316	67,7274	51,2316	78,1081	51,2316	73,3557	51,2316	67,4768	
51,3956	75,6372	51,3956	73,5403	51,3956	67,7273	51,3956	78,1833	51,3956	73,3561	51,3956	67,4765	
51,5593	76,1863	51,5593	73,5431	51,5593	67,7276	51,5593	77,4894	51,5593	73,3567	51,5593	67,4769	
51,7238	76,192	51,7238	73,5412	51,7238	67,7265	51,7238	77,5036	51,7238	73,3559	51,7238	67,4767	
51,8878	76,1841	51,8878	73,5398	51,8878	67,7268	51,8878	78,1393	51,8878	73,354	51,8878	67,4771	
52,0515	75,6443	52,0515	73,5419	52,0515	67,7261	52,0515	74,8856	52,0515	73,355	52,0515	67,4771	
52,2155	76,1793	52,2155	73,5416	52,2155	67,7267	52,2155	56,9326	52,2155	73,3543	52,2155	67,4769	
52,3794	76,1227	52,3794	73,5396	52,3794	67,7265	52,3794	78,6125	52,3794	73,3556	52,3794	67,4764	
52,5436	76,1791	52,5436	73,5405	52,5436	67,7267	52,5436	77,3275	52,5436	73,3548	52,5436	67,4768	
52,7074	76,1895	52,7074	73,5397	52,7074	67,7258	52,7074	85,786	52,7074	73,3551	52,7074	67,4767	
52,8722	76,1806	52,8722	73,5388	52,8722	67,7263	52,8722	77,2391	52,8722	73,3553	52,8722	67,4767	
53,0367	76,1763	53,0367	73,5396	53,0367	67,7258	53,0367	78,0418	53,0367	73,3554	53,0367	67,4766	
53,2007	76,179	53,2007	73,5406	53,2007	67,7258	53,2007	78,4642	53,2007	73,3557	53,2007	67,4762	
53,3647	75,6423	53,3647	73,5374	53,3647	67,7254	53,3647	78,1071	53,3647	73,356	53,3647	67,4764	
53,5284	76,1838	53,5284	73,5396	53,5284	67,7257	53,5284	78,0547	53,5284	73,3554	53,5284	67,4765	
53,6932	76,1805	53,6932	73,5369	53,6932	67,7258	53,6932	72,0749	53,6932	73,3557	53,6932	67,4767	
53,8575	76,1831	53,8575	73,5364	53,8575	67,7254	53,8575	78,0226	53,8575	73,3541	53,8575	67,4766	
54,022	76,1766	54,022	73,5387	54,022	67,7249	54,022	78,0501	54,022	73,3543	54,022	67,477	
54,1866	76,1849	54,1866	73,5377	54,1866	67,7247	54,1866	78,2432	54,1866	73,3561	54,1866	67,4771	
54,3506	76,181	54,3506	73,5379	54,3506	67,7251	54,3506	78,196	54,3506	73,3554	54,3506	67,4767	
54,5151	76,1241	54,5151	73,5371	54,5151	67,725	54,5151	78,2857	54,5151	73,3567	54,5151	67,4769	
54,6791	76,1802	54,6791	73,5357	54,6791	67,7241	54,6791	78,1022	54,6791	73,355	54,6791	67,4764	
54,8428	76,1845	54,8428	73,5381	54,8428	67,7247	54,8428	78,071	54,8428	73,3552	54,8428	67,4769	
55,0068	76,19	55,0068	73,5348	55,0068	67,7253	55,0068	78,079	55,0068	73,3562	55,0068	67,4771	
55,1705	76,1302	55,1705	73,5371	55,1705	67,7249	55,1705	78,0519	55,1705	73,3548	55,1705	67,4768	
55,3339	76,1831	55,3339	73,5369	55,3339	67,725	55,3339	78,2365	55,3339	73,3549	55,3339	67,4772	
55,4979	76,1879	55,4979	73,5365	55,4979	67,7248	55,4979	78,3004	55,4979	73,3547	55,4979	67,4766	
55,6621	76,1762	55,6621	73,5371	55,6621	67,7242	55,6621	78,0888	55,6621	73,3551	55,6621	67,4773	
55,8269	76,1766	55,8269	73,537	55,8269	67,7247	55,8269	78,282	55,8269	73,3545	55,8269	67,4764	
55,991	75,641	55,991	73,5374	55,991	67,7237	55,991	77,2378	55,991	73,3558	55,991	67,4773	
56,1552	76,1778	56,1552	73,5384	56,1552	67,7246	56,1552	78,9251	56,1552	73,3558	56,1552	67,4763	
56,3192	76,1866	56,3192	73,5366	56,3192	67,7242	56,3192	78,0935	56,3192	73,3559	56,3192	67,4773	
56,4832	76,1852	56,4832	73,5353	56,4832	67,7242	56,4832	77,6849	56,4832	73,3564	56,4832	67,4765	
56,6477	76,1848	56,6477	73,5368	56,6477	67,7245	56,6477	79,2483	56,6477	73,3544	56,6477	67,477	
56,8117	76,1808	56,8117	73,5362	56,8117	67,7232	56,8117	77,4989	56,8117	73,3556	56,8117	67,4759	
56,9754	75,6392	56,9754	73,5341	56,9754	67,7233	56,9754	77,5382	56,9754	73,355	56,9754	67,4761	
57,1394	76,1729	57,1394	73,5348	57,1394	67,7236	57,1394	78,1127	57,1394	73,3538	57,1394	67,4769	
57,3028	76,1357	57,3028	73,5351	57,3028	67,7236	57,3028	78,163	57,3028	73,3554	57,3028	67,4769	
57,4674	76,1801	57,4674	73,5345	57,4674	67,7237	57,4674	77,1663	57,4674	73,3551	57,4674	67,4766	
57,6314	76,1778	57,6314	73,5318	57,6314	67,7228	57,6314	78,1401	57,6314	73,3561	57,6314	67,4768	
57,7951	76,1822	57,7951	73,5341	57,7951	67,7227	57,7951	77,6817	57,7951	73,3527	57,7951	67,4767	
57,959	76,1786	57,959	73,5335	57,959	67,7221	57,959	78,068	57,959	73,3549	57,959	67,4765	
58,1225	76,1856	58,1225	73,5336	58,1225	67,7233	58,1225	78,0544	58,1225	73,3556	58,1225	67,4769	
58,2862	76,1767	58,2862	73,5346	58,2862	67,7232	58,2862	78,1952	58,2862	73,3539	58,2862	67,4772	
58,4502	76,1841	58,4502	73,5327	58,4502	67,7227	58,4502	78,5473	58,4502	73,3542	58,4502	67,4763	
58,6142	76,1764	58,6142	73,5339	58,6142	67,7229	58,6142	75,9559	58,6142	73,3552	58,6142	67,476	
58,7776	76,1802	58,7776	73,5323	58,7776	67,7218	58,7776	74,5951	58,7776	73,3563	58,7776	67,476	
58,9413	75,64	58,9413	73,5326	58,9413	67,7231	58,9413	77,0245	58,9413	73,3555	58,9413	67,4764	
59,1061	76,1882	59,1061	73,5327	59,1061	67,7227	59,1061	75,7476	59,1061	73,3558	59,1061	67,4765	
59,2699	76,1755	59,2699	73,5327	59,2699	67,7219	59,2699	74,9613	59,2699	73,3544	59,2699	67,4758	
59,4344	75,6401	59,4344	73,5318	59,4344	67,7217	59,4344	78,0885	59,4344	73,3562	59,4344	67,4766	
59,5989	76,1817	59,5989	73,5324	59,5989	67,7224	59,5989	85,9783	59,5989	73,3551	59,5989	67,4763	
59,763	76,1762	59,763	73,5315	59,763	67,722	59,763	78,1357	59,763	73,3542	59,763	67,4766	
59,9267	76,1298	59,9267	73,5318	59,9267	67,7217	59,9267	78,1065	59,9267	73,3544	59,9267	67,4766	
60,0906	76,1866	60,0906	73,531	60,0906	67,722	60,0906	78,0615	60,0906	73,3548	60,0906	67,4762	
60,2541	76,184	60,2541	73,5336	60,2541	67,7219	60,2541	79,0732	60,2541	73,3552	60,2541	67,4766	
60,418	76,1772	60,418	73,5309	60,418	67,722	60,418	78,035	60,418	73,3536	60,418	67,4767	
60,5823	76,1837	60,5823	73,5292	60,5823	67,7213	60,5823	78,0369	60,5823	73,3546	60,5823	67,4767	
60,7463	75,6366	60,7463	73,5291	60,7463	67,7214	60,7463	79,3603	60,7463	73,3542	60,7463	67,4762	
60,91	76,1773	60,91	73,5287	60,91	67,7215	60,91	78,1116	60,91	73,3547	60,91	67,4765	
61,0743	76,1804	61,0743	73,532	61,0743	67,7219	61,0743	77,5654	61,0743	73,3551	61,0743	67,4756	
61,2388	76,178	61,2388	73,5307	61,2388	67,7211	61,2388	78,1518	61,2388	73,3554	61,2388	67,477	
61,4023	76,1763	61,4023	73,5286	61,4023	67,7204	61,4023	78,0463	61,4023	73,3545	61,4023	67,4767	
61,5657	75,635	61,5657	73,5288	61,5657	67,7213	61,5657	78,1938	61,5657	73,3538	61,5657	67,477	
61,7304	76,178	61,7304	73,5286	61,7304	67,7209	61,7304	78,3562	61,7304	73,3564	61,7304	67,4759	
61,8946	76,1715	61,8946	73,5297	61,8946	67,7209	61,8946	78,2425	61,8946	73,3547	61,8946	67,4771	
62,0586	76,1755	62,0586	73,5287	62,0586	67,7204	62,0586	76,5681	62,0586	73,3543	62,0586	67,476	
62,2232	76,1774	62,2232	73,5299	62,2232	67,7206	62,2232	77,1886	62,2232	73,3536	62,2232	67,4761	
62,3875	76,1369	62,3875	73,5269	62,3875	67,7204	62,3875	70,2613	62,3875	73,3569	62,3875	67,4761	
62,5514	76,1797	62,5514	73,5288	62,5514	67,7203	62,5514	78,0183	62,5514	73,3555	62,5514	67,4764	
62,7154	75,6349	62,7154	73,5278	62,7154	67,7194	62,7154	77,6123	62,7154	73,3514	62,7154	67,4764	
62,8796	76,1764	62,8796	73,5273	62,8796	67,7203	62,8796	79,2252	62,8796	73,3549	62,8796	67,4762	
63,0436	76,12	63,0436	73,5302	63,0436	67,7199	63,0436	77,7276	63,0436	73,3545	63,0436	67,4758	
63,2076	76,1788	63,2076	73,528	63,2076	67,7201	63,2076	78,3311	63,2076	73,3555	63,2076	67,4762	
63,3724	76,1792	63,3724	73,529	63,3724	67,7197	63,3724	78,0689	63,3724	73,3546	63,3724	67,4762	
63,5361	75,6503	63,5361	73,5277	63,5361	67,7196	63,5361	78,0625	63,5361	73,3549	63,5361	67,4762	
63,6998	76,1839	63,6998	73,525	63,6998	67,7196	63,6998	78,047	63,6998	73,3544	63,6998	67,4766	
63,8638	76,1768	63,8638	73,5276	63,8638	67,7199	63,8638	77,4435	63,8638	73,3534	63,8638	67,4764	
64,0275	76,1793	64,0275	73,5265	64,0275	67,7203	64,0275	78,2771	64,0275	73,3544	64,0275	67,4764	
64,1917	76,1835	64,1917	73,527	64,1917	67,7188	64,1917	78,1161	64,1917	73,3545	64,1917	67,4752	
64,3557	76,1158	64,3557	73,5271	64,3557	67,7199	64,3557	78,1069	64,3557	73,3545	64,3557	67,4762	
64,5197	76,1837	64,5197	73,5253	64,5197	67,7192	64,5197	69,0126	64,5197	73,3552	64,5197	67,4763	
64,6839	76,1871	64,6839	73,5246	64,6839	67,7194	64,6839	78,048	64,6839	73,3523	64,6839	67,4768	
64,8477	75,6396	64,8477	73,526	64,8477	67,7195	64,8477	78,111	64,8477	73,3554	64,8477	67,4766	
65,0119	76,1823	65,0119	73,5274	65,0119	67,72	65,0119	78,0234	65,0119	73,354	65,0119	67,4767	
65,1761	75,6442	65,1761	73,5274	65,1761	67,7187	65,1761	78,6707	65,1761	73,3535	65,1761	67,4766	
65,3399	75,6356	65,3399	73,5259	65,3399	67,7188	65,3399	78,2275	65,3399	73,3524	65,3399	67,4761	
65,5041	76,1806	65,5041	73,5271	65,5041	67,7186	65,5041	78,0987	65,5041	73,3536	65,5041	67,476	
65,6684	76,1283	65,6684	73,5253	65,6684	67,7188	65,6684	78,3015	65,6684	73,3535	65,6684	67,4756	
65,8329	76,1289	65,8329	73,5257	65,8329	67,7193	65,8329	78,0385	65,8329	73,3543	65,8329	67,4759	
65,9971	75,6396	65,9971	73,5244	65,9971	67,7181	65,9971	78,1307	65,9971	73,3535	65,9971	67,476	
66,1621	76,1773	66,1621	73,5248	66,1621	67,7179	66,1621	78,6145	66,1621	73,3543	66,1621	67,4759	
66,3261	76,1834	66,3261	73,5253	66,3261	67,7185	66,3261	77,7546	66,3261	73,3545	66,3261	67,4754	
66,4896	76,1197	66,4896	73,524	66,4896	67,718	66,4896	76,7173	66,4896	73,3536	66,4896	67,4758	
66,6538	76,1783	66,6538	73,5248	66,6538	67,7184	66,6538	78,0493	66,6538	73,3541	66,6538	67,4764	
66,8181	76,1841	66,8181	73,5239	66,8181	67,718	66,8181	78,6518	66,8181	73,3537	66,8181	67,4759	
66,9824	75,6354	66,9824	73,5242	66,9824	67,7181	66,9824	78,2003	66,9824	73,3529	66,9824	67,476	
67,1466	75,6428	67,1466	73,5227	67,1466	67,7177	67,1466	78,0413	67,1466	73,3571	67,1466	67,4763	
67,3103	76,1801	67,3103	73,5244	67,3103	67,7176	67,3103	78,1803	67,3103	73,3537	67,3103	67,476	
67,4738	76,1775	67,4738	73,5246	67,4738	67,7174	67,4738	78,0671	67,4738	73,3548	67,4738	67,476	
67,6378	76,1777	67,6378	73,5225	67,6378	67,7181	67,6378	77,3987	67,6378	73,354	67,6378	67,4763	
67,8016	76,1306	67,8016	73,5241	67,8016	67,7179	67,8016	78,0785	67,8016	73,3544	67,8016	67,4771	
67,9655	76,1764	67,9655	73,5234	67,9655	67,7167	67,9655	78,0798	67,9655	73,3535	67,9655	67,4759	
68,1301	76,1856	68,1301	73,5248	68,1301	67,717	68,1301	78,1153	68,1301	73,3544	68,1301	67,4767	
68,2943	76,1803	68,2943	73,5229	68,2943	67,7181	68,2943	78,1077	68,2943	73,3553	68,2943	67,4762	
68,4581	76,177	68,4581	73,5216	68,4581	67,7172	68,4581	78,3983	68,4581	73,3541	68,4581	67,4762	
68,6218	76,1802	68,6218	73,5231	68,6218	67,7174	68,6218	78,1193	68,6218	73,3542	68,6218	67,4762	
68,7858	76,1318	68,7858	73,5231	68,7858	67,7179	68,7858	78,0556	68,7858	73,3544	68,7858	67,4763	
68,9495	76,1843	68,9495	73,5223	68,9495	67,7172	68,9495	78,0722	68,9495	73,3539	68,9495	67,4765	
69,1129	76,1777	69,1129	73,5222	69,1129	67,718	69,1129	78,0125	69,1129	73,3542	69,1129	67,4764	
69,2769	75,6374	69,2769	73,5204	69,2769	67,7177	69,2769	78,1136	69,2769	73,3543	69,2769	67,4765	
69,4409	76,1832	69,4409	73,5215	69,4409	67,7169	69,4409	78,0584	69,4409	73,3543	69,4409	67,4764	
69,606	75,6344	69,606	73,5238	69,606	67,7171	69,606	78,2532	69,606	73,3539	69,606	67,4761	
69,77	76,1783	69,77	73,5201	69,77	67,7176	69,77	77,4199	69,77	73,3547	69,77	67,4761	
69,9339	76,1826	69,9339	73,5191	69,9339	67,7176	69,9339	78,0753	69,9339	73,3536	69,9339	67,476	
70,0979	76,1739	70,0979	73,5203	70,0979	67,7166	70,0979	78,1067	70,0979	73,3534	70,0979	67,4764	
70,2616	76,1706	70,2616	73,5206	70,2616	67,7169	70,2616	78,2161	70,2616	73,3531	70,2616	67,4753	
70,4254	76,175	70,4254	73,5213	70,4254	67,7176	70,4254	78,0222	70,4254	73,3538	70,4254	67,4762	
70,5888	76,1772	70,5888	73,5225	70,5888	67,7164	70,5888	78,1363	70,5888	73,3527	70,5888	67,4757	
70,7523	76,183	70,7523	73,5206	70,7523	67,7162	70,7523	80,7048	70,7523	73,3538	70,7523	67,4758	
70,9159	75,6398	70,9159	73,521	70,9159	67,7172	70,9159	78,064	70,9159	73,3534	70,9159	67,4764	
71,0799	76,1847	71,0799	73,5191	71,0799	67,7156	71,0799	78,0491	71,0799	73,3536	71,0799	67,4756	
71,2439	76,1292	71,2439	73,5216	71,2439	67,7175	71,2439	78,1178	71,2439	73,3534	71,2439	67,4762	
71,4073	76,1833	71,4073	73,5192	71,4073	67,7163	71,4073	78,1531	71,4073	73,3541	71,4073	67,4759	
71,5716	76,1323	71,5716	73,5186	71,5716	67,7157	71,5716	78,0611	71,5716	73,3533	71,5716	67,476	
71,7356	76,1794	71,7356	73,5191	71,7356	67,7158	71,7356	78,1539	71,7356	73,3532	71,7356	67,4757	
71,8996	76,1806	71,8996	73,5206	71,8996	67,7164	71,8996	77,72	71,8996	73,3542	71,8996	67,4753	
72,0635	76,1181	72,0635	73,5196	72,0635	67,7165	72,0635	77,3265	72,0635	73,3537	72,0635	67,476	
72,2275	76,1789	72,2275	73,5185	72,2275	67,7157	72,2275	78,0278	72,2275	73,353	72,2275	67,4759	
72,391	76,1134	72,391	73,5356	72,391	67,7232	72,391	78,3297	72,391	73,3532	72,391	67,4756	
72,5549	76,1735	72,5549	73,5762	72,5549	67,7465	72,5549	78,022	72,5549	73,3542	72,5549	67,4757	
72,7188	76,127	72,7188	73,5382	72,7188	67,7331	72,7188	78,0888	72,7188	73,3541	72,7188	67,4759	
72,8828	76,1773	72,8828	73,5338	72,8828	67,7322	72,8828	78,3019	72,8828	73,3541	72,8828	67,4754	
73,0468	76,1729	73,0468	73,5281	73,0468	67,7301	73,0468	78,1643	73,0468	73,3543	73,0468	67,4755	
73,2111	75,6445	73,2111	73,5205	73,2111	67,7269	73,2111	77,0708	73,2111	73,3542	73,2111	67,4762	
73,3748	76,1777	73,3748	73,5109	73,3748	67,7244	73,3748	78,0479	73,3748	73,3541	73,3748	67,476	
73,5383	76,1351	73,5383	73,5053	73,5383	67,7204	73,5383	78,0224	73,5383	73,3534	73,5383	67,4757	
73,7023	76,1806	73,7023	73,4984	73,7023	67,7166	73,7023	78,7724	73,7023	73,3552	73,7023	67,4758	
73,8663	76,1835	73,8663	73,4896	73,8663	67,7142	73,8663	78,0555	73,8663	73,3535	73,8663	67,4761	
74,03	76,1879	74,03	73,4824	74,03	67,7101	74,03	76,6267	74,03	73,3554	74,03	67,4766	
74,1937	76,1902	74,1937	73,475	74,1937	67,7058	74,1937	77,1944	74,1937	73,3533	74,1937	67,4759	
74,358	76,1836	74,358	73,4699	74,358	67,7023	74,358	78,1063	74,358	73,3546	74,358	67,4762	
74,5219	75,6584	74,5219	73,4627	74,5219	67,6987	74,5219	79,3984	74,5219	73,355	74,5219	67,4759	
74,6862	76,1881	74,6862	73,4592	74,6862	67,697	74,6862	77,3532	74,6862	73,3553	74,6862	67,4762	
74,8504	76,1916	74,8504	73,452	74,8504	67,6928	74,8504	78,1009	74,8504	73,3542	74,8504	67,4767	
75,0147	76,1852	75,0147	73,4462	75,0147	67,6906	75,0147	77,3703	75,0147	73,3538	75,0147	67,4761	
75,1786	76,1904	75,1786	73,4404	75,1786	67,6878	75,1786	77,7311	75,1786	73,355	75,1786	67,4762	
75,3421	76,1933	75,3421	73,4366	75,3421	67,6852	75,3421	77,6904	75,3421	73,3531	75,3421	67,4765	
75,5064	76,1479	75,5064	73,4349	75,5064	67,6827	75,5064	78,2618	75,5064	73,3564	75,5064	67,477	
75,6704	76,1498	75,6704	73,4275	75,6704	67,6806	75,6704	77,1439	75,6704	73,3524	75,6704	67,4761	
75,8341	76,1914	75,8341	73,4246	75,8341	67,6782	75,8341	78,2391	75,8341	73,3552	75,8341	67,4767	
75,9984	75,6728	75,9984	73,4215	75,9984	67,6769	75,9984	77,4719	75,9984	73,3545	75,9984	67,476	
76,1624	76,1881	76,1624	73,418	76,1624	67,6753	76,1624	77,3302	76,1624	73,3557	76,1624	67,4767	
76,3261	76,1948	76,3261	73,4171	76,3261	67,6738	76,3261	78,0945	76,3261	73,3569	76,3261	67,4764	
76,4903	76,1911	76,4903	73,413	76,4903	67,6731	76,4903	78,0202	76,4903	73,3543	76,4903	67,4763	
76,654	76,1989	76,654	73,4098	76,654	67,6718	76,654	79,157	76,654	73,3548	76,654	67,4773	
76,8177	76,1547	76,8177	73,4075	76,8177	67,6704	76,8177	76,6929	76,8177	73,3566	76,8177	67,4762	
76,9815	76,1938	76,9815	73,4044	76,9815	67,6692	76,9815	78,6799	76,9815	73,3543	76,9815	67,4764	
77,1454	76,192	77,1454	73,4032	77,1454	67,6685	77,1454	66,3635	77,1454	73,3552	77,1454	67,4774	
77,3096	76,1971	77,3096	73,4028	77,3096	67,6669	77,3096	77,5786	77,3096	73,3551	77,3096	67,4769	
77,4733	76,1927	77,4733	73,4016	77,4733	67,6663	77,4733	78,1423	77,4733	73,3559	77,4733	67,4767	
77,6373	76,1963	77,6373	73,3978	77,6373	67,6648	77,6373	89,9083	77,6373	73,355	77,6373	67,4774	
77,8009	76,1962	77,8009	73,3962	77,8009	67,6641	77,8009	78,1132	77,8009	73,3571	77,8009	67,4771	
77,9647	76,2026	77,9647	73,3953	77,9647	67,6631	77,9647	78,0761	77,9647	73,3549	77,9647	67,4764	
78,1284	76,1925	78,1284	73,3932	78,1284	67,6623	78,1284	77,5969	78,1284	73,3557	78,1284	67,4774	
78,2929	76,2023	78,2929	73,3914	78,2929	67,6618	78,2929	78,7669	78,2929	73,3554	78,2929	67,4774	
78,4566	76,196	78,4566	73,3887	78,4566	67,6607	78,4566	77,6627	78,4566	73,3547	78,4566	67,477	
78,62	76,1458	78,62	73,3884	78,62	67,6602	78,62	79,1411	78,62	73,3554	78,62	67,477	
78,7838	76,1952	78,7838	73,3865	78,7838	67,6592	78,7838	76,6487	78,7838	73,3555	78,7838	67,4773	
78,9478	76,1964	78,9478	73,3857	78,9478	67,6583	78,9478	78,1214	78,9478	73,3555	78,9478	67,4773	
79,1113	76,1957	79,1113	73,3845	79,1113	67,6573	79,1113	78,0622	79,1113	73,3546	79,1113	67,477	
79,2747	76,1581	79,2747	73,3844	79,2747	67,6569	79,2747	76,5828	79,2747	73,3556	79,2747	67,4766	
79,4384	76,1981	79,4384	73,3827	79,4384	67,656	79,4384	78,2556	79,4384	73,3564	79,4384	67,4771	
79,6024	76,1979	79,6024	73,3822	79,6024	67,6547	79,6024	78,0824	79,6024	73,3564	79,6024	67,4771	
79,7661	75,6822	79,7661	73,3807	79,7661	67,6545	79,7661	78,8226	79,7661	73,3545	79,7661	67,4771	
79,9298	76,1957	79,9298	73,3809	79,9298	67,6536	79,9298	78,1416	79,9298	73,3572	79,9298	67,4771	
80,0932	76,1995	80,0932	73,3792	80,0932	67,6528	80,0932	77,4137	80,0932	73,3569	80,0932	67,4768	
80,257	76,1943	80,257	73,3749	80,257	67,652	80,257	87,3387	80,257	73,3543	80,257	67,4771	
80,421	75,6896	80,421	73,3748	80,421	67,6492	80,421	78,0734	80,421	73,356	80,421	67,4775	
80,5855	76,1616	80,5855	73,3696	80,5855	67,6454	80,5855	78,1655	80,5855	73,3562	80,5855	67,4773	
80,7495	76,1973	80,7495	73,3673	80,7495	67,6421	80,7495	78,0942	80,7495	73,3563	80,7495	67,4768	
80,9137	76,1646	80,9137	73,3639	80,9137	67,6388	80,9137	78,0719	80,9137	73,3552	80,9137	67,4775	
81,0782	76,2071	81,0782	73,3607	81,0782	67,6366	81,0782	77,2035	81,0782	73,3546	81,0782	67,4768	
81,2425	76,2067	81,2425	73,3574	81,2425	67,6346	81,2425	76,6508	81,2425	73,3554	81,2425	67,4768	
81,4067	76,2027	81,4067	73,3465	81,4067	67,6276	81,4067	78,1193	81,4067	73,3555	81,4067	67,4766	
81,5718	76,2033	81,5718	73,3184	81,5718	67,6113	81,5718	78,0771	81,5718	73,3521	81,5718	67,4773	
81,7366	76,212	81,7366	73,3019	81,7366	67,6006	81,7366	78,5332	81,7366	73,355	81,7366	67,477	
81,9011	76,2136	81,9011	73,2944	81,9011	67,5957	81,9011	78,656	81,9011	73,355	81,9011	67,4759	
82,0654	76,2073	82,0654	73,2909	82,0654	67,5933	82,0654	80,0366	82,0654	73,3528	82,0654	67,4765	
82,2296	76,2105	82,2296	73,2904	82,2296	67,5933	82,2296	78,0583	82,2296	73,3555	82,2296	67,4762	
82,3936	76,2059	82,3936	73,2904	82,3936	67,5923	82,3936	77,5731	82,3936	73,3552	82,3936	67,476	
82,5574	76,2097	82,5574	73,2881	82,5574	67,5928	82,5574	73,9241	82,5574	73,3548	82,5574	67,4759	
82,7213	76,2065	82,7213	73,2897	82,7213	67,5922	82,7213	78,0669	82,7213	73,3543	82,7213	67,4768	
82,8856	76,2118	82,8856	73,2888	82,8856	67,5928	82,8856	78,1265	82,8856	73,3549	82,8856	67,4766	
83,0501	76,1747	83,0501	73,2897	83,0501	67,5936	83,0501	78,2983	83,0501	73,3545	83,0501	67,4763	
83,2144	76,215	83,2144	73,2881	83,2144	67,5919	83,2144	78,0846	83,2144	73,354	83,2144	67,4767	
83,3783	76,1755	83,3783	73,2888	83,3783	67,5923	83,3783	120,921	83,3783	73,3547	83,3783	67,4766	
83,5423	76,209	83,5423	73,2888	83,5423	67,5918	83,5423	78,1206	83,5423	73,352	83,5423	67,4761	
83,7066	76,2191	83,7066	73,2886	83,7066	67,5925	83,7066	78,0768	83,7066	73,3535	83,7066	67,4768	
83,8706	75,7025	83,8706	73,2866	83,8706	67,5918	83,8706	77,4903	83,8706	73,3546	83,8706	67,4764	
84,0343	76,2138	84,0343	73,2857	84,0343	67,5921	84,0343	77,312	84,0343	73,3526	84,0343	67,4755	
84,1991	76,2065	84,1991	73,2883	84,1991	67,592	84,1991	78,1162	84,1991	73,3534	84,1991	67,4763	
84,3634	76,2161	84,3634	73,2868	84,3634	67,5919	84,3634	78,1709	84,3634	73,3541	84,3634	67,4761	
84,5271	76,2134	84,5271	73,2881	84,5271	67,5919	84,5271	78,2201	84,5271	73,3535	84,5271	67,4761	
84,6906	76,2169	84,6906	73,2862	84,6906	67,5916	84,6906	73,2814	84,6906	73,3543	84,6906	67,476	
84,8545	76,2086	84,8545	73,2871	84,8545	67,5915	84,8545	78,0783	84,8545	73,3557	84,8545	67,4761	
85,0188	76,2123	85,0188	73,2879	85,0188	67,5915	85,0188	78,1144	85,0188	73,3536	85,0188	67,476	
85,1828	76,2093	85,1828	73,2876	85,1828	67,5916	85,1828	77,6742	85,1828	73,355	85,1828	67,476	
85,3476	76,2107	85,3476	73,2867	85,3476	67,5911	85,3476	79,2205	85,3476	73,3537	85,3476	67,4762	
85,5113	76,2098	85,5113	73,2876	85,5113	67,5915	85,5113	81,8951	85,5113	73,3545	85,5113	67,4758	
85,675	75,7089	85,675	73,2874	85,675	67,5914	85,675	78,3701	85,675	73,3548	85,675	67,4763	
85,8398	76,2144	85,8398	73,2852	85,8398	67,5919	85,8398	78,3864	85,8398	73,3544	85,8398	67,4757	
86,0041	76,2059	86,0041	73,2867	86,0041	67,5911	86,0041	78,934	86,0041	73,3518	86,0041	67,4757	
86,1681	76,1773	86,1681	73,2873	86,1681	67,5912	86,1681	78,1317	86,1681	73,3535	86,1681	67,4762	
86,3323	76,2131	86,3323	73,2854	86,3323	67,5917	86,3323	75,8023	86,3323	73,3542	86,3323	67,4758	
86,496	76,2142	86,496	73,287	86,496	67,5918	86,496	77,3726	86,496	73,354	86,496	67,4765	
86,6597	76,2076	86,6597	73,2873	86,6597	67,5912	86,6597	78,0195	86,6597	73,3537	86,6597	67,4763	
86,8232	76,2089	86,8232	73,2869	86,8232	67,5915	86,8232	78,0703	86,8232	73,3531	86,8232	67,4763	
86,988	76,2101	86,988	73,2862	86,988	67,5914	86,988	78,2403	86,988	73,3537	86,988	67,4762	
87,1526	76,2083	87,1526	73,2869	87,1526	67,5911	87,1526	77,541	87,1526	73,3536	87,1526	67,4757	
87,3165	76,1777	87,3165	73,2855	87,3165	67,5908	87,3165	77,4093	87,3165	73,3537	87,3165	67,4758	
87,481	76,2097	87,481	73,2864	87,481	67,5911	87,481	78,9755	87,481	73,3523	87,481	67,4758	
87,645	76,209	87,645	73,2851	87,645	67,5909	87,645	78,1202	87,645	73,355	87,645	67,4764	
87,8093	76,2138	87,8093	73,2862	87,8093	67,5908	87,8093	78,1457	87,8093	73,3541	87,8093	67,4755	
87,9741	76,2061	87,9741	73,286	87,9741	67,5906	87,9741	79,9234	87,9741	73,3537	87,9741	67,4756	
88,138	76,1756	88,138	73,2861	88,138	67,5911	88,138	78,0679	88,138	73,3531	88,138	67,4762	
88,302	76,2189	88,302	73,2859	88,302	67,5908	88,302	78,1227	88,302	73,3536	88,302	67,4761	
88,4668	76,1643	88,4668	73,2865	88,4668	67,5905	88,4668	77,6766	88,4668	73,3548	88,4668	67,4755	
88,6318	76,1632	88,6318	73,2845	88,6318	67,5909	88,6318	78,3107	88,6318	73,3528	88,6318	67,4758	
88,7962	76,2084	88,7962	73,285	88,7962	67,5905	88,7962	78,4377	88,7962	73,354	88,7962	67,4757	
88,9601	76,192	88,9601	73,2866	88,9601	67,591	88,9601	78,459	88,9601	73,3524	88,9601	67,4759	
89,1244	76,2098	89,1244	73,286	89,1244	67,5905	89,1244	74,815	89,1244	73,3542	89,1244	67,4763	
89,2881	76,2132	89,2881	73,287	89,2881	67,591	89,2881	77,6504	89,2881	73,3551	89,2881	67,4758	
89,4521	76,2129	89,4521	73,2853	89,4521	67,5906	89,4521	78,2433	89,4521	73,3526	89,4521	67,4759	
89,6161	76,2116	89,6161	73,284	89,6161	67,5904	89,6161	77,6377	89,6161	73,3527	89,6161	67,476	
89,7801	76,2073	89,7801	73,2863	89,7801	67,5909	89,7801	82,4243	89,7801	73,3546	89,7801	67,4764	
89,9437	75,7036	89,9437	73,2853	89,9437	67,5903	89,9437	77,4411	89,9437	73,354	89,9437	67,4757	
90,1079	76,2157	90,1079	73,2864	90,1079	67,591	90,1079	77,4005	90,1079	73,3556	90,1079	67,4755	
90,2722	76,2092	90,2722	73,2859	90,2722	67,5906	90,2722	78,3675	90,2722	73,3542	90,2722	67,476	
90,4361	76,2099	90,4361	73,2853	90,4361	67,5908	90,4361	78,1515	90,4361	73,3542	90,4361	67,4759	
90,5999	76,2143	90,5999	73,2856	90,5999	67,5904	90,5999	77,5475	90,5999	73,3541	90,5999	67,4757	
90,7639	75,7105	90,7639	73,2863	90,7639	67,5907	90,7639	77,4508	90,7639	73,3531	90,7639	67,4763	
