Time (min) - L1 670nm	 - L1 670nm	Time (min) - L2 785nm	 - L2 785nm	Time (min) - L3 980nm	 - L3 980nm	Time (min) - L5 670nm	 - L5 670nm	Time (min) - L6 785nm	 - L6 785nm	Time (min) - L7 980nm	 - L7 980nm	
0,174733	72,2552	0,174733	67,9752	0,174733	65,0345	0,174733	72,4194	0,174733	67,9688	0,174733	64,9397	
0,3387	72,2559	0,3387	67,9754	0,3387	65,034	0,3387	72,4229	0,3387	67,9669	0,3387	64,9395	
0,502933	72,2563	0,502933	67,9754	0,502933	65,0341	0,502933	72,418	0,502933	67,9681	0,502933	64,9392	
0,666933	72,2557	0,666933	67,9766	0,666933	65,0344	0,666933	72,4184	0,666933	67,9676	0,666933	64,9397	
0,83065	72,2546	0,83065	67,9756	0,83065	65,0339	0,83065	72,4229	0,83065	67,9681	0,83065	64,9393	
0,994617	72,2534	0,994617	67,9756	0,994617	65,0334	0,994617	72,418	0,994617	67,9681	0,994617	64,9394	
1,15833	72,2542	1,15833	67,9757	1,15833	65,0343	1,15833	72,4179	1,15833	67,9679	1,15833	64,9394	
1,32258	72,2566	1,32258	67,9767	1,32258	65,0342	1,32258	72,417	1,32258	67,9676	1,32258	64,9396	
1,48628	72,2676	1,48628	67,9758	1,48628	65,0345	1,48628	72,4181	1,48628	67,9684	1,48628	64,9396	
1,65095	72,2565	1,65095	67,9756	1,65095	65,0338	1,65095	72,4172	1,65095	67,9675	1,65095	64,9396	
1,8152	72,2539	1,8152	67,9758	1,8152	65,0336	1,8152	72,4188	1,8152	67,9691	1,8152	64,9398	
1,97918	72,2662	1,97918	67,9765	1,97918	65,034	1,97918	72,418	1,97918	67,9685	1,97918	64,9397	
2,14262	72,2544	2,14262	67,976	2,14262	65,034	2,14262	72,4194	2,14262	67,9686	2,14262	64,9395	
2,30633	72,2563	2,30633	67,9757	2,30633	65,034	2,30633	72,4174	2,30633	67,9674	2,30633	64,9392	
2,4703	72,2568	2,4703	67,9762	2,4703	65,0335	2,4703	72,4177	2,4703	67,9673	2,4703	64,9394	
2,63455	72,2549	2,63455	67,976	2,63455	65,0341	2,63455	72,4167	2,63455	67,9686	2,63455	64,9401	
2,79857	72,2549	2,79857	67,9754	2,79857	65,034	2,79857	72,4172	2,79857	67,9685	2,79857	64,9402	
2,96307	72,2558	2,96307	67,9763	2,96307	65,0335	2,96307	72,4164	2,96307	67,9681	2,96307	64,9395	
3,12677	72,2558	3,12677	67,9761	3,12677	65,0341	3,12677	72,4192	3,12677	67,9682	3,12677	64,9406	
3,29155	72,2549	3,29155	67,9765	3,29155	65,0343	3,29155	72,4227	3,29155	67,9664	3,29155	64,9392	
3,45553	72,2567	3,45553	67,9754	3,45553	65,0342	3,45553	72,4213	3,45553	67,9673	3,45553	64,9398	
3,61923	72,2576	3,61923	67,9759	3,61923	65,034	3,61923	72,4224	3,61923	67,9678	3,61923	64,9394	
3,78347	72,2556	3,78347	67,9768	3,78347	65,0338	3,78347	72,4224	3,78347	67,969	3,78347	64,9396	
3,94768	72,2566	3,94768	67,9761	3,94768	65,0337	3,94768	72,4167	3,94768	67,9687	3,94768	64,9395	
4,11175	72,2572	4,11175	67,9759	4,11175	65,0341	4,11175	72,4236	4,11175	67,9686	4,11175	64,9396	
4,27543	72,2563	4,27543	67,9765	4,27543	65,0342	4,27543	72,4228	4,27543	67,9674	4,27543	64,9398	
4,43938	72,2538	4,43938	67,9761	4,43938	65,0339	4,43938	72,4232	4,43938	67,9682	4,43938	64,9394	
4,60337	72,2565	4,60337	67,9763	4,60337	65,0338	4,60337	72,4168	4,60337	67,9677	4,60337	64,9397	
4,76812	72,2559	4,76812	67,9768	4,76812	65,0341	4,76812	72,4225	4,76812	67,967	4,76812	64,9396	
4,93183	72,2555	4,93183	67,9772	4,93183	65,0338	4,93183	72,4171	4,93183	67,9678	4,93183	64,9397	
5,09585	72,2568	5,09585	67,9761	5,09585	65,0339	5,09585	72,4232	5,09585	67,9683	5,09585	64,9398	
5,25928	72,2686	5,25928	67,9763	5,25928	65,034	5,25928	72,4232	5,25928	67,9676	5,25928	64,9391	
5,42377	72,2546	5,42377	67,9769	5,42377	65,034	5,42377	72,4197	5,42377	67,9677	5,42377	64,9395	
5,58748	72,2628	5,58748	67,9762	5,58748	65,0336	5,58748	72,4217	5,58748	67,9668	5,58748	64,9396	
5,75147	72,2546	5,75147	67,977	5,75147	65,034	5,75147	72,4184	5,75147	67,967	5,75147	64,9392	
5,91625	72,2557	5,91625	67,9768	5,91625	65,0341	5,91625	72,4229	5,91625	67,968	5,91625	64,9398	
6,08082	72,2643	6,08082	67,9768	6,08082	65,0342	6,08082	72,4183	6,08082	67,9675	6,08082	64,9397	
6,24675	72,2566	6,24675	67,9759	6,24675	65,0339	6,24675	72,4181	6,24675	67,9678	6,24675	64,94	
6,41017	72,2576	6,41017	67,9774	6,41017	65,034	6,41017	72,4176	6,41017	67,9693	6,41017	64,9397	
6,57362	72,2576	6,57362	67,9776	6,57362	65,0341	6,57362	72,4229	6,57362	67,9695	6,57362	64,9396	
6,73705	72,2568	6,73705	67,9768	6,73705	65,0339	6,73705	72,4182	6,73705	67,9692	6,73705	64,9396	
6,90078	72,2576	6,90078	67,976	6,90078	65,0341	6,90078	72,4194	6,90078	67,9687	6,90078	64,9396	
7,06527	72,2568	7,06527	67,9767	7,06527	65,0338	7,06527	72,4231	7,06527	67,9691	7,06527	64,94	
7,2298	72,2548	7,2298	67,977	7,2298	65,0337	7,2298	72,4233	7,2298	67,9684	7,2298	64,9394	
7,39377	72,2547	7,39377	67,9767	7,39377	65,0349	7,39377	72,4187	7,39377	67,968	7,39377	64,9396	
7,55798	72,2673	7,55798	67,9776	7,55798	65,0338	7,55798	72,4185	7,55798	67,9695	7,55798	64,9393	
7,72222	72,267	7,72222	67,9764	7,72222	65,0343	7,72222	72,4179	7,72222	67,9682	7,72222	64,9396	
7,88678	72,2658	7,88678	67,9763	7,88678	65,0342	7,88678	72,4187	7,88678	67,9676	7,88678	64,9397	
8,05048	72,2571	8,05048	67,9771	8,05048	65,0342	8,05048	72,4234	8,05048	67,9675	8,05048	64,9398	
8,21418	72,2524	8,21418	67,9766	8,21418	65,0337	8,21418	72,4197	8,21418	67,9686	8,21418	64,9395	
8,37845	72,2553	8,37845	67,9772	8,37845	65,0345	8,37845	72,417	8,37845	67,9695	8,37845	64,9397	
8,54323	72,2702	8,54323	67,9761	8,54323	65,034	8,54323	72,4185	8,54323	67,969	8,54323	64,9396	
8,7072	72,2561	8,7072	67,9776	8,7072	65,0339	8,7072	72,4227	8,7072	67,9684	8,7072	64,9395	
8,87067	72,269	8,87067	67,9769	8,87067	65,034	8,87067	72,4198	8,87067	67,9679	8,87067	64,9394	
9,0341	72,2572	9,0341	67,9775	9,0341	65,034	9,0341	72,418	9,0341	67,9683	9,0341	64,9397	
9,1978	72,2661	9,1978	67,9759	9,1978	65,034	9,1978	72,4196	9,1978	67,9683	9,1978	64,9396	
9,36177	72,2579	9,36177	67,9758	9,36177	65,034	9,36177	72,4242	9,36177	67,9688	9,36177	64,9394	
9,52603	72,2661	9,52603	67,9766	9,52603	65,034	9,52603	72,4171	9,52603	67,9678	9,52603	64,9397	
9,69058	72,269	9,69058	67,9777	9,69058	65,0342	9,69058	72,4183	9,69058	67,969	9,69058	64,9398	
9,85483	72,2586	9,85483	67,9767	9,85483	65,0341	9,85483	72,425	9,85483	67,9685	9,85483	64,9394	
10,0188	72,2648	10,0188	67,9764	10,0188	65,0345	10,0188	72,42	10,0188	67,969	10,0188	64,9393	
10,1831	72,2579	10,1831	67,9767	10,1831	65,0353	10,1831	72,4162	10,1831	67,9681	10,1831	64,9396	
10,347	72,2572	10,347	67,9766	10,347	65,0339	10,347	72,4235	10,347	67,968	10,347	64,9396	
10,5124	72,257	10,5124	67,9766	10,5124	65,0337	10,5124	72,4172	10,5124	67,9681	10,5124	64,9393	
10,6767	72,2616	10,6767	67,9757	10,6767	65,034	10,6767	72,4189	10,6767	67,9693	10,6767	64,9394	
10,8404	72,2575	10,8404	67,9763	10,8404	65,0339	10,8404	72,4181	10,8404	67,9683	10,8404	64,9393	
11,0042	72,2575	11,0042	67,9769	11,0042	65,0341	11,0042	72,419	11,0042	67,9686	11,0042	64,9396	
11,1681	72,256	11,1681	67,9779	11,1681	65,0342	11,1681	72,4196	11,1681	67,969	11,1681	64,9397	
11,3321	72,2583	11,3321	67,9773	11,3321	65,034	11,3321	72,4173	11,3321	67,9684	11,3321	64,9398	
11,4955	72,2577	11,4955	67,9764	11,4955	65,0346	11,4955	72,4181	11,4955	67,969	11,4955	64,9396	
11,66	72,2619	11,66	67,9773	11,66	65,0342	11,66	72,42	11,66	67,9682	11,66	64,9398	
11,8243	72,2582	11,8243	67,9768	11,8243	65,0347	11,8243	72,4196	11,8243	67,9664	11,8243	64,9397	
11,9891	72,2583	11,9891	67,977	11,9891	65,0341	11,9891	72,4195	11,9891	67,9684	11,9891	64,9398	
12,1525	72,2654	12,1525	67,9781	12,1525	65,0344	12,1525	72,4234	12,1525	67,9683	12,1525	64,9399	
12,3165	72,2579	12,3165	67,9773	12,3165	65,0344	12,3165	72,4197	12,3165	67,9692	12,3165	64,9398	
12,4807	72,2561	12,4807	67,9772	12,4807	65,0339	12,4807	72,424	12,4807	67,9688	12,4807	64,9395	
12,6444	72,2563	12,6444	67,9764	12,6444	65,0339	12,6444	72,4234	12,6444	67,9677	12,6444	64,9398	
12,8078	72,2575	12,8078	67,9759	12,8078	65,0337	12,8078	72,4191	12,8078	67,9684	12,8078	64,9393	
12,9718	72,2686	12,9718	67,9774	12,9718	65,0339	12,9718	72,4184	12,9718	67,9684	12,9718	64,9396	
13,1361	72,2702	13,1361	67,9767	13,1361	65,0352	13,1361	72,4207	13,1361	67,9693	13,1361	64,9398	
13,2998	72,2662	13,2998	67,9772	13,2998	65,0345	13,2998	72,4191	13,2998	67,9688	13,2998	64,9393	
13,4641	72,2575	13,4641	67,9771	13,4641	65,0354	13,4641	72,4191	13,4641	67,9685	13,4641	64,9395	
13,6283	72,2556	13,6283	67,9764	13,6283	65,0343	13,6283	72,4207	13,6283	67,9685	13,6283	64,9401	
13,7923	72,2587	13,7923	67,9772	13,7923	65,0343	13,7923	72,4207	13,7923	67,9683	13,7923	64,9398	
13,9568	72,2593	13,9568	67,9768	13,9568	65,0352	13,9568	72,4226	13,9568	67,9668	13,9568	64,9396	
14,1205	72,266	14,1205	67,9775	14,1205	65,034	14,1205	72,4213	14,1205	67,9685	14,1205	64,939	
14,2843	72,2576	14,2843	67,9772	14,2843	65,0347	14,2843	72,4235	14,2843	67,9697	14,2843	64,9397	
14,4482	72,2565	14,4482	67,9777	14,4482	65,0341	14,4482	72,4249	14,4482	67,9694	14,4482	64,9394	
14,6119	72,2599	14,6119	67,9768	14,6119	65,0339	14,6119	72,4195	14,6119	67,9686	14,6119	64,9398	
14,7759	72,2589	14,7759	67,9768	14,7759	65,0338	14,7759	72,4245	14,7759	67,9685	14,7759	64,9395	
14,9394	72,2685	14,9394	67,978	14,9394	65,0346	14,9394	72,4193	14,9394	67,9694	14,9394	64,9397	
15,1033	72,2562	15,1033	67,9759	15,1033	65,0341	15,1033	72,4195	15,1033	67,9682	15,1033	64,9399	
15,2671	72,2587	15,2671	67,9771	15,2671	65,0338	15,2671	72,4243	15,2671	67,9675	15,2671	64,9397	
15,4316	72,2581	15,4316	67,9778	15,4316	65,0344	15,4316	72,4228	15,4316	67,9687	15,4316	64,94	
15,5956	72,2579	15,5956	67,9776	15,5956	65,0344	15,5956	72,4202	15,5956	67,9698	15,5956	64,9398	
15,7593	72,2587	15,7593	67,9774	15,7593	65,0341	15,7593	72,4212	15,7593	67,9678	15,7593	64,9395	
15,923	72,2583	15,923	67,977	15,923	65,0342	15,923	72,4257	15,923	67,9675	15,923	64,9399	
16,0873	72,266	16,0873	67,9773	16,0873	65,0345	16,0873	72,4175	16,0873	67,9689	16,0873	64,9396	
16,251	72,2576	16,251	67,9783	16,251	65,0343	16,251	72,419	16,251	67,9702	16,251	64,9399	
16,415	72,2595	16,415	67,9771	16,415	65,0342	16,415	72,4204	16,415	67,9695	16,415	64,9401	
16,5787	72,2586	16,5787	67,9774	16,5787	65,0341	16,5787	72,4197	16,5787	67,9695	16,5787	64,9398	
16,7432	72,2587	16,7432	67,9773	16,7432	65,0345	16,7432	72,4195	16,7432	67,9682	16,7432	64,9399	
16,907	72,2595	16,907	67,9779	16,907	65,0344	16,907	72,4243	16,907	67,9686	16,907	64,9395	
17,0709	72,2607	17,0709	67,9783	17,0709	65,0345	17,0709	72,4186	17,0709	67,9686	17,0709	64,9396	
17,2352	72,2609	17,2352	67,979	17,2352	65,0352	17,2352	72,4215	17,2352	67,9694	17,2352	64,9397	
17,3986	72,2611	17,3986	67,9806	17,3986	65,0365	17,3986	72,4209	17,3986	67,9693	17,3986	64,9401	
17,5624	72,263	17,5624	67,9809	17,5624	65,0381	17,5624	72,4201	17,5624	67,9694	17,5624	64,9398	
17,7258	72,2628	17,7258	67,9811	17,7258	65,0375	17,7258	72,4205	17,7258	67,9687	17,7258	64,9398	
17,8895	72,2638	17,8895	67,9822	17,8895	65,038	17,8895	72,4254	17,8895	67,9681	17,8895	64,9397	
18,0535	72,2646	18,0535	67,982	18,0535	65,0376	18,0535	72,421	18,0535	67,9701	18,0535	64,9398	
18,2169	72,2642	18,2169	67,9809	18,2169	65,0378	18,2169	72,4213	18,2169	67,9697	18,2169	64,9398	
18,3804	72,2648	18,3804	67,9818	18,3804	65,0373	18,3804	72,4201	18,3804	67,9698	18,3804	64,9399	
18,5446	72,2638	18,5446	67,9817	18,5446	65,0378	18,5446	72,4206	18,5446	67,9681	18,5446	64,9398	
18,7089	72,2645	18,7089	67,9819	18,7089	65,0381	18,7089	72,4194	18,7089	67,9688	18,7089	64,9398	
18,8723	72,2634	18,8723	67,9818	18,8723	65,0382	18,8723	72,4215	18,8723	67,9698	18,8723	64,9401	
19,036	72,2639	19,036	67,9823	19,036	65,0384	19,036	72,4261	19,036	67,9696	19,036	64,9403	
19,1994	72,2646	19,1994	67,9824	19,1994	65,0383	19,1994	72,4212	19,1994	67,9702	19,1994	64,9398	
19,3631	72,2724	19,3631	67,983	19,3631	65,0377	19,3631	72,4275	19,3631	67,9684	19,3631	64,9399	
19,5266	72,2652	19,5266	67,9821	19,5266	65,0377	19,5266	72,4262	19,5266	67,9697	19,5266	64,9401	
19,6901	72,2641	19,6901	67,9821	19,6901	65,0383	19,6901	72,4257	19,6901	67,9689	19,6901	64,9399	
19,8535	72,2628	19,8535	67,9816	19,8535	65,0386	19,8535	72,4205	19,8535	67,9696	19,8535	64,94	
20,017	72,2608	20,017	67,9805	20,017	65,0388	20,017	72,4252	20,017	67,969	20,017	64,9403	
20,1807	72,2635	20,1807	67,9823	20,1807	65,0384	20,1807	72,421	20,1807	67,9696	20,1807	64,9398	
20,3441	72,2648	20,3441	67,9816	20,3441	65,0377	20,3441	72,4274	20,3441	67,9691	20,3441	64,9399	
20,5076	72,2628	20,5076	67,9831	20,5076	65,0381	20,5076	72,4221	20,5076	67,9687	20,5076	64,9405	
20,6713	72,2649	20,6713	67,9803	20,6713	65,0388	20,6713	72,4202	20,6713	67,9693	20,6713	64,9399	
20,8353	72,2645	20,8353	67,9818	20,8353	65,0389	20,8353	72,42	20,8353	67,9697	20,8353	64,9399	
20,9995	72,2653	20,9995	67,982	20,9995	65,0382	20,9995	72,4213	20,9995	67,9698	20,9995	64,9396	
21,1633	72,2622	21,1633	67,9814	21,1633	65,0383	21,1633	72,4207	21,1633	67,97	21,1633	64,9402	
21,3272	72,265	21,3272	67,9819	21,3272	65,0382	21,3272	72,4208	21,3272	67,9703	21,3272	64,9398	
21,4915	72,2643	21,4915	67,9824	21,4915	65,0387	21,4915	72,4256	21,4915	67,969	21,4915	64,9401	
21,6552	72,2643	21,6552	67,9802	21,6552	65,0383	21,6552	72,4205	21,6552	67,9685	21,6552	64,9401	
21,8187	72,2637	21,8187	67,9816	21,8187	65,038	21,8187	72,4279	21,8187	67,9693	21,8187	64,9404	
21,9823	72,264	21,9823	67,9819	21,9823	65,0379	21,9823	72,4258	21,9823	67,9688	21,9823	64,9399	
22,1461	72,2656	22,1461	67,9824	22,1461	65,0382	22,1461	72,4235	22,1461	67,9704	22,1461	64,94	
22,3098	72,2634	22,3098	67,9829	22,3098	65,0375	22,3098	72,4218	22,3098	67,97	22,3098	64,94	
22,4735	72,265	22,4735	67,9819	22,4735	65,0382	22,4735	72,4205	22,4735	67,9705	22,4735	64,9401	
22,6378	72,2658	22,6378	67,9829	22,6378	65,0384	22,6378	72,421	22,6378	67,9698	22,6378	64,9402	
22,8015	72,2647	22,8015	67,9835	22,8015	65,0387	22,8015	72,4213	22,8015	67,9704	22,8015	64,9399	
22,9652	72,2642	22,9652	67,9832	22,9652	65,0378	22,9652	72,4218	22,9652	67,9694	22,9652	64,9404	
23,1289	72,2653	23,1289	67,9814	23,1289	65,0387	23,1289	72,4269	23,1289	67,9696	23,1289	64,9403	
23,2932	72,2645	23,2932	67,9833	23,2932	65,0386	23,2932	72,4211	23,2932	67,9705	23,2932	64,9401	
23,4575	72,2657	23,4575	67,9822	23,4575	65,0381	23,4575	72,4272	23,4575	67,9695	23,4575	64,9402	
23,6212	72,2661	23,6212	67,9827	23,6212	65,0379	23,6212	72,4274	23,6212	67,9696	23,6212	64,94	
23,7852	72,2626	23,7852	67,9823	23,7852	65,0383	23,7852	72,4194	23,7852	67,969	23,7852	64,9399	
23,9494	72,2635	23,9494	67,982	23,9494	65,039	23,9494	72,4271	23,9494	67,9677	23,9494	64,94	
24,1134	72,2714	24,1134	67,9829	24,1134	65,0385	24,1134	72,4255	24,1134	67,9691	24,1134	64,9402	
24,2768	72,2649	24,2768	67,9833	24,2768	65,0387	24,2768	72,421	24,2768	67,9699	24,2768	64,9399	
24,4408	72,2647	24,4408	67,9831	24,4408	65,0392	24,4408	72,4271	24,4408	67,9692	24,4408	64,94	
24,6054	72,2652	24,6054	67,982	24,6054	65,0387	24,6054	72,4225	24,6054	67,9686	24,6054	64,9403	
24,7695	72,2621	24,7695	67,9798	24,7695	65,0378	24,7695	72,4217	24,7695	67,969	24,7695	64,9401	
24,9337	72,2632	24,9337	67,9816	24,9337	65,0386	24,9337	72,4274	24,9337	67,9689	24,9337	64,9404	
25,0982	72,2634	25,0982	67,9814	25,0982	65,0384	25,0982	72,4219	25,0982	67,9682	25,0982	64,9402	
25,2627	72,2637	25,2627	67,9817	25,2627	65,0376	25,2627	72,4227	25,2627	67,9694	25,2627	64,9402	
25,4267	72,2629	25,4267	67,9808	25,4267	65,0371	25,4267	72,4273	25,4267	67,969	25,4267	64,9405	
25,5901	72,2746	25,5901	67,9794	25,5901	65,0357	25,5901	72,4211	25,5901	67,9701	25,5901	64,9401	
25,7544	72,2607	25,7544	67,9786	25,7544	65,0351	25,7544	72,4279	25,7544	67,9688	25,7544	64,9399	
25,9189	72,2607	25,9189	67,9782	25,9189	65,035	25,9189	72,422	25,9189	67,9698	25,9189	64,9404	
26,0829	72,2617	26,0829	67,9796	26,0829	65,0344	26,0829	72,4286	26,0829	67,9699	26,0829	64,9405	
26,2466	72,261	26,2466	67,9783	26,2466	65,0351	26,2466	72,4252	26,2466	67,969	26,2466	64,9404	
26,4111	72,2617	26,4111	67,9796	26,4111	65,0346	26,4111	72,4217	26,4111	67,9701	26,4111	64,9406	
26,5754	72,261	26,5754	67,9793	26,5754	65,035	26,5754	72,421	26,5754	67,9712	26,5754	64,9402	
26,7396	72,2603	26,7396	67,9786	26,7396	65,0347	26,7396	72,4228	26,7396	67,9692	26,7396	64,9404	
26,9044	72,2603	26,9044	67,9778	26,9044	65,0346	26,9044	72,4221	26,9044	67,9688	26,9044	64,94	
27,0681	72,26	27,0681	67,9786	27,0681	65,0346	27,0681	72,4213	27,0681	67,9691	27,0681	64,9402	
27,2326	72,2654	27,2326	67,979	27,2326	65,0346	27,2326	72,4267	27,2326	67,9693	27,2326	64,94	
27,3966	72,2606	27,3966	67,9786	27,3966	65,0349	27,3966	72,426	27,3966	67,9709	27,3966	64,9398	
27,5614	72,261	27,5614	67,9786	27,5614	65,035	27,5614	72,4269	27,5614	67,9693	27,5614	64,9407	
27,726	72,2711	27,726	67,9781	27,726	65,0346	27,726	72,4207	27,726	67,9706	27,726	64,9402	
27,8903	72,2622	27,8903	67,9788	27,8903	65,0352	27,8903	72,4237	27,8903	67,9699	27,8903	64,9405	
28,0546	72,2607	28,0546	67,9779	28,0546	65,0344	28,0546	72,4229	28,0546	67,9704	28,0546	64,9406	
28,2188	72,2582	28,2188	67,9787	28,2188	65,0351	28,2188	72,4209	28,2188	67,9702	28,2188	64,9405	
28,383	72,2591	28,383	67,9786	28,383	65,0349	28,383	72,4287	28,383	67,9696	28,383	64,9402	
28,5473	72,2606	28,5473	67,9791	28,5473	65,0349	28,5473	72,426	28,5473	67,9689	28,5473	64,9406	
28,711	72,2609	28,711	67,9797	28,711	65,0348	28,711	72,4279	28,711	67,9702	28,711	64,9407	
28,8755	72,2595	28,8755	67,979	28,8755	65,035	28,8755	72,4231	28,8755	67,97	28,8755	64,9405	
29,0395	72,2751	29,0395	67,9795	29,0395	65,035	29,0395	72,4217	29,0395	67,9689	29,0395	64,9404	
29,2032	72,2599	29,2032	67,9789	29,2032	65,0352	29,2032	72,4283	29,2032	67,9703	29,2032	64,9402	
29,3677	72,2611	29,3677	67,9789	29,3677	65,0348	29,3677	72,4228	29,3677	67,9697	29,3677	64,9406	
29,5319	72,2615	29,5319	67,9792	29,5319	65,0349	29,5319	72,4269	29,5319	67,9699	29,5319	64,941	
29,6964	72,2602	29,6964	67,9784	29,6964	65,0345	29,6964	72,4234	29,6964	67,9702	29,6964	64,9408	
29,861	72,2637	29,861	67,9783	29,861	65,0349	29,861	72,4277	29,861	67,971	29,861	64,9407	
30,0253	72,259	30,0253	67,979	30,0253	65,0352	30,0253	72,4235	30,0253	67,9699	30,0253	64,9404	
30,1898	72,261	30,1898	67,9794	30,1898	65,0346	30,1898	72,4268	30,1898	67,9687	30,1898	64,9402	
30,3535	72,2628	30,3535	67,9787	30,3535	65,0351	30,3535	72,4232	30,3535	67,97	30,3535	64,9407	
30,518	72,2609	30,518	67,979	30,518	65,0349	30,518	72,4218	30,518	67,9712	30,518	64,941	
30,6831	72,2621	30,6831	67,9801	30,6831	65,0354	30,6831	72,4232	30,6831	67,9712	30,6831	64,9407	
30,8473	72,2613	30,8473	67,9782	30,8473	65,0348	30,8473	72,4233	30,8473	67,9692	30,8473	64,9409	
31,0116	72,2627	31,0116	67,9778	31,0116	65,0354	31,0116	72,423	31,0116	67,9695	31,0116	64,941	
31,1761	72,2625	31,1761	67,9799	31,1761	65,0355	31,1761	72,4245	31,1761	67,971	31,1761	64,9407	
31,3401	72,2616	31,3401	67,979	31,3401	65,0352	31,3401	72,4272	31,3401	67,9711	31,3401	64,9408	
31,5043	72,2622	31,5043	67,9797	31,5043	65,0353	31,5043	72,4291	31,5043	67,9717	31,5043	64,9411	
31,6691	72,2619	31,6691	67,9799	31,6691	65,0358	31,6691	72,4228	31,6691	67,9707	31,6691	64,9409	
31,8337	72,2604	31,8337	67,9793	31,8337	65,0364	31,8337	72,4292	31,8337	67,97	31,8337	64,9411	
31,9976	72,2615	31,9976	67,9794	31,9976	65,0353	31,9976	72,4268	31,9976	67,9699	31,9976	64,9404	
32,1629	72,2727	32,1629	67,9798	32,1629	65,0358	32,1629	72,4287	32,1629	67,9699	32,1629	64,9407	
32,3269	72,262	32,3269	67,9799	32,3269	65,0353	32,3269	72,4234	32,3269	67,9709	32,3269	64,9415	
32,4911	72,2616	32,4911	67,9793	32,4911	65,0355	32,4911	72,4282	32,4911	67,9699	32,4911	64,941	
32,6559	72,2622	32,6559	67,979	32,6559	65,0354	32,6559	72,4277	32,6559	67,9712	32,6559	64,9409	
32,8199	72,2617	32,8199	67,9795	32,8199	65,035	32,8199	72,4276	32,8199	67,9694	32,8199	64,9408	
32,9839	72,2735	32,9839	67,9787	32,9839	65,0353	32,9839	72,4231	32,9839	67,9699	32,9839	64,941	
33,1482	72,2623	33,1482	67,9794	33,1482	65,0355	33,1482	72,4278	33,1482	67,9712	33,1482	64,9408	
33,3122	72,262	33,3122	67,9789	33,3122	65,0353	33,3122	72,4227	33,3122	67,969	33,3122	64,9408	
33,4762	72,2592	33,4762	67,9803	33,4762	65,0355	33,4762	72,4228	33,4762	67,9706	33,4762	64,9411	
33,6404	72,2619	33,6404	67,9801	33,6404	65,0355	33,6404	72,4275	33,6404	67,9707	33,6404	64,9413	
33,805	72,2756	33,805	67,9803	33,805	65,0355	33,805	72,4234	33,805	67,971	33,805	64,9415	
33,9692	72,2628	33,9692	67,9794	33,9692	65,0366	33,9692	72,4223	33,9692	67,9706	33,9692	64,9411	
34,1332	72,2628	34,1332	67,9775	34,1332	65,0366	34,1332	72,4277	34,1332	67,9698	34,1332	64,9414	
34,2978	72,2639	34,2978	67,9804	34,2978	65,0355	34,2978	72,4274	34,2978	67,9704	34,2978	64,941	
34,4615	72,2632	34,4615	67,9801	34,4615	65,0354	34,4615	72,425	34,4615	67,9702	34,4615	64,9411	
34,6252	72,2624	34,6252	67,9799	34,6252	65,0351	34,6252	72,4232	34,6252	67,9705	34,6252	64,9413	
34,7895	72,2634	34,7895	67,9792	34,7895	65,0357	34,7895	72,4268	34,7895	67,9712	34,7895	64,9407	
34,9543	72,2635	34,9543	67,9797	34,9543	65,0365	34,9543	72,4281	34,9543	67,9712	34,9543	64,9411	
35,1182	72,2616	35,1182	67,9802	35,1182	65,0358	35,1182	72,4296	35,1182	67,9701	35,1182	64,941	
35,283	72,262	35,283	67,9802	35,283	65,0356	35,283	72,4258	35,283	67,9705	35,283	64,9413	
35,4478	72,262	35,4478	67,9792	35,4478	65,0355	35,4478	72,4234	35,4478	67,971	35,4478	64,941	
35,6118	72,263	35,6118	67,9801	35,6118	65,0353	35,6118	72,425	35,6118	67,9705	35,6118	64,9411	
35,7763	72,2606	35,7763	67,98	35,7763	65,0356	35,7763	72,4232	35,7763	67,971	35,7763	64,9411	
35,9403	72,2736	35,9403	67,9798	35,9403	65,035	35,9403	72,4225	35,9403	67,9705	35,9403	64,9409	
36,104	72,2733	36,104	67,9806	36,104	65,0354	36,104	72,4294	36,104	67,9712	36,104	64,9408	
36,2682	72,2626	36,2682	67,9786	36,2682	65,0352	36,2682	72,4294	36,2682	67,971	36,2682	64,941	
36,4325	72,2615	36,4325	67,9797	36,4325	65,0354	36,4325	72,423	36,4325	67,9708	36,4325	64,9411	
36,5973	72,2636	36,5973	67,98	36,5973	65,0353	36,5973	72,4243	36,5973	67,9712	36,5973	64,9412	
36,7618	72,2609	36,7618	67,981	36,7618	65,0358	36,7618	72,4235	36,7618	67,9712	36,7618	64,9414	
36,9258	72,2754	36,9258	67,9799	36,9258	65,0362	36,9258	72,4241	36,9258	67,9707	36,9258	64,9408	
37,0895	72,2628	37,0895	67,978	37,0895	65,0354	37,0895	72,4228	37,0895	67,9717	37,0895	64,9412	
37,2538	72,2614	37,2538	67,9794	37,2538	65,0353	37,2538	72,4225	37,2538	67,9705	37,2538	64,9408	
37,4183	72,2624	37,4183	67,9797	37,4183	65,0357	37,4183	72,4295	37,4183	67,9708	37,4183	64,9412	
37,5823	72,2613	37,5823	67,9809	37,5823	65,0355	37,5823	72,4245	37,5823	67,9708	37,5823	64,941	
37,7461	72,263	37,7461	67,9782	37,7461	65,0356	37,7461	72,4239	37,7461	67,971	37,7461	64,9411	
37,9095	72,2628	37,9095	67,9808	37,9095	65,0351	37,9095	72,4231	37,9095	67,9697	37,9095	64,941	
38,074	72,2634	38,074	67,9798	38,074	65,0352	38,074	72,429	38,074	67,9714	38,074	64,941	
38,2385	72,2626	38,2385	67,9799	38,2385	65,0354	38,2385	72,4302	38,2385	67,9714	38,2385	64,9413	
38,4025	72,262	38,4025	67,9789	38,4025	65,0351	38,4025	72,4236	38,4025	67,9708	38,4025	64,9409	
38,5662	72,2736	38,5662	67,9797	38,5662	65,0355	38,5662	72,4279	38,5662	67,9703	38,5662	64,9406	
38,7305	72,2616	38,7305	67,9799	38,7305	65,0352	38,7305	72,4305	38,7305	67,9711	38,7305	64,9411	
38,8947	72,2635	38,8947	67,9802	38,8947	65,0357	38,8947	72,4305	38,8947	67,9707	38,8947	64,9406	
39,0584	72,2625	39,0584	67,9802	39,0584	65,0352	39,0584	72,4299	39,0584	67,9707	39,0584	64,941	
39,2224	72,2633	39,2224	67,9784	39,2224	65,035	39,2224	72,4247	39,2224	67,9707	39,2224	64,9405	
39,3869	72,2634	39,3869	67,9789	39,3869	65,0353	39,3869	72,4288	39,3869	67,9711	39,3869	64,9412	
39,5514	72,2618	39,5514	67,9799	39,5514	65,0353	39,5514	72,4271	39,5514	67,9714	39,5514	64,941	
39,7156	72,2626	39,7156	67,9804	39,7156	65,0351	39,7156	72,4284	39,7156	67,971	39,7156	64,941	
39,8796	72,2749	39,8796	67,9798	39,8796	65,0353	39,8796	72,4313	39,8796	67,9712	39,8796	64,9408	
40,0441	72,2627	40,0441	67,9786	40,0441	65,035	40,0441	72,4289	40,0441	67,9706	40,0441	64,9405	
40,2083	72,2638	40,2083	67,9792	40,2083	65,0353	40,2083	72,4236	40,2083	67,9708	40,2083	64,941	
40,3728	72,2639	40,3728	67,9792	40,3728	65,0352	40,3728	72,4225	40,3728	67,9721	40,3728	64,9411	
40,5368	72,2763	40,5368	67,9792	40,5368	65,0359	40,5368	72,4329	40,5368	67,9697	40,5368	64,9412	
40,7014	72,2669	40,7014	67,9804	40,7014	65,0356	40,7014	72,4245	40,7014	67,9716	40,7014	64,9411	
40,8651	72,2691	40,8651	67,9809	40,8651	65,0354	40,8651	72,429	40,8651	67,9711	40,8651	64,9411	
41,0293	72,2612	41,0293	67,9801	41,0293	65,0354	41,0293	72,4246	41,0293	67,9711	41,0293	64,9411	
41,1935	72,2625	41,1935	67,98	41,1935	65,0351	41,1935	72,4238	41,1935	67,9712	41,1935	64,9409	
41,3575	72,2631	41,3575	67,9805	41,3575	65,0353	41,3575	72,4308	41,3575	67,9719	41,3575	64,9413	
41,522	72,2628	41,522	67,9807	41,522	65,035	41,522	72,4238	41,522	67,9707	41,522	64,9413	
41,6868	72,2741	41,6868	67,9809	41,6868	65,0351	41,6868	72,4245	41,6868	67,9709	41,6868	64,9409	
41,8508	72,2627	41,8508	67,9805	41,8508	65,0351	41,8508	72,4261	41,8508	67,9709	41,8508	64,9408	
42,0153	72,2625	42,0153	67,9802	42,0153	65,0352	42,0153	72,4283	42,0153	67,9711	42,0153	64,941	
42,179	72,2641	42,179	67,9792	42,179	65,0355	42,179	72,4245	42,179	67,9705	42,179	64,9411	
42,3433	72,2761	42,3433	67,9799	42,3433	65,0356	42,3433	72,4253	42,3433	67,9706	42,3433	64,9411	
42,5075	72,2618	42,5075	67,9809	42,5075	65,0359	42,5075	72,4288	42,5075	67,9711	42,5075	64,941	
42,6718	72,2635	42,6718	67,9799	42,6718	65,0355	42,6718	72,4299	42,6718	67,9715	42,6718	64,9407	
42,8363	72,2625	42,8363	67,9806	42,8363	65,0348	42,8363	72,4287	42,8363	67,9705	42,8363	64,9405	
43,0008	72,274	43,0008	67,98	43,0008	65,0352	43,0008	72,4249	43,0008	67,9706	43,0008	64,9411	
43,1651	72,2643	43,1651	67,9807	43,1651	65,0356	43,1651	72,428	43,1651	67,9713	43,1651	64,9417	
43,3291	72,2635	43,3291	67,9806	43,3291	65,0357	43,3291	72,4244	43,3291	67,9705	43,3291	64,9414	
43,4928	72,263	43,4928	67,9803	43,4928	65,0356	43,4928	72,4282	43,4928	67,9701	43,4928	64,941	
43,6573	72,2631	43,6573	67,9809	43,6573	65,0354	43,6573	72,4261	43,6573	67,9718	43,6573	64,941	
43,8215	72,2657	43,8215	67,9805	43,8215	65,035	43,8215	72,429	43,8215	67,971	43,8215	64,9408	
43,9858	72,2641	43,9858	67,9799	43,9858	65,0353	43,9858	72,4263	43,9858	67,9722	43,9858	64,9411	
44,1498	72,2636	44,1498	67,9812	44,1498	65,0352	44,1498	72,4245	44,1498	67,9712	44,1498	64,9411	
44,3138	72,2644	44,3138	67,9811	44,3138	65,0355	44,3138	72,4253	44,3138	67,9707	44,3138	64,9411	
44,4783	72,2655	44,4783	67,9803	44,4783	65,0351	44,4783	72,4267	44,4783	67,9706	44,4783	64,9409	
44,642	72,2602	44,642	67,9805	44,642	65,0354	44,642	72,4253	44,642	67,9706	44,642	64,9409	
44,806	72,274	44,806	67,98	44,806	65,0352	44,806	72,4256	44,806	67,9713	44,806	64,9413	
44,9694	72,2638	44,9694	67,9801	44,9694	65,0356	44,9694	72,4289	44,9694	67,9711	44,9694	64,9409	
45,1337	72,2745	45,1337	67,9803	45,1337	65,0352	45,1337	72,4246	45,1337	67,9712	45,1337	64,9408	
45,2982	72,2643	45,2982	67,9801	45,2982	65,0355	45,2982	72,4259	45,2982	67,9725	45,2982	64,941	
45,4619	72,2641	45,4619	67,9804	45,4619	65,0351	45,4619	72,425	45,4619	67,9704	45,4619	64,9408	
45,6259	72,2635	45,6259	67,9809	45,6259	65,0355	45,6259	72,426	45,6259	67,9725	45,6259	64,941	
45,7907	72,2744	45,7907	67,9793	45,7907	65,0354	45,7907	72,4248	45,7907	67,9701	45,7907	64,9409	
45,9552	72,2649	45,9552	67,9805	45,9552	65,0354	45,9552	72,4289	45,9552	67,9715	45,9552	64,9411	
46,1192	72,2641	46,1192	67,9808	46,1192	65,0351	46,1192	72,4315	46,1192	67,9699	46,1192	64,9411	
46,2826	72,2642	46,2826	67,9815	46,2826	65,0355	46,2826	72,4265	46,2826	67,9708	46,2826	64,9412	
46,4464	72,2643	46,4464	67,9813	46,4464	65,0355	46,4464	72,4249	46,4464	67,9715	46,4464	64,9413	
46,6103	72,2626	46,6103	67,98	46,6103	65,0355	46,6103	72,4249	46,6103	67,9713	46,6103	64,9414	
46,7746	72,2639	46,7746	67,9807	46,7746	65,0359	46,7746	72,4309	46,7746	67,9714	46,7746	64,9416	
46,938	72,2638	46,938	67,9811	46,938	65,035	46,938	72,4244	46,938	67,9719	46,938	64,9413	
47,1022	72,2619	47,1022	67,9803	47,1022	65,0353	47,1022	72,4259	47,1022	67,9717	47,1022	64,9412	
47,2665	72,2749	47,2665	67,9816	47,2665	65,0357	47,2665	72,4248	47,2665	67,9703	47,2665	64,941	
47,4305	72,2652	47,4305	67,9801	47,4305	65,0357	47,4305	72,4297	47,4305	67,9712	47,4305	64,9411	
47,5944	72,2644	47,5944	67,9813	47,5944	65,0354	47,5944	72,4288	47,5944	67,9704	47,5944	64,9414	
47,7589	72,2748	47,7589	67,9807	47,7589	65,0361	47,7589	72,4262	47,7589	67,9703	47,7589	64,9415	
47,9229	72,2622	47,9229	67,9809	47,9229	65,0358	47,9229	72,4265	47,9229	67,9715	47,9229	64,9411	
48,0874	72,2629	48,0874	67,9809	48,0874	65,0369	48,0874	72,4315	48,0874	67,9709	48,0874	64,9416	
48,2519	72,2646	48,2519	67,9809	48,2519	65,0358	48,2519	72,4257	48,2519	67,9703	48,2519	64,9411	
48,4156	72,2645	48,4156	67,9811	48,4156	65,0358	48,4156	72,4299	48,4156	67,9714	48,4156	64,9412	
48,5791	72,2753	48,5791	67,9811	48,5791	65,0353	48,5791	72,4262	48,5791	67,9719	48,5791	64,9413	
48,7431	72,2683	48,7431	67,9806	48,7431	65,0355	48,7431	72,4262	48,7431	67,9717	48,7431	64,9414	
48,9071	72,264	48,9071	67,9816	48,9071	65,0355	48,9071	72,4291	48,9071	67,972	48,9071	64,9412	
49,071	72,2651	49,071	67,9799	49,071	65,0352	49,071	72,4277	49,071	67,9718	49,071	64,9415	
49,235	72,2657	49,235	67,9808	49,235	65,0356	49,235	72,4266	49,235	67,9719	49,235	64,9417	
49,3995	72,265	49,3995	67,9809	49,3995	65,0363	49,3995	72,427	49,3995	67,9723	49,3995	64,9412	
49,5638	72,2637	49,5638	67,979	49,5638	65,0357	49,5638	72,4327	49,5638	67,9722	49,5638	64,9416	
49,7281	72,2652	49,7281	67,9802	49,7281	65,0357	49,7281	72,4261	49,7281	67,9707	49,7281	64,9415	
49,892	72,2648	49,892	67,9808	49,892	65,0358	49,892	72,4257	49,892	67,9711	49,892	64,9416	
50,0565	72,2644	50,0565	67,9803	50,0565	65,0367	50,0565	72,4282	50,0565	67,9705	50,0565	64,9412	
50,2205	72,2642	50,2205	67,9809	50,2205	65,0356	50,2205	72,4261	50,2205	67,9721	50,2205	64,9413	
50,3848	72,2653	50,3848	67,9794	50,3848	65,036	50,3848	72,4315	50,3848	67,9704	50,3848	64,9417	
50,549	72,2655	50,549	67,9805	50,549	65,0368	50,549	72,4273	50,549	67,9715	50,549	64,9418	
50,7124	72,2654	50,7124	67,9812	50,7124	65,0357	50,7124	72,4272	50,7124	67,9719	50,7124	64,9413	
50,8759	72,2652	50,8759	67,9808	50,8759	65,0358	50,8759	72,4258	50,8759	67,972	50,8759	64,9416	
51,0401	72,2656	51,0401	67,981	51,0401	65,0351	51,0401	72,4298	51,0401	67,9731	51,0401	64,9417	
51,2042	72,2649	51,2042	67,9811	51,2042	65,0356	51,2042	72,4294	51,2042	67,9731	51,2042	64,9415	
51,3681	72,2678	51,3681	67,9814	51,3681	65,0369	51,3681	72,4286	51,3681	67,9725	51,3681	64,9414	
51,5327	72,2761	51,5327	67,9817	51,5327	65,0354	51,5327	72,4315	51,5327	67,9718	51,5327	64,9418	
51,6972	72,2645	51,6972	67,9818	51,6972	65,0359	51,6972	72,4287	51,6972	67,9731	51,6972	64,9415	
51,8617	72,2648	51,8617	67,981	51,8617	65,0358	51,8617	72,4308	51,8617	67,9711	51,8617	64,9419	
52,0257	72,2664	52,0257	67,9818	52,0257	65,0357	52,0257	72,4275	52,0257	67,9714	52,0257	64,9417	
52,1902	72,2768	52,1902	67,9821	52,1902	65,0356	52,1902	72,4267	52,1902	67,973	52,1902	64,9419	
52,3537	72,2711	52,3537	67,9821	52,3537	65,0364	52,3537	72,4318	52,3537	67,9714	52,3537	64,9419	
52,5177	72,2642	52,5177	67,9813	52,5177	65,0366	52,5177	72,4326	52,5177	67,9713	52,5177	64,942	
52,6819	72,2658	52,6819	67,9821	52,6819	65,0363	52,6819	72,4282	52,6819	67,9714	52,6819	64,9419	
52,8461	72,2727	52,8461	67,9822	52,8461	65,0359	52,8461	72,4313	52,8461	67,9726	52,8461	64,942	
53,0096	72,265	53,0096	67,9817	53,0096	65,0359	53,0096	72,4315	53,0096	67,9716	53,0096	64,9413	
53,1739	72,265	53,1739	67,9821	53,1739	65,0358	53,1739	72,4266	53,1739	67,9725	53,1739	64,9413	
53,3381	72,2646	53,3381	67,9802	53,3381	65,0357	53,3381	72,4307	53,3381	67,9722	53,3381	64,9418	
53,5029	72,2653	53,5029	67,9807	53,5029	65,0359	53,5029	72,4311	53,5029	67,9715	53,5029	64,9421	
53,6674	72,2651	53,6674	67,9814	53,6674	65,036	53,6674	72,4276	53,6674	67,9715	53,6674	64,9418	
53,8314	72,2657	53,8314	67,9816	53,8314	65,0359	53,8314	72,4268	53,8314	67,973	53,8314	64,9415	
53,9957	72,2669	53,9957	67,9817	53,9957	65,0362	53,9957	72,4328	53,9957	67,9715	53,9957	64,9416	
54,1594	72,2654	54,1594	67,9816	54,1594	65,0361	54,1594	72,4325	54,1594	67,9724	54,1594	64,942	
54,3234	72,2669	54,3234	67,9824	54,3234	65,0373	54,3234	72,4326	54,3234	67,9738	54,3234	64,9424	
54,4879	72,266	54,4879	67,9819	54,4879	65,0359	54,4879	72,4326	54,4879	67,9721	54,4879	64,9416	
54,6516	72,2658	54,6516	67,9821	54,6516	65,0358	54,6516	72,4311	54,6516	67,9722	54,6516	64,9419	
54,8153	72,2665	54,8153	67,9815	54,8153	65,0362	54,8153	72,4277	54,8153	67,9719	54,8153	64,9414	
54,9787	72,2648	54,9787	67,9812	54,9787	65,0361	54,9787	72,4309	54,9787	67,9729	54,9787	64,942	
55,1429	72,2667	55,1429	67,9827	55,1429	65,0357	55,1429	72,4276	55,1429	67,9719	55,1429	64,9414	
55,3066	72,2656	55,3066	67,9818	55,3066	65,0368	55,3066	72,4318	55,3066	67,9723	55,3066	64,9416	
55,4709	72,2637	55,4709	67,981	55,4709	65,0356	55,4709	72,4288	55,4709	67,9722	55,4709	64,9416	
55,636	72,2648	55,636	67,9815	55,636	65,0355	55,636	72,4304	55,636	67,9725	55,636	64,9418	
55,8008	72,2659	55,8008	67,9819	55,8008	65,0357	55,8008	72,4318	55,8008	67,9733	55,8008	64,9415	
55,9645	72,2661	55,9645	67,9809	55,9645	65,0357	55,9645	72,4323	55,9645	67,9713	55,9645	64,9411	
56,1285	72,2657	56,1285	67,9816	56,1285	65,0355	56,1285	72,4303	56,1285	67,972	56,1285	64,9413	
56,2933	72,2654	56,2933	67,9808	56,2933	65,0363	56,2933	72,4258	56,2933	67,9727	56,2933	64,9413	
56,4572	72,2685	56,4572	67,9812	56,4572	65,0356	56,4572	72,4325	56,4572	67,9727	56,4572	64,9412	
56,6215	72,2642	56,6215	67,9814	56,6215	65,0354	56,6215	72,4269	56,6215	67,9716	56,6215	64,9418	
56,7858	72,2654	56,7858	67,9811	56,7858	65,0356	56,7858	72,4318	56,7858	67,973	56,7858	64,9413	
56,9495	72,264	56,9495	67,9817	56,9495	65,0354	56,9495	72,4321	56,9495	67,9721	56,9495	64,9416	
57,1141	72,2639	57,1141	67,9814	57,1141	65,0358	57,1141	72,4313	57,1141	67,9725	57,1141	64,9413	
57,278	72,2651	57,278	67,9805	57,278	65,0359	57,278	72,4339	57,278	67,9722	57,278	64,9417	
57,442	72,2661	57,442	67,9814	57,442	65,0364	57,442	72,4333	57,442	67,9715	57,442	64,9417	
57,606	72,2771	57,606	67,9822	57,606	65,0357	57,606	72,4322	57,606	67,9721	57,606	64,9415	
57,7697	72,2658	57,7697	67,9809	57,7697	65,0362	57,7697	72,4311	57,7697	67,9721	57,7697	64,9415	
57,9334	72,264	57,9334	67,9808	57,9334	65,0359	57,9334	72,4326	57,9334	67,9719	57,9334	64,9424	
58,0974	72,2661	58,0974	67,9818	58,0974	65,0362	58,0974	72,4267	58,0974	67,9731	58,0974	64,9417	
58,2612	72,2724	58,2612	67,9819	58,2612	65,0369	58,2612	72,4322	58,2612	67,9733	58,2612	64,9418	
58,4249	72,2652	58,4249	67,982	58,4249	65,0361	58,4249	72,4259	58,4249	67,9721	58,4249	64,942	
58,5889	72,2654	58,5889	67,9811	58,5889	65,0358	58,5889	72,4283	58,5889	67,9725	58,5889	64,9416	
58,754	72,2757	58,754	67,9824	58,754	65,0354	58,754	72,4285	58,754	67,9718	58,754	64,9415	
58,9177	72,2641	58,9177	67,9818	58,9177	65,0352	58,9177	72,4339	58,9177	67,9724	58,9177	64,9413	
59,0817	72,2631	59,0817	67,9817	59,0817	65,0366	59,0817	72,4318	59,0817	67,9723	59,0817	64,9414	
59,2457	72,2665	59,2457	67,9824	59,2457	65,0362	59,2457	72,4269	59,2457	67,9728	59,2457	64,942	
59,4091	72,2651	59,4091	67,9816	59,4091	65,036	59,4091	72,4331	59,4091	67,9732	59,4091	64,9416	
59,5731	72,2647	59,5731	67,9818	59,5731	65,0364	59,5731	72,4268	59,5731	67,9736	59,5731	64,9423	
59,7378	72,2655	59,7378	67,9816	59,7378	65,0358	59,7378	72,4333	59,7378	67,9721	59,7378	64,9416	
59,902	72,2646	59,902	67,9808	59,902	65,0357	59,902	72,4291	59,902	67,9726	59,902	64,9415	
60,066	72,2665	60,066	67,9821	60,066	65,0359	60,066	72,4312	60,066	67,9719	60,066	64,9418	
60,2301	72,27	60,2301	67,9813	60,2301	65,036	60,2301	72,4281	60,2301	67,9728	60,2301	64,9415	
60,3947	72,2663	60,3947	67,9823	60,3947	65,0361	60,3947	72,4286	60,3947	67,9732	60,3947	64,942	
60,5587	72,266	60,5587	67,9823	60,5587	65,0359	60,5587	72,433	60,5587	67,972	60,5587	64,9418	
60,7227	72,2681	60,7227	67,9823	60,7227	65,0363	60,7227	72,427	60,7227	67,9716	60,7227	64,9418	
60,8866	72,2654	60,8866	67,9815	60,8866	65,0373	60,8866	72,4336	60,8866	67,9721	60,8866	64,9419	
61,0506	72,2788	61,0506	67,9803	61,0506	65,0369	61,0506	72,4334	61,0506	67,9727	61,0506	64,9416	
61,2143	72,2665	61,2143	67,9807	61,2143	65,036	61,2143	72,4273	61,2143	67,973	61,2143	64,9416	
61,3788	72,266	61,3788	67,9821	61,3788	65,036	61,3788	72,4337	61,3788	67,9725	61,3788	64,9416	
61,543	72,2684	61,543	67,9823	61,543	65,0359	61,543	72,4304	61,543	67,973	61,543	64,9413	
61,7067	72,2653	61,7067	67,9813	61,7067	65,0359	61,7067	72,4324	61,7067	67,9741	61,7067	64,9417	
61,8707	72,2652	61,8707	67,9819	61,8707	65,0359	61,8707	72,4291	61,8707	67,9719	61,8707	64,9416	
62,0347	72,2655	62,0347	67,9813	62,0347	65,0363	62,0347	72,4324	62,0347	67,9721	62,0347	64,9417	
62,1987	72,2658	62,1987	67,9804	62,1987	65,0358	62,1987	72,4332	62,1987	67,9716	62,1987	64,9421	
62,3624	72,2672	62,3624	67,983	62,3624	65,0371	62,3624	72,4324	62,3624	67,9729	62,3624	64,9419	
62,5266	72,2673	62,5266	67,982	62,5266	65,0368	62,5266	72,434	62,5266	67,9715	62,5266	64,9418	
62,6909	72,2659	62,6909	67,9819	62,6909	65,0361	62,6909	72,4302	62,6909	67,9728	62,6909	64,9416	
62,8557	72,2661	62,8557	67,9831	62,8557	65,0357	62,8557	72,4295	62,8557	67,9733	62,8557	64,9419	
63,0207	72,267	63,0207	67,9815	63,0207	65,0358	63,0207	72,4346	63,0207	67,9716	63,0207	64,9413	
63,185	72,2661	63,185	67,9821	63,185	65,0361	63,185	72,4333	63,185	67,9726	63,185	64,942	
63,3489	72,2669	63,3489	67,98	63,3489	65,0364	63,3489	72,4274	63,3489	67,9718	63,3489	64,9417	
63,5129	72,2782	63,5129	67,9817	63,5129	65,036	63,5129	72,4281	63,5129	67,9717	63,5129	64,9416	
63,678	72,2661	63,678	67,9834	63,678	65,0369	63,678	72,4321	63,678	67,9728	63,678	64,9413	
63,8414	72,2659	63,8414	67,9816	63,8414	65,0371	63,8414	72,4289	63,8414	67,9717	63,8414	64,9424	
64,0056	72,2672	64,0056	67,9821	64,0056	65,0361	64,0056	72,4295	64,0056	67,9729	64,0056	64,9422	
64,1693	72,2668	64,1693	67,983	64,1693	65,0358	64,1693	72,4269	64,1693	67,9728	64,1693	64,9419	
64,3333	72,2732	64,3333	67,9825	64,3333	65,0358	64,3333	72,43	64,3333	67,9727	64,3333	64,9419	
64,497	72,2809	64,497	67,9808	64,497	65,0362	64,497	72,4305	64,497	67,973	64,497	64,9418	
64,6613	72,2776	64,6613	67,982	64,6613	65,0361	64,6613	72,4281	64,6613	67,9713	64,6613	64,9418	
64,8247	72,2664	64,8247	67,9821	64,8247	65,0366	64,8247	72,4277	64,8247	67,9737	64,8247	64,942	
64,9884	72,2767	64,9884	67,9812	64,9884	65,0358	64,9884	72,4294	64,9884	67,9731	64,9884	64,9417	
65,1524	72,266	65,1524	67,9827	65,1524	65,0366	65,1524	72,4336	65,1524	67,9722	65,1524	64,9412	
65,3164	72,2694	65,3164	67,9814	65,3164	65,0361	65,3164	72,4321	65,3164	67,9727	65,3164	64,9415	
65,4803	72,2673	65,4803	67,9825	65,4803	65,0368	65,4803	72,4293	65,4803	67,974	65,4803	64,9419	
65,6451	72,2676	65,6451	67,9828	65,6451	65,037	65,6451	72,4296	65,6451	67,9727	65,6451	64,9419	
65,8094	72,2666	65,8094	67,983	65,8094	65,0363	65,8094	72,4346	65,8094	67,973	65,8094	64,9423	
65,9734	72,2674	65,9734	67,9823	65,9734	65,0365	65,9734	72,4333	65,9734	67,9721	65,9734	64,9421	
66,1371	72,2692	66,1371	67,9832	66,1371	65,0362	66,1371	72,4343	66,1371	67,972	66,1371	64,9419	
66,3008	72,266	66,3008	67,982	66,3008	65,036	66,3008	72,4325	66,3008	67,9728	66,3008	64,9417	
66,4648	72,2766	66,4648	67,982	66,4648	65,0361	66,4648	72,4279	66,4648	67,9726	66,4648	64,942	
66,629	72,2768	66,629	67,9806	66,629	65,0349	66,629	72,4325	66,629	67,9723	66,629	64,9408	
66,7935	72,2632	66,7935	67,9806	66,7935	65,0346	66,7935	72,4296	66,7935	67,9711	66,7935	64,9408	
66,9572	72,2642	66,9572	67,9797	66,9572	65,0344	66,9572	72,4269	66,9572	67,9702	66,9572	64,9407	
67,1214	72,2651	67,1214	67,9798	67,1214	65,0343	67,1214	72,4312	67,1214	67,97	67,1214	64,9409	
67,2856	72,2665	67,2856	67,9808	67,2856	65,0343	67,2856	72,428	67,2856	67,971	67,2856	64,9409	
67,4493	72,2766	67,4493	67,9803	67,4493	65,0351	67,4493	72,4337	67,4493	67,9713	67,4493	64,9406	
67,6139	72,2662	67,6139	67,9807	67,6139	65,0351	67,6139	72,429	67,6139	67,9722	67,6139	64,9409	
67,7784	72,2665	67,7784	67,9812	67,7784	65,035	67,7784	72,4353	67,7784	67,9727	67,7784	64,9411	
67,9418	72,2655	67,9418	67,9816	67,9418	65,0352	67,9418	72,4293	67,9418	67,9731	67,9418	64,9413	
68,1057	72,2665	68,1057	67,982	68,1057	65,0352	68,1057	72,4277	68,1057	67,9713	68,1057	64,9413	
68,2694	72,2657	68,2694	67,9815	68,2694	65,0358	68,2694	72,4288	68,2694	67,9727	68,2694	64,9416	
68,4337	72,2669	68,4337	67,9824	68,4337	65,0366	68,4337	72,4343	68,4337	67,9717	68,4337	64,9421	
68,5977	72,2675	68,5977	67,9821	68,5977	65,0359	68,5977	72,4351	68,5977	67,9724	68,5977	64,9416	
68,7622	72,2679	68,7622	67,9825	68,7622	65,036	68,7622	72,4333	68,7622	67,9741	68,7622	64,9417	
68,9259	72,2662	68,9259	67,9825	68,9259	65,0358	68,9259	72,4345	68,9259	67,9731	68,9259	64,9414	
69,0899	72,268	69,0899	67,9828	69,0899	65,0363	69,0899	72,4295	69,0899	67,9726	69,0899	64,942	
69,2538	72,2673	69,2538	67,9822	69,2538	65,0361	69,2538	72,4337	69,2538	67,9728	69,2538	64,9419	
69,4175	72,2661	69,4175	67,9821	69,4175	65,0368	69,4175	72,4352	69,4175	67,9729	69,4175	64,9416	
69,5815	72,2796	69,5815	67,9822	69,5815	65,0367	69,5815	72,4335	69,5815	67,9724	69,5815	64,9417	
69,7455	72,2683	69,7455	67,9818	69,7455	65,0358	69,7455	72,4337	69,7455	67,9734	69,7455	64,9416	
69,9094	72,2786	69,9094	67,9829	69,9094	65,0365	69,9094	72,4355	69,9094	67,9729	69,9094	64,942	
70,0734	72,2667	70,0734	67,9813	70,0734	65,0356	70,0734	72,4301	70,0734	67,9743	70,0734	64,9417	
70,2376	72,2674	70,2376	67,983	70,2376	65,0369	70,2376	72,4314	70,2376	67,9726	70,2376	64,9417	
70,4013	72,2673	70,4013	67,9827	70,4013	65,036	70,4013	72,4278	70,4013	67,9724	70,4013	64,942	
70,565	72,2656	70,565	67,9811	70,565	65,0374	70,565	72,434	70,565	67,9738	70,565	64,9423	
70,7286	72,2668	70,7286	67,9821	70,7286	65,0365	70,7286	72,4302	70,7286	67,9725	70,7286	64,9421	
70,8926	72,2665	70,8926	67,981	70,8926	65,036	70,8926	72,4313	70,8926	67,9743	70,8926	64,9421	
71,0563	72,2741	71,0563	67,9822	71,0563	65,0361	71,0563	72,4347	71,0563	67,9743	71,0563	64,9418	
71,22	72,2683	71,22	67,9829	71,22	65,0369	71,22	72,4311	71,22	67,9736	71,22	64,942	
71,384	72,2678	71,384	67,9817	71,384	65,0357	71,384	72,4352	71,384	67,973	71,384	64,942	
71,5475	72,2676	71,5475	67,9827	71,5475	65,0363	71,5475	72,4297	71,5475	67,9731	71,5475	64,9424	
71,712	72,2689	71,712	67,9831	71,712	65,0375	71,712	72,4346	71,712	67,9728	71,712	64,942	
71,8771	72,2684	71,8771	67,9822	71,8771	65,0372	71,8771	72,4304	71,8771	67,9723	71,8771	64,9423	
72,0408	72,2683	72,0408	67,9836	72,0408	65,0362	72,0408	72,4351	72,0408	67,9727	72,0408	64,9424	
72,2045	72,2683	72,2045	67,9832	72,2045	65,037	72,2045	72,431	72,2045	67,9741	72,2045	64,9421	
72,3682	72,2683	72,3682	67,9833	72,3682	65,0363	72,3682	72,4299	72,3682	67,9726	72,3682	64,9423	
72,5323	72,2687	72,5323	67,982	72,5323	65,0368	72,5323	72,4368	72,5323	67,9734	72,5323	64,9423	
72,6957	72,2743	72,6957	67,9869	72,6957	65,0385	72,6957	72,4352	72,6957	67,9733	72,6957	64,9422	
72,8599	72,3063	72,8599	68,0068	72,8599	65,048	72,8599	72,4338	72,8599	67,974	72,8599	64,9421	
73,0237	72,3346	73,0237	68,0309	73,0237	65,0677	73,0237	72,434	73,0237	67,9745	73,0237	64,942	
73,188	72,3409	73,188	68,0362	73,188	65,0724	73,188	72,4308	73,188	67,9719	73,188	64,9421	
73,3514	72,3435	73,3514	68,0405	73,3514	65,0754	73,3514	72,4351	73,3514	67,9746	73,3514	64,9424	
73,5157	72,3468	73,5157	68,0426	73,5157	65,0786	73,5157	72,431	73,5157	67,9738	73,5157	64,9422	
73,6791	72,3477	73,6791	68,045	73,6791	65,0805	73,6791	72,4305	73,6791	67,9734	73,6791	64,9421	
73,8428	72,3499	73,8428	68,0467	73,8428	65,0823	73,8428	72,4305	73,8428	67,9734	73,8428	64,9417	
74,0068	72,3511	74,0068	68,0473	74,0068	65,0834	74,0068	72,4307	74,0068	67,9741	74,0068	64,9422	
74,1711	72,3512	74,1711	68,0487	74,1711	65,0837	74,1711	72,4365	74,1711	67,9741	74,1711	64,9419	
74,3345	72,3531	74,3345	68,049	74,3345	65,0844	74,3345	72,4368	74,3345	67,975	74,3345	64,9422	
74,4987	72,3515	74,4987	68,0489	74,4987	65,0842	74,4987	72,4315	74,4987	67,9738	74,4987	64,9424	
74,6629	72,3517	74,6629	68,0492	74,6629	65,0846	74,6629	72,431	74,6629	67,9745	74,6629	64,942	
74,8267	72,3519	74,8267	68,0491	74,8267	65,0845	74,8267	72,4353	74,8267	67,9745	74,8267	64,9418	
74,9907	72,3524	74,9907	68,049	74,9907	65,0844	74,9907	72,4321	74,9907	67,973	74,9907	64,9426	
75,1552	72,3516	75,1552	68,049	75,1552	65,0846	75,1552	72,4359	75,1552	67,9728	75,1552	64,9427	
75,3192	72,3527	75,3192	68,049	75,3192	65,0848	75,3192	72,4327	75,3192	67,9742	75,3192	64,9421	
75,4832	72,3521	75,4832	68,0501	75,4832	65,0851	75,4832	72,4358	75,4832	67,9752	75,4832	64,9424	
75,6474	72,3525	75,6474	68,0504	75,6474	65,085	75,6474	72,4326	75,6474	67,9751	75,6474	64,9421	
75,8111	72,3516	75,8111	68,0499	75,8111	65,0848	75,8111	72,4357	75,8111	67,9747	75,8111	64,9422	
75,9754	72,3525	75,9754	68,0497	75,9754	65,0849	75,9754	72,4356	75,9754	67,9739	75,9754	64,9427	
76,1391	72,3506	76,1391	68,0491	76,1391	65,0853	76,1391	72,4319	76,1391	67,9745	76,1391	64,9425	
76,3033	72,3542	76,3033	68,0499	76,3033	65,0851	76,3033	72,4298	76,3033	67,9746	76,3033	64,9427	
76,4673	72,3526	76,4673	68,05	76,4673	65,0846	76,4673	72,4324	76,4673	67,9742	76,4673	64,9425	
76,6313	72,3531	76,6313	68,0493	76,6313	65,0852	76,6313	72,4351	76,6313	67,974	76,6313	64,9423	
76,7952	72,3535	76,7952	68,0499	76,7952	65,0853	76,7952	72,4311	76,7952	67,9744	76,7952	64,9427	
76,9595	72,3507	76,9595	68,0493	76,9595	65,0853	76,9595	72,4371	76,9595	67,9752	76,9595	64,9427	
77,1232	72,3518	77,1232	68,05	77,1232	65,0851	77,1232	72,4325	77,1232	67,9738	77,1232	64,9423	
77,2869	72,3522	77,2869	68,0499	77,2869	65,0853	77,2869	72,4368	77,2869	67,9738	77,2869	64,9423	
77,4507	72,3542	77,4507	68,05	77,4507	65,0852	77,4507	72,4312	77,4507	67,9753	77,4507	64,9426	
77,6152	72,3512	77,6152	68,0496	77,6152	65,0851	77,6152	72,4371	77,6152	67,9749	77,6152	64,9425	
77,7794	72,3512	77,7794	68,0502	77,7794	65,0853	77,7794	72,4331	77,7794	67,9742	77,7794	64,9422	
77,9434	72,3517	77,9434	68,0498	77,9434	65,0854	77,9434	72,4353	77,9434	67,9746	77,9434	64,9426	
78,1076	72,3512	78,1076	68,0488	78,1076	65,0852	78,1076	72,4306	78,1076	67,9746	78,1076	64,9431	
78,2716	72,3516	78,2716	68,0491	78,2716	65,0851	78,2716	72,4374	78,2716	67,9747	78,2716	64,9426	
78,4353	72,3507	78,4353	68,0483	78,4353	65,0851	78,4353	72,4312	78,4353	67,9755	78,4353	64,9419	
78,5993	72,3502	78,5993	68,0492	78,5993	65,0846	78,5993	72,4323	78,5993	67,9743	78,5993	64,9427	
78,7628	72,3525	78,7628	68,0487	78,7628	65,0845	78,7628	72,4333	78,7628	67,9752	78,7628	64,9425	
78,9265	72,3511	78,9265	68,0486	78,9265	65,0842	78,9265	72,4317	78,9265	67,9746	78,9265	64,9424	
79,0902	72,3528	79,0902	68,0486	79,0902	65,0844	79,0902	72,4373	79,0902	67,9755	79,0902	64,9428	
79,2539	72,3482	79,2539	68,0479	79,2539	65,0838	79,2539	72,4371	79,2539	67,9756	79,2539	64,9425	
79,4176	72,3501	79,4176	68,0479	79,4176	65,0836	79,4176	72,4329	79,4176	67,9745	79,4176	64,9431	
79,5814	72,3492	79,5814	68,0473	79,5814	65,0831	79,5814	72,4375	79,5814	67,9742	79,5814	64,9424	
79,7448	72,3482	79,7448	68,0462	79,7448	65,0831	79,7448	72,4315	79,7448	67,9737	79,7448	64,9425	
79,9082	72,3486	79,9082	68,0462	79,9082	65,0825	79,9082	72,4323	79,9082	67,9752	79,9082	64,9427	
80,0722	72,3478	80,0722	68,0463	80,0722	65,0823	80,0722	72,4357	80,0722	67,9741	80,0722	64,9422	
80,2359	72,3486	80,2359	68,0457	80,2359	65,0821	80,2359	72,433	80,2359	67,9755	80,2359	64,9421	
80,3999	72,346	80,3999	68,0457	80,3999	65,0809	80,3999	72,4365	80,3999	67,974	80,3999	64,9422	
80,5641	72,346	80,5641	68,0453	80,5641	65,0812	80,5641	72,4338	80,5641	67,9755	80,5641	64,9427	
80,7279	72,3441	80,7279	68,0427	80,7279	65,079	80,7279	72,4333	80,7279	67,9751	80,7279	64,9429	
80,8921	72,3387	80,8921	68,0384	80,8921	65,0745	80,8921	72,4311	80,8921	67,9738	80,8921	64,9427	
81,0569	72,3346	81,0569	68,0352	81,0569	65,0719	81,0569	72,4316	81,0569	67,9755	81,0569	64,9423	
81,2214	72,3337	81,2214	68,0321	81,2214	65,0691	81,2214	72,4385	81,2214	67,9757	81,2214	64,9427	
81,3854	72,3292	81,3854	68,0296	81,3854	65,0665	81,3854	72,4318	81,3854	67,9752	81,3854	64,9425	
81,5499	72,3261	81,5499	68,0263	81,5499	65,0643	81,5499	72,4319	81,5499	67,9738	81,5499	64,9424	
81,7144	72,317	81,7144	68,0201	81,7144	65,0604	81,7144	72,4308	81,7144	67,9756	81,7144	64,9424	
81,8798	72,2925	81,8798	68,0037	81,8798	65,0502	81,8798	72,433	81,8798	67,9754	81,8798	64,9426	
82,0438	72,2782	82,0438	67,9933	82,0438	65,0438	82,0438	72,434	82,0438	67,9737	82,0438	64,9425	
82,2075	72,2726	82,2075	67,9871	82,2075	65,0404	82,2075	72,4324	82,2075	67,9742	82,2075	64,9427	
82,3718	72,2682	82,3718	67,984	82,3718	65,0387	82,3718	72,4311	82,3718	67,9743	82,3718	64,942	
82,536	72,2668	82,536	67,983	82,536	65,0374	82,536	72,4343	82,536	67,9747	82,536	64,942	
82,6995	72,2661	82,6995	67,9824	82,6995	65,0375	82,6995	72,4333	82,6995	67,9756	82,6995	64,9424	
82,8643	72,2659	82,8643	67,9816	82,8643	65,0363	82,8643	72,4361	82,8643	67,9753	82,8643	64,9427	
83,028	72,2682	83,028	67,9818	83,028	65,036	83,028	72,4328	83,028	67,9749	83,028	64,9425	
83,1917	72,2698	83,1917	67,9818	83,1917	65,0358	83,1917	72,4328	83,1917	67,9743	83,1917	64,9425	
83,3562	72,265	83,3562	67,9825	83,3562	65,0359	83,3562	72,4369	83,3562	67,9758	83,3562	64,9425	
83,5202	72,2647	83,5202	67,9821	83,5202	65,0356	83,5202	72,4329	83,5202	67,9743	83,5202	64,9424	
83,6844	72,2648	83,6844	67,9825	83,6844	65,0359	83,6844	72,4316	83,6844	67,9758	83,6844	64,9424	
83,8489	72,274	83,8489	67,9812	83,8489	65,0359	83,8489	72,4388	83,8489	67,9752	83,8489	64,9426	
84,0129	72,2648	84,0129	67,9817	84,0129	65,0352	84,0129	72,4367	84,0129	67,9749	84,0129	64,9429	
84,1766	72,2636	84,1766	67,9801	84,1766	65,0358	84,1766	72,4327	84,1766	67,9747	84,1766	64,943	
84,3414	72,2657	84,3414	67,9821	84,3414	65,0357	84,3414	72,4328	84,3414	67,9751	84,3414	64,9428	
84,5054	72,2642	84,5054	67,9828	84,5054	65,0355	84,5054	72,4377	84,5054	67,9753	84,5054	64,9425	
84,6689	72,2655	84,6689	67,982	84,6689	65,0358	84,6689	72,437	84,6689	67,975	84,6689	64,9429	
84,8339	72,2747	84,8339	67,9823	84,8339	65,0357	84,8339	72,4338	84,8339	67,9758	84,8339	64,9424	
84,9984	72,2657	84,9984	67,9815	84,9984	65,0358	84,9984	72,4375	84,9984	67,9751	84,9984	64,9424	
85,1619	72,264	85,1619	67,9814	85,1619	65,036	85,1619	72,4331	85,1619	67,9754	85,1619	64,9429	
85,3264	72,2652	85,3264	67,9814	85,3264	65,0363	85,3264	72,4371	85,3264	67,9748	85,3264	64,9429	
85,4911	72,2656	85,4911	67,9813	85,4911	65,0356	85,4911	72,4374	85,4911	67,9746	85,4911	64,9426	
85,6551	72,2677	85,6551	67,9818	85,6551	65,0358	85,6551	72,4358	85,6551	67,9749	85,6551	64,9426	
85,8191	72,2657	85,8191	67,9812	85,8191	65,0361	85,8191	72,4331	85,8191	67,9748	85,8191	64,9425	
85,9828	72,2755	85,9828	67,9821	85,9828	65,0356	85,9828	72,432	85,9828	67,9758	85,9828	64,9428	
86,1473	72,2652	86,1473	67,982	86,1473	65,0356	86,1473	72,439	86,1473	67,9746	86,1473	64,9429	
86,3115	72,2652	86,3115	67,9814	86,3115	65,0357	86,3115	72,4319	86,3115	67,9755	86,3115	64,9424	
86,4766	72,2658	86,4766	67,9816	86,4766	65,0352	86,4766	72,4372	86,4766	67,9751	86,4766	64,9423	
86,6406	72,2652	86,6406	67,9822	86,6406	65,0357	86,6406	72,4319	86,6406	67,9739	86,6406	64,9421	
86,8049	72,2645	86,8049	67,9806	86,8049	65,0353	86,8049	72,4387	86,8049	67,9736	86,8049	64,9423	
86,9689	72,2646	86,9689	67,9812	86,9689	65,0355	86,9689	72,4325	86,9689	67,9739	86,9689	64,9426	
87,1334	72,2657	87,1334	67,9824	87,1334	65,0353	87,1334	72,4376	87,1334	67,9741	87,1334	64,9422	
87,2968	72,2607	87,2968	67,9818	87,2968	65,0353	87,2968	72,4381	87,2968	67,9739	87,2968	64,9423	
87,4611	72,2644	87,4611	67,9823	87,4611	65,0365	87,4611	72,4381	87,4611	67,9744	87,4611	64,9425	
87,6253	72,2643	87,6253	67,9824	87,6253	65,0354	87,6253	72,4332	87,6253	67,9753	87,6253	64,9427	
