Time (min) - L1 670nm	 - L1 670nm	Time (min) - L2 785nm	 - L2 785nm	Time (min) - L3 980nm	 - L3 980nm	Time (min) - L5 670nm	 - L5 670nm	Time (min) - L6 785nm	 - L6 785nm	Time (min) - L7 980nm	 - L7 980nm	
0,174583	72,2432	0,174583	67,9708	0,174583	65,0323	0,174583	72,283	0,174583	67,9155	0,174583	64,9203	
0,33885	72,2608	0,33885	67,9709	0,33885	65,0329	0,33885	72,2865	0,33885	67,914	0,33885	64,9202	
0,502567	72,2478	0,502567	67,9721	0,502567	65,0326	0,502567	72,2894	0,502567	67,9147	0,502567	64,9195	
0,66625	72,2497	0,66625	67,97	0,66625	65,0316	0,66625	72,2905	0,66625	67,9114	0,66625	64,9197	
0,830783	72,2484	0,830783	67,972	0,830783	65,0324	0,830783	72,2842	0,830783	67,9142	0,830783	64,9197	
0,994217	72,2606	0,994217	67,9702	0,994217	65,0322	0,994217	72,2857	0,994217	67,9153	0,994217	64,9198	
1,15792	72,2501	1,15792	67,9715	1,15792	65,0316	1,15792	72,2877	1,15792	67,912	1,15792	64,9201	
1,32215	72,2599	1,32215	67,9706	1,32215	65,0323	1,32215	72,289	1,32215	67,9125	1,32215	64,9204	
1,48615	72,2498	1,48615	67,971	1,48615	65,0318	1,48615	72,2874	1,48615	67,9126	1,48615	64,9194	
1,65042	72,2488	1,65042	67,9703	1,65042	65,0321	1,65042	72,282	1,65042	67,9126	1,65042	64,9201	
1,81495	72,2493	1,81495	67,9708	1,81495	65,0317	1,81495	72,2835	1,81495	67,9125	1,81495	64,92	
1,97952	72,2488	1,97952	67,9705	1,97952	65,0318	1,97952	72,2827	1,97952	67,9124	1,97952	64,9203	
2,1435	72,2482	2,1435	67,9709	2,1435	65,0319	2,1435	72,2859	2,1435	67,9124	2,1435	64,9201	
2,30748	72,25	2,30748	67,9686	2,30748	65,0322	2,30748	72,2904	2,30748	67,9112	2,30748	64,9196	
2,47175	72,2489	2,47175	67,9705	2,47175	65,0321	2,47175	72,286	2,47175	67,9139	2,47175	64,9199	
2,63542	72,2481	2,63542	67,9715	2,63542	65,0321	2,63542	72,2877	2,63542	67,9141	2,63542	64,9198	
2,7994	72,2489	2,7994	67,9705	2,7994	65,0317	2,7994	72,287	2,7994	67,9134	2,7994	64,9199	
2,96397	72,2487	2,96397	67,9705	2,96397	65,0317	2,96397	72,2886	2,96397	67,9119	2,96397	64,9199	
3,12793	72,262	3,12793	67,9714	3,12793	65,0331	3,12793	72,2824	3,12793	67,9146	3,12793	64,9197	
3,29197	72,2491	3,29197	67,9708	3,29197	65,0323	3,29197	72,2814	3,29197	67,9139	3,29197	64,92	
3,45597	72,2493	3,45597	67,9697	3,45597	65,0321	3,45597	72,2877	3,45597	67,9137	3,45597	64,9199	
3,62022	72,2609	3,62022	67,97	3,62022	65,0322	3,62022	72,2887	3,62022	67,9146	3,62022	64,9201	
3,78393	72,2492	3,78393	67,9705	3,78393	65,032	3,78393	72,29	3,78393	67,9133	3,78393	64,9198	
3,94765	72,2501	3,94765	67,9713	3,94765	65,0328	3,94765	72,2861	3,94765	67,9125	3,94765	64,9197	
4,11215	72,2482	4,11215	67,9703	4,11215	65,0318	4,11215	72,2901	4,11215	67,9127	4,11215	64,9195	
4,27587	72,2486	4,27587	67,9703	4,27587	65,0317	4,27587	72,2893	4,27587	67,9122	4,27587	64,9202	
4,43955	72,2625	4,43955	67,9705	4,43955	65,0321	4,43955	72,2884	4,43955	67,9118	4,43955	64,9196	
4,60378	72,2571	4,60378	67,9708	4,60378	65,032	4,60378	72,2872	4,60378	67,9121	4,60378	64,9197	
4,76752	72,2488	4,76752	67,97	4,76752	65,0317	4,76752	72,2842	4,76752	67,9142	4,76752	64,9198	
4,93215	72,2563	4,93215	67,9708	4,93215	65,0316	4,93215	72,2883	4,93215	67,9123	4,93215	64,9198	
5,0964	72,2482	5,0964	67,9698	5,0964	65,0315	5,0964	72,2907	5,0964	67,9116	5,0964	64,9201	
5,26008	72,2495	5,26008	67,9718	5,26008	65,032	5,26008	72,2895	5,26008	67,9142	5,26008	64,9195	
5,42433	72,2504	5,42433	67,9717	5,42433	65,0318	5,42433	72,2875	5,42433	67,9123	5,42433	64,9204	
5,58915	72,2491	5,58915	67,9705	5,58915	65,032	5,58915	72,286	5,58915	67,9143	5,58915	64,9197	
5,75338	72,2485	5,75338	67,9702	5,75338	65,0318	5,75338	72,2886	5,75338	67,9131	5,75338	64,9197	
5,91847	72,2604	5,91847	67,9713	5,91847	65,0335	5,91847	72,2806	5,91847	67,9143	5,91847	64,9197	
6,08248	72,2486	6,08248	67,9718	6,08248	65,0319	6,08248	72,283	6,08248	67,9137	6,08248	64,9195	
6,247	72,2621	6,247	67,9704	6,247	65,0319	6,247	72,2889	6,247	67,9138	6,247	64,92	
6,41097	72,2481	6,41097	67,9711	6,41097	65,0319	6,41097	72,2872	6,41097	67,9139	6,41097	64,9202	
6,57495	72,2492	6,57495	67,9713	6,57495	65,0325	6,57495	72,2879	6,57495	67,9127	6,57495	64,9202	
6,73948	72,2486	6,73948	67,9708	6,73948	65,0332	6,73948	72,2887	6,73948	67,912	6,73948	64,9197	
6,90292	72,2592	6,90292	67,9704	6,90292	65,0334	6,90292	72,2901	6,90292	67,9126	6,90292	64,9195	
7,0666	72,2465	7,0666	67,9705	7,0666	65,032	7,0666	72,2905	7,0666	67,9118	7,0666	64,9197	
7,2303	72,2633	7,2303	67,9705	7,2303	65,0325	7,2303	72,287	7,2303	67,9147	7,2303	64,9197	
7,39453	72,2569	7,39453	67,9697	7,39453	65,0314	7,39453	72,2818	7,39453	67,9128	7,39453	64,9195	
7,5582	72,258	7,5582	67,9712	7,5582	65,0318	7,5582	72,2829	7,5582	67,9144	7,5582	64,9197	
7,72247	72,2483	7,72247	67,9709	7,72247	65,0319	7,72247	72,2814	7,72247	67,9123	7,72247	64,9207	
7,88763	72,2599	7,88763	67,971	7,88763	65,032	7,88763	72,2884	7,88763	67,912	7,88763	64,92	
8,05162	72,2634	8,05162	67,97	8,05162	65,0327	8,05162	72,2897	8,05162	67,9155	8,05162	64,9196	
8,21588	72,2483	8,21588	67,97	8,21588	65,0323	8,21588	72,2878	8,21588	67,9124	8,21588	64,9199	
8,37977	72,2501	8,37977	67,9708	8,37977	65,0324	8,37977	72,2857	8,37977	67,9128	8,37977	64,9208	
8,5432	72,2498	8,5432	67,9716	8,5432	65,0317	8,5432	72,2885	8,5432	67,9123	8,5432	64,92	
8,70742	72,2499	8,70742	67,9716	8,70742	65,0321	8,70742	72,2857	8,70742	67,9137	8,70742	64,9201	
8,87238	72,2581	8,87238	67,9701	8,87238	65,0322	8,87238	72,291	8,87238	67,9121	8,87238	64,9199	
9,03907	72,2485	9,03907	67,9708	9,03907	65,032	9,03907	72,2871	9,03907	67,9131	9,03907	64,9197	
9,2033	72,2493	9,2033	67,9703	9,2033	65,0322	9,2033	72,2875	9,2033	67,9121	9,2033	64,9207	
9,3678	72,2486	9,3678	67,9702	9,3678	65,0319	9,3678	72,2819	9,3678	67,9133	9,3678	64,9194	
9,53123	72,2494	9,53123	67,9712	9,53123	65,0318	9,53123	72,2921	9,53123	67,9127	9,53123	64,92	
9,69495	72,2497	9,69495	67,9708	9,69495	65,0317	9,69495	72,2879	9,69495	67,9122	9,69495	64,9197	
9,8592	72,261	9,8592	67,9717	9,8592	65,0326	9,8592	72,2899	9,8592	67,9131	9,8592	64,9201	
10,0243	72,262	10,0243	67,9709	10,0243	65,0332	10,0243	72,292	10,0243	67,9125	10,0243	64,9198	
10,1888	72,2492	10,1888	67,9712	10,1888	65,0321	10,1888	72,2889	10,1888	67,9122	10,1888	64,9197	
10,3525	72,2481	10,3525	67,9715	10,3525	65,0321	10,3525	72,288	10,3525	67,9145	10,3525	64,9197	
10,516	72,2652	10,516	67,9727	10,516	65,0323	10,516	72,288	10,516	67,9146	10,516	64,9199	
10,6794	72,2498	10,6794	67,9718	10,6794	65,0322	10,6794	72,2848	10,6794	67,9151	10,6794	64,9199	
10,8445	72,2638	10,8445	67,9721	10,8445	65,0322	10,8445	72,29	10,8445	67,9143	10,8445	64,9197	
11,0084	72,2479	11,0084	67,9718	11,0084	65,0322	11,0084	72,2907	11,0084	67,9145	11,0084	64,9201	
11,1724	72,2499	11,1724	67,9724	11,1724	65,032	11,1724	72,286	11,1724	67,9148	11,1724	64,9197	
11,3362	72,2482	11,3362	67,9713	11,3362	65,0321	11,3362	72,2831	11,3362	67,9132	11,3362	64,9199	
11,5004	72,2613	11,5004	67,9717	11,5004	65,0321	11,5004	72,2871	11,5004	67,9154	11,5004	64,92	
11,6644	72,2517	11,6644	67,9711	11,6644	65,0322	11,6644	72,2865	11,6644	67,915	11,6644	64,9201	
11,8278	72,2638	11,8278	67,9711	11,8278	65,0325	11,8278	72,2914	11,8278	67,912	11,8278	64,9196	
11,9923	72,2498	11,9923	67,9716	11,9923	65,0325	11,9923	72,2887	11,9923	67,9128	11,9923	64,9203	
12,156	72,2499	12,156	67,9705	12,156	65,0321	12,156	72,2916	12,156	67,9157	12,156	64,9203	
12,3197	72,2496	12,3197	67,9718	12,3197	65,032	12,3197	72,2823	12,3197	67,9147	12,3197	64,9195	
12,4834	72,2503	12,4834	67,9711	12,4834	65,0318	12,4834	72,2844	12,4834	67,912	12,4834	64,9196	
12,6476	72,2498	12,6476	67,9706	12,6476	65,0321	12,6476	72,287	12,6476	67,9131	12,6476	64,9207	
12,8113	72,2507	12,8113	67,9717	12,8113	65,0322	12,8113	72,2909	12,8113	67,9127	12,8113	64,9206	
12,975	72,2499	12,975	67,9708	12,975	65,0326	12,975	72,2913	12,975	67,9126	12,975	64,9209	
13,1396	72,2484	13,1396	67,9717	13,1396	65,0322	13,1396	72,2913	13,1396	67,9133	13,1396	64,9201	
13,3036	72,2499	13,3036	67,9718	13,3036	65,0323	13,3036	72,291	13,3036	67,913	13,3036	64,9202	
13,4676	72,2571	13,4676	67,9702	13,4676	65,0322	13,4676	72,2935	13,4676	67,9117	13,4676	64,9196	
13,6318	72,2631	13,6318	67,9713	13,6318	65,0332	13,6318	72,2899	13,6318	67,9129	13,6318	64,9201	
13,7955	72,2508	13,7955	67,9723	13,7955	65,0319	13,7955	72,2889	13,7955	67,9142	13,7955	64,92	
13,96	72,2517	13,96	67,9725	13,96	65,0324	13,96	72,291	13,96	67,9142	13,96	64,92	
14,1238	72,2504	14,1238	67,9723	14,1238	65,0319	14,1238	72,2847	14,1238	67,9152	14,1238	64,9201	
14,2878	72,2472	14,2878	67,9714	14,2878	65,032	14,2878	72,2866	14,2878	67,9166	14,2878	64,9199	
14,4515	72,2495	14,4515	67,9718	14,4515	65,0325	14,4515	72,2909	14,4515	67,9148	14,4515	64,9202	
14,6157	72,2644	14,6157	67,9695	14,6157	65,0323	14,6157	72,2898	14,6157	67,9125	14,6157	64,9198	
14,7792	72,2499	14,7792	67,9725	14,7792	65,032	14,7792	72,2846	14,7792	67,914	14,7792	64,9201	
14,9428	72,2507	14,9428	67,972	14,9428	65,0321	14,9428	72,2909	14,9428	67,9151	14,9428	64,9198	
15,1068	72,2506	15,1068	67,9719	15,1068	65,0323	15,1068	72,2912	15,1068	67,9135	15,1068	64,9205	
15,2708	72,2496	15,2708	67,9705	15,2708	65,0322	15,2708	72,2892	15,2708	67,9125	15,2708	64,9206	
15,435	72,2493	15,435	67,9716	15,435	65,0318	15,435	72,2839	15,435	67,913	15,435	64,9201	
15,599	72,2621	15,599	67,9724	15,599	65,0326	15,599	72,2896	15,599	67,9123	15,599	64,9201	
15,7625	72,261	15,7625	67,9715	15,7625	65,0338	15,7625	72,2893	15,7625	67,9129	15,7625	64,9195	
15,9262	72,2492	15,9262	67,9721	15,9262	65,0321	15,9262	72,2885	15,9262	67,9134	15,9262	64,9201	
16,0902	72,2488	16,0902	67,9705	16,0902	65,0328	16,0902	72,2871	16,0902	67,9151	16,0902	64,9203	
16,2542	72,2516	16,2542	67,9719	16,2542	65,0323	16,2542	72,2912	16,2542	67,915	16,2542	64,9199	
16,4185	72,249	16,4185	67,9722	16,4185	65,0323	16,4185	72,2867	16,4185	67,9139	16,4185	64,92	
16,582	72,2514	16,582	67,9723	16,582	65,0322	16,582	72,2864	16,582	67,9163	16,582	64,92	
16,7456	72,25	16,7456	67,9728	16,7456	65,0319	16,7456	72,2851	16,7456	67,9124	16,7456	64,9202	
16,9093	72,2518	16,9093	67,9719	16,9093	65,0331	16,9093	72,2911	16,9093	67,9132	16,9093	64,9204	
17,073	72,2672	17,073	67,9745	17,073	65,035	17,073	72,2914	17,073	67,9166	17,073	64,9199	
17,2367	72,2537	17,2367	67,9752	17,2367	65,0346	17,2367	72,2865	17,2367	67,9129	17,2367	64,9201	
17,4007	72,2555	17,4007	67,9759	17,4007	65,0353	17,4007	72,2892	17,4007	67,913	17,4007	64,9211	
17,5647	72,2571	17,5647	67,9767	17,5647	65,0363	17,5647	72,287	17,5647	67,9156	17,5647	64,92	
17,7284	72,2625	17,7284	67,9764	17,7284	65,0376	17,7284	72,2883	17,7284	67,9132	17,7284	64,9212	
17,8927	72,2685	17,8927	67,976	17,8927	65,038	17,8927	72,2875	17,8927	67,9156	17,8927	64,9203	
18,0564	72,2548	18,0564	67,9779	18,0564	65,0367	18,0564	57,5073	18,0564	54,3418	18,0564	51,1688	
18,2201	72,2557	18,2201	67,9782	18,2201	65,0365	18,2201	49,8927	18,2201	46,4731	18,2201	43,9412	
18,3838	72,2559	18,3838	67,9773	18,3838	65,037	18,3838	72,4099	18,3838	67,9626	18,3838	64,937	
18,5483	72,2558	18,5483	67,9762	18,5483	65,036	18,5483	72,4125	18,5483	67,964	18,5483	64,9365	
18,7121	72,2656	18,7121	67,9748	18,7121	65,0373	18,7121	72,4099	18,7121	67,9617	18,7121	64,9362	
18,8758	72,2569	18,8758	67,977	18,8758	65,0359	18,8758	72,4167	18,8758	67,9616	18,8758	64,937	
19,0398	72,2526	19,0398	67,9773	19,0398	65,036	19,0398	66,7486	19,0398	66,8962	19,0398	64,9006	
19,2035	72,2581	19,2035	67,9778	19,2035	65,0364	19,2035	72,4148	19,2035	67,9613	19,2035	64,9365	
19,3677	72,2568	19,3677	67,9777	19,3677	65,0365	19,3677	72,413	19,3677	67,9635	19,3677	64,937	
19,5317	72,2575	19,5317	67,9767	19,5317	65,0374	19,5317	72,4174	19,5317	67,962	19,5317	64,9375	
19,6959	72,2556	19,6959	67,9786	19,6959	65,0376	19,6959	72,4111	19,6959	67,9641	19,6959	64,9374	
19,8596	72,257	19,8596	67,9775	19,8596	65,0372	19,8596	72,4111	19,8596	67,9636	19,8596	64,9372	
20,0233	72,2566	20,0233	67,9775	20,0233	65,0364	20,0233	72,4113	20,0233	67,9634	20,0233	64,9371	
20,1873	72,2584	20,1873	67,978	20,1873	65,0364	20,1873	72,413	20,1873	67,9645	20,1873	64,9371	
20,3514	72,2576	20,3514	67,9776	20,3514	65,0372	20,3514	72,4177	20,3514	67,9637	20,3514	64,9371	
20,5153	72,2573	20,5153	67,9779	20,5153	65,037	20,5153	72,4123	20,5153	67,9641	20,5153	64,9372	
20,6788	72,2567	20,6788	67,9781	20,6788	65,0366	20,6788	72,4092	20,6788	67,963	20,6788	64,9371	
20,8428	72,2568	20,8428	67,978	20,8428	65,0366	20,8428	72,4104	20,8428	67,9625	20,8428	64,9369	
21,0068	72,2571	21,0068	67,9787	21,0068	65,0374	21,0068	72,4163	21,0068	67,9639	21,0068	64,9369	
21,1707	72,2575	21,1707	67,9778	21,1707	65,0365	21,1707	72,4111	21,1707	67,9639	21,1707	64,9372	
21,3347	72,2576	21,3347	67,9782	21,3347	65,0374	21,3347	72,4155	21,3347	67,9635	21,3347	64,937	
21,4984	72,256	21,4984	67,9774	21,4984	65,0374	21,4984	72,4103	21,4984	67,9622	21,4984	64,9375	
21,6621	72,2566	21,6621	67,9785	21,6621	65,0367	21,6621	72,4116	21,6621	67,9628	21,6621	64,9371	
21,8258	72,2576	21,8258	67,9787	21,8258	65,0377	21,8258	72,4104	21,8258	67,9641	21,8258	64,9374	
21,9901	72,2564	21,9901	67,9777	21,9901	65,0378	21,9901	72,4106	21,9901	67,9633	21,9901	64,9371	
22,1541	72,2573	22,1541	67,9751	22,1541	65,0368	22,1541	72,4114	22,1541	67,9626	22,1541	64,9371	
22,3178	72,2569	22,3178	67,9782	22,3178	65,0377	22,3178	72,4103	22,3178	67,9631	22,3178	64,9369	
22,4822	72,2575	22,4822	67,9779	22,4822	65,0378	22,4822	72,4163	22,4822	67,9629	22,4822	64,9376	
22,6464	72,2587	22,6464	67,9778	22,6464	65,0375	22,6464	72,411	22,6464	67,9636	22,6464	64,9375	
22,8102	72,2588	22,8102	67,9787	22,8102	65,0375	22,8102	72,4105	22,8102	67,963	22,8102	64,9374	
22,9736	72,2566	22,9736	67,9787	22,9736	65,0375	22,9736	72,4097	22,9736	67,9637	22,9736	64,9375	
23,1379	72,2573	23,1379	67,9784	23,1379	65,0377	23,1379	72,4109	23,1379	67,9641	23,1379	64,9371	
23,3017	72,2583	23,3017	67,9779	23,3017	65,0378	23,3017	72,4116	23,3017	67,9627	23,3017	64,9374	
23,4654	72,2587	23,4654	67,978	23,4654	65,0367	23,4654	72,4116	23,4654	67,9626	23,4654	64,9372	
23,6294	72,256	23,6294	67,9784	23,6294	65,0365	23,6294	72,4103	23,6294	67,9621	23,6294	64,9368	
23,7936	72,2573	23,7936	67,9789	23,7936	65,0377	23,7936	72,4097	23,7936	67,9618	23,7936	64,937	
23,9576	72,2582	23,9576	67,9781	23,9576	65,0375	23,9576	72,4111	23,9576	67,9629	23,9576	64,9369	
24,1213	72,2586	24,1213	67,9778	24,1213	65,0366	24,1213	72,409	24,1213	67,9627	24,1213	64,9372	
24,2855	72,2653	24,2855	67,9777	24,2855	65,0378	24,2855	72,4101	24,2855	67,9622	24,2855	64,9371	
24,4498	72,2586	24,4498	67,9795	24,4498	65,0375	24,4498	72,411	24,4498	67,9627	24,4498	64,9371	
24,6135	72,2587	24,6135	67,9789	24,6135	65,037	24,6135	72,4112	24,6135	67,9635	24,6135	64,9371	
24,7779	72,2573	24,7779	67,9782	24,7779	65,0375	24,7779	72,4094	24,7779	67,9626	24,7779	64,9372	
24,9421	72,2568	24,9421	67,9779	24,9421	65,0373	24,9421	72,4089	24,9421	67,9629	24,9421	64,9372	
25,106	72,258	25,106	67,9766	25,106	65,0357	25,106	72,4097	25,106	67,9625	25,106	64,9369	
25,2707	72,2632	25,2707	67,9762	25,2707	65,0349	25,2707	72,4103	25,2707	67,964	25,2707	64,9372	
25,435	72,2534	25,435	67,9743	25,435	65,0342	25,435	72,4118	25,435	67,9637	25,435	64,9371	
25,5995	72,2509	25,5995	67,9739	25,5995	65,0331	25,5995	72,4103	25,5995	67,9622	25,5995	64,9371	
25,7637	72,2529	25,7637	67,9741	25,7637	65,0331	25,7637	72,4102	25,7637	67,9636	25,7637	64,9368	
25,928	72,2531	25,928	67,9735	25,928	65,0333	25,928	72,4147	25,928	67,9629	25,928	64,9371	
26,0928	72,2517	26,0928	67,9723	26,0928	65,0332	26,0928	72,4091	26,0928	67,9631	26,0928	64,9373	
26,2568	72,2527	26,2568	67,9744	26,2568	65,0333	26,2568	72,4133	26,2568	67,9641	26,2568	64,937	
26,4209	72,2526	26,4209	67,9731	26,4209	65,0333	26,4209	72,4093	26,4209	67,963	26,4209	64,9374	
26,5851	72,2523	26,5851	67,9739	26,5851	65,0338	26,5851	72,4093	26,5851	67,9631	26,5851	64,937	
26,749	72,2519	26,749	67,9736	26,749	65,0331	26,749	72,4102	26,749	67,9636	26,749	64,9366	
26,9135	72,2591	26,9135	67,9731	26,9135	65,0334	26,9135	72,408	26,9135	67,9613	26,9135	64,9373	
27,0775	72,2535	27,0775	67,9741	27,0775	65,0335	27,0775	72,4078	27,0775	67,962	27,0775	64,9373	
27,2423	72,2541	27,2423	67,9743	27,2423	65,0333	27,2423	72,4099	27,2423	67,9633	27,2423	64,9372	
27,4066	72,2543	27,4066	67,973	27,4066	65,0333	27,4066	72,4103	27,4066	67,9614	27,4066	64,9371	
27,5711	72,253	27,5711	67,9741	27,5711	65,033	27,5711	72,4113	27,5711	67,9636	27,5711	64,9373	
27,7359	72,2515	27,7359	67,9739	27,7359	65,0329	27,7359	72,4108	27,7359	67,9636	27,7359	64,9372	
27,9007	72,2525	27,9007	67,9743	27,9007	65,0335	27,9007	72,4113	27,9007	67,9634	27,9007	64,9374	
28,0644	72,2533	28,0644	67,9745	28,0644	65,0335	28,0644	72,4113	28,0644	67,9645	28,0644	64,9372	
28,2289	72,2527	28,2289	67,9742	28,2289	65,0331	28,2289	72,4105	28,2289	67,9632	28,2289	64,9372	
28,3923	72,2535	28,3923	67,9733	28,3923	65,0331	28,3923	72,4085	28,3923	67,9628	28,3923	64,9369	
28,5557	72,2536	28,5557	67,9735	28,5557	65,0337	28,5557	72,4094	28,5557	67,963	28,5557	64,9372	
28,7204	72,2524	28,7204	67,9743	28,7204	65,0331	28,7204	72,4155	28,7204	67,9635	28,7204	64,9369	
28,8841	72,2504	28,8841	67,9744	28,8841	65,0337	28,8841	72,4115	28,8841	67,9644	28,8841	64,9372	
29,0478	72,2537	29,0478	67,973	29,0478	65,0336	29,0478	72,41	29,0478	67,9622	29,0478	64,937	
29,2118	72,2534	29,2118	67,9734	29,2118	65,0337	29,2118	72,4099	29,2118	67,9635	29,2118	64,9374	
29,3755	72,2536	29,3755	67,9741	29,3755	65,0336	29,3755	72,4096	29,3755	67,9624	29,3755	64,9372	
29,5395	72,2538	29,5395	67,9743	29,5395	65,0332	29,5395	72,4087	29,5395	67,9618	29,5395	64,9373	
29,7035	72,2668	29,7035	67,9739	29,7035	65,0337	29,7035	72,4092	29,7035	67,9621	29,7035	64,9371	
29,8669	72,2514	29,8669	67,9746	29,8669	65,0336	29,8669	72,4109	29,8669	67,9617	29,8669	64,9373	
30,0312	72,2528	30,0312	67,9742	30,0312	65,0337	30,0312	72,4062	30,0312	67,9632	30,0312	64,9371	
30,1948	72,2518	30,1948	67,9744	30,1948	65,0333	30,1948	72,4095	30,1948	67,9635	30,1948	64,9375	
30,3588	72,2521	30,3588	67,9737	30,3588	65,0334	30,3588	72,4091	30,3588	67,9631	30,3588	64,9366	
30,5233	72,2524	30,5233	67,9744	30,5233	65,0336	30,5233	72,4117	30,5233	67,9629	30,5233	64,9377	
30,6881	72,2526	30,6881	67,9742	30,6881	65,034	30,6881	72,4153	30,6881	67,9639	30,6881	64,937	
30,8523	72,254	30,8523	67,9741	30,8523	65,0329	30,8523	72,4159	30,8523	67,964	30,8523	64,9372	
31,0163	72,2506	31,0163	67,9733	31,0163	65,0336	31,0163	72,4096	31,0163	67,9617	31,0163	64,9377	
31,1817	72,2649	31,1817	67,9735	31,1817	65,0335	31,1817	72,4097	31,1817	67,9636	31,1817	64,9373	
31,3459	72,2532	31,3459	67,9737	31,3459	65,0339	31,3459	72,4111	31,3459	67,9619	31,3459	64,9376	
31,5105	72,2539	31,5105	67,9739	31,5105	65,0329	31,5105	72,4093	31,5105	67,9631	31,5105	64,9374	
31,6747	72,2533	31,6747	67,9743	31,6747	65,0334	31,6747	72,411	31,6747	67,9622	31,6747	64,9374	
31,8389	72,2531	31,8389	67,9743	31,8389	65,0339	31,8389	72,4103	31,8389	67,9636	31,8389	64,9378	
32,0034	72,2536	32,0034	67,9745	32,0034	65,0343	32,0034	72,4077	32,0034	67,9628	32,0034	64,9377	
32,1676	72,2517	32,1676	67,9754	32,1676	65,0336	32,1676	72,4102	32,1676	67,9614	32,1676	64,9376	
32,3327	72,2538	32,3327	67,9743	32,3327	65,0335	32,3327	72,4107	32,3327	67,9621	32,3327	64,9376	
32,4969	72,2527	32,4969	67,9738	32,4969	65,0337	32,4969	72,4112	32,4969	67,9631	32,4969	64,9374	
32,6604	72,2539	32,6604	67,9732	32,6604	65,0337	32,6604	72,4093	32,6604	67,9618	32,6604	64,9376	
32,8241	72,2517	32,8241	67,9743	32,8241	65,034	32,8241	72,416	32,8241	67,9635	32,8241	64,9377	
32,9883	72,2524	32,9883	67,9737	32,9883	65,0333	32,9883	72,4101	32,9883	67,9616	32,9883	64,9375	
33,1529	72,2535	33,1529	67,974	33,1529	65,0335	33,1529	72,4149	33,1529	67,9627	33,1529	64,9372	
33,3168	72,255	33,3168	67,975	33,3168	65,0332	33,3168	72,4108	33,3168	67,9631	33,3168	64,9377	
33,4805	72,2542	33,4805	67,9732	33,4805	65,0339	33,4805	72,4142	33,4805	67,9625	33,4805	64,9371	
33,6445	72,253	33,6445	67,9738	33,6445	65,0335	33,6445	72,411	33,6445	67,9641	33,6445	64,9374	
33,809	72,2539	33,809	67,9738	33,809	65,0334	33,809	72,4087	33,809	67,9631	33,809	64,937	
33,9746	72,2545	33,9746	67,9742	33,9746	65,0333	33,9746	72,4118	33,9746	67,964	33,9746	64,937	
34,1394	72,2532	34,1394	67,9753	34,1394	65,0337	34,1394	72,4087	34,1394	67,9632	34,1394	64,9377	
34,3029	72,2654	34,3029	67,9747	34,3029	65,0342	34,3029	72,4113	34,3029	67,9641	34,3029	64,9375	
34,4671	72,2542	34,4671	67,9738	34,4671	65,0336	34,4671	72,4102	34,4671	67,9632	34,4671	64,9375	
34,6306	72,2532	34,6306	67,9746	34,6306	65,0338	34,6306	72,4151	34,6306	67,9637	34,6306	64,9375	
34,7945	72,2522	34,7945	67,9741	34,7945	65,0334	34,7945	72,4113	34,7945	67,9645	34,7945	64,9373	
34,9579	72,2529	34,9579	67,974	34,9579	65,0337	34,9579	72,4098	34,9579	67,9629	34,9579	64,9374	
35,1222	72,2543	35,1222	67,9738	35,1222	65,0337	35,1222	72,41	35,1222	67,9631	35,1222	64,9374	
35,2864	72,2526	35,2864	67,9748	35,2864	65,0331	35,2864	72,4101	35,2864	67,9639	35,2864	64,9374	
35,4509	72,2533	35,4509	67,9736	35,4509	65,0335	35,4509	72,4118	35,4509	67,9641	35,4509	64,9374	
35,6154	72,2527	35,6154	67,9747	35,6154	65,0333	35,6154	72,4118	35,6154	67,9621	35,6154	64,937	
35,7794	72,2526	35,7794	67,9744	35,7794	65,0336	35,7794	72,4108	35,7794	67,9632	35,7794	64,9375	
35,9436	72,2523	35,9436	67,9741	35,9436	65,0334	35,9436	72,4097	35,9436	67,9636	35,9436	64,9375	
36,1081	72,2544	36,1081	67,9753	36,1081	65,034	36,1081	72,4083	36,1081	67,965	36,1081	64,9379	
36,2724	72,2545	36,2724	67,9746	36,2724	65,0333	36,2724	72,4105	36,2724	67,9639	36,2724	64,9377	
36,4369	72,2545	36,4369	67,9747	36,4369	65,0337	36,4369	72,4127	36,4369	67,963	36,4369	64,9375	
36,6008	72,2651	36,6008	67,9744	36,6008	65,0337	36,6008	72,4165	36,6008	67,964	36,6008	64,9377	
36,7657	72,2532	36,7657	67,9741	36,7657	65,034	36,7657	72,4162	36,7657	67,9645	36,7657	64,9375	
36,9304	72,2544	36,9304	67,9747	36,9304	65,0343	36,9304	72,4122	36,9304	67,9623	36,9304	64,9377	
37,0942	72,2542	37,0942	67,9747	37,0942	65,0337	37,0942	72,4114	37,0942	67,9637	37,0942	64,938	
37,2584	72,2638	37,2584	67,9749	37,2584	65,0332	37,2584	72,41	37,2584	67,9625	37,2584	64,9374	
37,4224	72,2536	37,4224	67,974	37,4224	65,0334	37,4224	72,4107	37,4224	67,9641	37,4224	64,9371	
37,5874	72,255	37,5874	67,9731	37,5874	65,0336	37,5874	72,4112	37,5874	67,9621	37,5874	64,9376	
37,7517	72,2533	37,7517	67,9741	37,7517	65,0336	37,7517	72,41	37,7517	67,9638	37,7517	64,9375	
37,9157	72,2542	37,9157	67,9748	37,9157	65,0334	37,9157	72,4116	37,9157	67,9629	37,9157	64,938	
38,0797	72,2541	38,0797	67,975	38,0797	65,0337	38,0797	72,4118	38,0797	67,9635	38,0797	64,9378	
38,2434	72,2539	38,2434	67,9739	38,2434	65,0332	38,2434	72,411	38,2434	67,9638	38,2434	64,9374	
38,4079	72,2529	38,4079	67,9755	38,4079	65,034	38,4079	72,4119	38,4079	67,9641	38,4079	64,938	
38,5724	72,2543	38,5724	67,9759	38,5724	65,0338	38,5724	72,4115	38,5724	67,964	38,5724	64,9375	
38,7364	72,2627	38,7364	67,9746	38,7364	65,0335	38,7364	72,4107	38,7364	67,9644	38,7364	64,9376	
38,9007	72,2616	38,9007	67,9752	38,9007	65,0339	38,9007	72,4106	38,9007	67,9643	38,9007	64,9377	
39,0649	72,2549	39,0649	67,9757	39,0649	65,034	39,0649	72,4119	39,0649	67,9638	39,0649	64,9377	
39,2291	72,2555	39,2291	67,9748	39,2291	65,0339	39,2291	72,4123	39,2291	67,9642	39,2291	64,9381	
39,3931	72,2553	39,3931	67,9749	39,3931	65,0344	39,3931	72,4118	39,3931	67,9627	39,3931	64,9374	
39,5582	72,2557	39,5582	67,9749	39,5582	65,0338	39,5582	72,4103	39,5582	67,9628	39,5582	64,9374	
39,7216	72,2555	39,7216	67,9741	39,7216	65,0341	39,7216	72,4084	39,7216	67,9641	39,7216	64,938	
39,8864	72,2551	39,8864	67,9747	39,8864	65,034	39,8864	72,4158	39,8864	67,9644	39,8864	64,938	
40,0512	72,2627	40,0512	67,9749	40,0512	65,0338	40,0512	72,411	40,0512	67,9641	40,0512	64,9375	
40,2154	72,2547	40,2154	67,9756	40,2154	65,0336	40,2154	72,4112	40,2154	67,9638	40,2154	64,938	
40,3791	72,2554	40,3791	67,9742	40,3791	65,0335	40,3791	72,412	40,3791	67,9649	40,3791	64,9375	
40,5431	72,2554	40,5431	67,9735	40,5431	65,0337	40,5431	72,4112	40,5431	67,9644	40,5431	64,9376	
40,7079	72,2548	40,7079	67,9751	40,7079	65,0336	40,7079	72,4111	40,7079	67,9639	40,7079	64,9377	
40,8726	72,2653	40,8726	67,9754	40,8726	65,0338	40,8726	72,4123	40,8726	67,9647	40,8726	64,9377	
41,0374	72,2551	41,0374	67,9749	41,0374	65,0339	41,0374	72,4109	41,0374	67,9627	41,0374	64,9382	
41,2011	72,2532	41,2011	67,976	41,2011	65,034	41,2011	72,4109	41,2011	67,9638	41,2011	64,9379	
41,3646	72,2663	41,3646	67,9753	41,3646	65,0337	41,3646	72,4105	41,3646	67,9646	41,3646	64,938	
41,5285	72,2542	41,5285	67,9747	41,5285	65,0342	41,5285	72,4116	41,5285	67,9645	41,5285	64,9381	
41,6931	72,2563	41,6931	67,9758	41,6931	65,0338	41,6931	72,4118	41,6931	67,965	41,6931	64,9381	
41,8584	72,2536	41,8584	67,9755	41,8584	65,0338	41,8584	72,4129	41,8584	67,9645	41,8584	64,938	
42,0229	72,2566	42,0229	67,9743	42,0229	65,0335	42,0229	72,4114	42,0229	67,9638	42,0229	64,9377	
42,1866	72,2548	42,1866	67,9744	42,1866	65,0339	42,1866	72,4156	42,1866	67,965	42,1866	64,9375	
42,3514	72,2551	42,3514	67,9743	42,3514	65,0333	42,3514	72,4123	42,3514	67,9621	42,3514	64,9379	
42,5159	72,2553	42,5159	67,9756	42,5159	65,0339	42,5159	72,4117	42,5159	67,9651	42,5159	64,9381	
42,6802	72,2555	42,6802	67,9758	42,6802	65,0339	42,6802	72,4125	42,6802	67,9632	42,6802	64,9378	
42,8453	72,2544	42,8453	67,9744	42,8453	65,0339	42,8453	72,4119	42,8453	67,9644	42,8453	64,9376	
43,0096	72,2552	43,0096	67,9749	43,0096	65,0343	43,0096	72,4109	43,0096	67,9637	43,0096	64,9379	
43,1733	72,2564	43,1733	67,976	43,1733	65,0341	43,1733	72,416	43,1733	67,9643	43,1733	64,9379	
43,3378	72,2566	43,3378	67,9756	43,3378	65,0334	43,3378	72,4122	43,3378	67,9642	43,3378	64,9379	
43,5023	72,2536	43,5023	67,9757	43,5023	65,0341	43,5023	72,4112	43,5023	67,9647	43,5023	64,938	
43,6674	72,2558	43,6674	67,9752	43,6674	65,034	43,6674	72,4166	43,6674	67,9643	43,6674	64,9375	
43,8308	72,2567	43,8308	67,9756	43,8308	65,0339	43,8308	72,4174	43,8308	67,9645	43,8308	64,938	
43,9948	72,2626	43,9948	67,9756	43,9948	65,0341	43,9948	72,4114	43,9948	67,9649	43,9948	64,9382	
44,159	72,2557	44,159	67,9757	44,159	65,0338	44,159	72,4104	44,159	67,9656	44,159	64,9382	
44,3241	72,2565	44,3241	67,976	44,3241	65,0337	44,3241	72,4116	44,3241	67,9656	44,3241	64,9381	
44,4875	72,2512	44,4875	67,9747	44,4875	65,0343	44,4875	72,4182	44,4875	67,9658	44,4875	64,9382	
44,6518	72,2628	44,6518	67,9756	44,6518	65,0338	44,6518	72,4115	44,6518	67,9651	44,6518	64,9376	
44,816	72,2546	44,816	67,9761	44,816	65,0339	44,816	72,4113	44,816	67,9647	44,816	64,9379	
44,9819	72,2573	44,9819	67,9746	44,9819	65,0337	44,9819	72,4182	44,9819	67,964	44,9819	64,9384	
45,1459	72,2557	45,1459	67,9745	45,1459	65,034	45,1459	72,4155	45,1459	67,9636	45,1459	64,938	
45,3109	72,2552	45,3109	67,9758	45,3109	65,034	45,3109	72,4131	45,3109	67,9644	45,3109	64,9379	
45,4746	72,254	45,4746	67,9745	45,4746	65,0339	45,4746	72,4114	45,4746	67,9648	45,4746	64,9384	
45,6383	72,2561	45,6383	67,9755	45,6383	65,034	45,6383	72,4113	45,6383	67,965	45,6383	64,9381	
45,8036	72,2559	45,8036	67,9757	45,8036	65,0344	45,8036	72,4118	45,8036	67,9648	45,8036	64,9381	
45,9671	72,267	45,9671	67,9759	45,9671	65,0338	45,9671	72,4137	45,9671	67,9643	45,9671	64,9381	
46,1311	72,2572	46,1311	67,9752	46,1311	65,0342	46,1311	72,4122	46,1311	67,9649	46,1311	64,9378	
46,295	72,2554	46,295	67,9748	46,295	65,0342	46,295	72,4128	46,295	67,9644	46,295	64,9384	
46,459	72,2642	46,459	67,9758	46,459	65,0339	46,459	72,4117	46,459	67,9653	46,459	64,9375	
46,6232	72,2563	46,6232	67,9754	46,6232	65,0341	46,6232	72,4182	46,6232	67,9646	46,6232	64,9381	
46,7869	72,2568	46,7869	67,9763	46,7869	65,0342	46,7869	72,4128	46,7869	67,9653	46,7869	64,9386	
46,9509	72,2553	46,9509	67,9758	46,9509	65,0339	46,9509	72,4119	46,9509	67,9651	46,9509	64,938	
47,1149	72,2654	47,1149	67,9759	47,1149	65,0338	47,1149	72,4112	47,1149	67,9656	47,1149	64,9382	
47,2792	72,2557	47,2792	67,9762	47,2792	65,0339	47,2792	72,4133	47,2792	67,9646	47,2792	64,9383	
47,4431	72,2541	47,4431	67,9758	47,4431	65,0337	47,4431	72,4136	47,4431	67,9647	47,4431	64,9377	
47,608	72,2566	47,608	67,9765	47,608	65,0337	47,608	72,4114	47,608	67,9661	47,608	64,9382	
47,7717	72,2578	47,7717	67,9749	47,7717	65,0336	47,7717	72,4128	47,7717	67,9659	47,7717	64,9385	
47,9353	72,2563	47,9353	67,975	47,9353	65,0338	47,9353	72,4126	47,9353	67,9654	47,9353	64,9384	
48,0993	72,2639	48,0993	67,9744	48,0993	65,0339	48,0993	72,4124	48,0993	67,9655	48,0993	64,938	
48,2633	72,2559	48,2633	67,9761	48,2633	65,0335	48,2633	72,4135	48,2633	67,965	48,2633	64,9378	
48,4271	72,2551	48,4271	67,9746	48,4271	65,0336	48,4271	72,4123	48,4271	67,9645	48,4271	64,9381	
48,591	72,2696	48,591	67,9752	48,591	65,0339	48,591	72,4101	48,591	67,9644	48,591	64,9374	
48,7547	72,2548	48,7547	67,9755	48,7547	65,0338	48,7547	72,411	48,7547	67,9655	48,7547	64,9382	
48,9184	72,261	48,9184	67,9757	48,9184	65,034	48,9184	72,4124	48,9184	67,9649	48,9184	64,9384	
49,0824	72,253	49,0824	67,975	49,0824	65,034	49,0824	72,4134	49,0824	67,9659	49,0824	64,9382	
49,2462	72,2561	49,2462	67,9759	49,2462	65,0338	49,2462	72,4166	49,2462	67,9656	49,2462	64,9383	
49,4104	72,2569	49,4104	67,9766	49,4104	65,0344	49,4104	72,4163	49,4104	67,9649	49,4104	64,9381	
49,5747	72,2563	49,5747	67,9757	49,5747	65,0339	49,5747	72,4194	49,5747	67,9643	49,5747	64,9379	
49,7389	72,263	49,7389	67,9761	49,7389	65,0336	49,7389	72,4127	49,7389	67,9635	49,7389	64,9382	
49,9031	72,2572	49,9031	67,9753	49,9031	65,0344	49,9031	72,4107	49,9031	67,9656	49,9031	64,9381	
50,0674	72,2559	50,0674	67,9755	50,0674	65,0337	50,0674	72,4136	50,0674	67,9646	50,0674	64,9384	
50,2314	72,256	50,2314	67,9754	50,2314	65,0335	50,2314	72,4116	50,2314	67,9647	50,2314	64,9381	
50,3959	72,2555	50,3959	67,976	50,3959	65,0337	50,3959	72,4127	50,3959	67,9645	50,3959	64,9383	
50,5597	72,2566	50,5597	67,9754	50,5597	65,034	50,5597	72,4126	50,5597	67,9653	50,5597	64,9383	
50,7242	72,2571	50,7242	67,9756	50,7242	65,0341	50,7242	72,4128	50,7242	67,9654	50,7242	64,9378	
50,8887	72,2697	50,8887	67,976	50,8887	65,0346	50,8887	72,4118	50,8887	67,9637	50,8887	64,9385	
51,0531	72,2578	51,0531	67,9757	51,0531	65,034	51,0531	72,4114	51,0531	67,9635	51,0531	64,9385	
51,2173	72,2572	51,2173	67,9761	51,2173	65,0343	51,2173	72,4126	51,2173	67,9651	51,2173	64,9381	
51,3816	72,2564	51,3816	67,9763	51,3816	65,034	51,3816	72,4142	51,3816	67,9639	51,3816	64,9384	
51,5465	72,2576	51,5465	67,9758	51,5465	65,0346	51,5465	72,4144	51,5465	67,9654	51,5465	64,9382	
51,7104	72,2562	51,7104	67,9766	51,7104	65,0341	51,7104	72,419	51,7104	67,9654	51,7104	64,9383	
51,875	72,2712	51,875	67,9745	51,875	65,0343	51,875	72,4111	51,875	67,9651	51,875	64,9381	
52,0387	72,2566	52,0387	67,9758	52,0387	65,0343	52,0387	72,4119	52,0387	67,9653	52,0387	64,9386	
52,2024	72,2564	52,2024	67,9755	52,2024	65,0343	52,2024	72,413	52,2024	67,9651	52,2024	64,9383	
52,3669	72,2566	52,3669	67,9758	52,3669	65,0339	52,3669	72,4145	52,3669	67,9652	52,3669	64,938	
52,5309	72,2563	52,5309	67,9752	52,5309	65,0344	52,5309	72,4132	52,5309	67,9661	52,5309	64,9384	
52,6954	72,2564	52,6954	67,9763	52,6954	65,0344	52,6954	72,4183	52,6954	67,9652	52,6954	64,9381	
52,8594	72,257	52,8594	67,9756	52,8594	65,034	52,8594	72,4156	52,8594	67,9651	52,8594	64,9383	
53,0242	72,2569	53,0242	67,9759	53,0242	65,0339	53,0242	72,4186	53,0242	67,9648	53,0242	64,938	
53,1885	72,2572	53,1885	67,9754	53,1885	65,0356	53,1885	72,4128	53,1885	67,9646	53,1885	64,9382	
53,3522	72,2552	53,3522	67,9766	53,3522	65,0341	53,3522	72,4123	53,3522	67,9664	53,3522	64,9384	
53,5167	72,2579	53,5167	67,9754	53,5167	65,0339	53,5167	72,4138	53,5167	67,9643	53,5167	64,9386	
53,6812	72,2563	53,6812	67,9756	53,6812	65,0337	53,6812	72,4138	53,6812	67,9655	53,6812	64,938	
53,8452	72,2673	53,8452	67,9765	53,8452	65,0342	53,8452	72,4132	53,8452	67,966	53,8452	64,9383	
54,0097	72,2542	54,0097	67,9765	54,0097	65,0339	54,0097	72,4137	54,0097	67,9663	54,0097	64,9385	
54,174	72,2571	54,174	67,9761	54,174	65,034	54,174	72,4122	54,174	67,9662	54,174	64,9381	
54,3382	72,2567	54,3382	67,9764	54,3382	65,034	54,3382	72,4136	54,3382	67,9642	54,3382	64,9381	
54,5025	72,2561	54,5025	67,9762	54,5025	65,0343	54,5025	72,4158	54,5025	67,9657	54,5025	64,9386	
54,6665	72,2584	54,6665	67,9763	54,6665	65,0342	54,6665	72,4143	54,6665	67,964	54,6665	64,9383	
54,8305	72,2638	54,8305	67,9753	54,8305	65,0342	54,8305	72,4133	54,8305	67,9653	54,8305	64,9384	
54,9947	72,257	54,9947	67,9767	54,9947	65,0346	54,9947	72,4128	54,9947	67,9652	54,9947	64,9381	
55,1592	72,2569	55,1592	67,9762	55,1592	65,0343	55,1592	72,4135	55,1592	67,9652	55,1592	64,9384	
55,3232	72,258	55,3232	67,9762	55,3232	65,0346	55,3232	72,4123	55,3232	67,9661	55,3232	64,9383	
55,4875	72,2567	55,4875	67,9764	55,4875	65,0339	55,4875	72,4118	55,4875	67,966	55,4875	64,9383	
55,6515	72,2675	55,6515	67,9761	55,6515	65,0338	55,6515	72,4145	55,6515	67,9657	55,6515	64,9382	
55,8158	72,256	55,8158	67,9754	55,8158	65,0344	55,8158	72,4141	55,8158	67,9651	55,8158	64,9387	
55,9806	72,2654	55,9806	67,9761	55,9806	65,0343	55,9806	72,4139	55,9806	67,9648	55,9806	64,9382	
56,1448	72,2572	56,1448	67,9763	56,1448	65,0345	56,1448	72,413	56,1448	67,9656	56,1448	64,938	
56,3085	72,2562	56,3085	67,9758	56,3085	65,0342	56,3085	72,4143	56,3085	67,9666	56,3085	64,9384	
56,4719	72,2676	56,4719	67,9755	56,4719	65,0346	56,4719	72,4193	56,4719	67,9647	56,4719	64,9386	
56,6357	72,2581	56,6357	67,9767	56,6357	65,0343	56,6357	72,4143	56,6357	67,9657	56,6357	64,9382	
56,7994	72,2692	56,7994	67,9767	56,7994	65,0339	56,7994	72,4127	56,7994	67,9654	56,7994	64,9384	
56,9633	72,2571	56,9633	67,9762	56,9633	65,034	56,9633	72,4131	56,9633	67,9658	56,9633	64,9382	
57,1279	72,2568	57,1279	67,9759	57,1279	65,0345	57,1279	72,4178	57,1279	67,9659	57,1279	64,9383	
57,2916	72,2569	57,2916	67,9762	57,2916	65,0344	57,2916	72,4152	57,2916	67,9647	57,2916	64,9389	
57,4559	72,2576	57,4559	67,9765	57,4559	65,0345	57,4559	72,4147	57,4559	67,9663	57,4559	64,9391	
57,6204	72,2579	57,6204	67,9777	57,6204	65,0347	57,6204	72,4187	57,6204	67,9648	57,6204	64,9388	
57,7842	72,2542	57,7842	67,9763	57,7842	65,0342	57,7842	72,4209	57,7842	67,9653	57,7842	64,9385	
57,9481	72,2679	57,9481	67,9767	57,9481	65,0344	57,9481	72,4141	57,9481	67,9644	57,9481	64,9388	
58,1124	72,2574	58,1124	67,9761	58,1124	65,034	58,1124	72,4196	58,1124	67,9664	58,1124	64,9381	
58,2758	72,2641	58,2758	67,9759	58,2758	65,0343	58,2758	72,4195	58,2758	67,9654	58,2758	64,9388	
58,4395	72,2573	58,4395	67,9757	58,4395	65,0342	58,4395	72,4135	58,4395	67,9652	58,4395	64,9387	
58,6032	72,2564	58,6032	67,9759	58,6032	65,034	58,6032	72,4142	58,6032	67,9656	58,6032	64,9382	
58,768	72,2565	58,768	67,9771	58,768	65,0343	58,768	72,4184	58,768	67,9642	58,768	64,9384	
58,9322	72,2572	58,9322	67,9769	58,9322	65,0343	58,9322	72,4137	58,9322	67,966	58,9322	64,9388	
59,0962	72,2608	59,0962	67,9763	59,0962	65,0348	59,0962	72,4198	59,0962	67,9655	59,0962	64,9388	
59,2602	72,2575	59,2602	67,9762	59,2602	65,0345	59,2602	72,4132	59,2602	67,9641	59,2602	64,9383	
59,4247	72,2575	59,4247	67,9768	59,4247	65,0344	59,4247	72,42	59,4247	67,9664	59,4247	64,9385	
59,5889	72,2586	59,5889	67,9766	59,5889	65,0346	59,5889	72,4145	59,5889	67,9655	59,5889	64,9389	
59,7529	72,2576	59,7529	67,9766	59,7529	65,035	59,7529	72,4183	59,7529	67,9662	59,7529	64,9386	
59,9169	72,257	59,9169	67,9759	59,9169	65,0339	59,9169	72,4132	59,9169	67,9652	59,9169	64,9388	
60,0806	72,2553	60,0806	67,9768	60,0806	65,0343	60,0806	72,4145	60,0806	67,9665	60,0806	64,9384	
60,2451	72,2578	60,2451	67,9772	60,2451	65,0342	60,2451	72,4156	60,2451	67,9664	60,2451	64,9384	
60,4104	72,2582	60,4104	67,9773	60,4104	65,0344	60,4104	72,4157	60,4104	67,966	60,4104	64,9384	
60,5744	72,2569	60,5744	67,9766	60,5744	65,0345	60,5744	72,4131	60,5744	67,9654	60,5744	64,9383	
60,7381	72,2585	60,7381	67,9763	60,7381	65,0344	60,7381	72,414	60,7381	67,9656	60,7381	64,9389	
60,9018	72,2588	60,9018	67,9766	60,9018	65,034	60,9018	72,4136	60,9018	67,9657	60,9018	64,9382	
61,0655	72,2575	61,0655	67,9763	61,0655	65,0367	61,0655	72,415	61,0655	67,9538	61,0655	64,9151	
61,2296	72,2545	61,2296	67,9745	61,2296	65,0326	61,2296	72,4283	61,2296	67,9518	61,2296	64,9391	
61,3947	72,2553	61,3947	67,973	61,3947	65,0322	61,3947	72,4344	61,3947	67,9701	61,3947	64,9412	
61,5587	72,2609	61,5587	67,9742	61,5587	65,0324	61,5587	72,3651	61,5587	67,9425	61,5587	64,8846	
61,7229	72,2548	61,7229	67,9751	61,7229	65,0325	61,7229	72,4129	61,7229	67,9651	61,7229	64,9372	
61,8871	72,2563	61,8871	67,9752	61,8871	65,033	61,8871	72,4131	61,8871	67,9634	61,8871	64,9375	
62,0505	72,2549	62,0505	67,9749	62,0505	65,0338	62,0505	72,4141	62,0505	67,9641	62,0505	64,9378	
62,2148	72,2537	62,2148	67,976	62,2148	65,0337	62,2148	72,4188	62,2148	67,9644	62,2148	64,9379	
62,3783	72,2577	62,3783	67,9747	62,3783	65,0337	62,3783	72,4127	62,3783	67,9646	62,3783	64,9376	
62,542	72,2568	62,542	67,976	62,542	65,0334	62,542	72,4177	62,542	67,965	62,542	64,9379	
62,7057	72,2549	62,7057	67,9758	62,7057	65,0338	62,7057	72,4129	62,7057	67,9649	62,7057	64,9379	
62,8697	72,26	62,8697	67,9766	62,8697	65,0338	62,8697	72,4192	62,8697	67,9643	62,8697	64,9381	
63,0337	72,2566	63,0337	67,9765	63,0337	65,0342	63,0337	72,4136	63,0337	67,9652	63,0337	64,9384	
63,1971	72,2573	63,1971	67,9768	63,1971	65,034	63,1971	72,4131	63,1971	67,9663	63,1971	64,9382	
63,3606	72,257	63,3606	67,9766	63,3606	65,0344	63,3606	72,4128	63,3606	67,966	63,3606	64,9386	
63,5243	72,2586	63,5243	67,9757	63,5243	65,0341	63,5243	72,4147	63,5243	67,9644	63,5243	64,938	
63,6883	72,257	63,6883	67,9771	63,6883	65,0344	63,6883	72,4136	63,6883	67,9657	63,6883	64,9385	
63,8522	72,2571	63,8522	67,9775	63,8522	65,0337	63,8522	72,4202	63,8522	67,966	63,8522	64,9388	
64,0159	72,2583	64,0159	67,9764	64,0159	65,0344	64,0159	72,4141	64,0159	67,9657	64,0159	64,9385	
64,1799	72,2581	64,1799	67,9764	64,1799	65,0346	64,1799	72,4137	64,1799	67,9655	64,1799	64,9388	
64,3434	72,2576	64,3434	67,9767	64,3434	65,0341	64,3434	72,4185	64,3434	67,9648	64,3434	64,9384	
64,507	72,2722	64,507	67,977	64,507	65,0341	64,507	72,4165	64,507	67,9663	64,507	64,9387	
64,6705	72,2725	64,6705	67,9758	64,6705	65,0341	64,6705	72,4145	64,6705	67,967	64,6705	64,9385	
64,8345	72,2564	64,8345	67,9764	64,8345	65,0344	64,8345	72,4167	64,8345	67,9643	64,8345	64,9384	
64,9983	72,258	64,9983	67,9769	64,9983	65,0348	64,9983	72,4145	64,9983	67,9661	64,9983	64,9389	
65,1619	72,2577	65,1619	67,9766	65,1619	65,0344	65,1619	72,4146	65,1619	67,9662	65,1619	64,9391	
65,3259	72,2656	65,3259	67,9768	65,3259	65,0347	65,3259	72,42	65,3259	67,9654	65,3259	64,9388	
65,4899	72,2582	65,4899	67,9766	65,4899	65,0344	65,4899	72,4105	65,4899	67,9644	65,4899	64,9386	
65,6542	72,259	65,6542	67,9761	65,6542	65,0346	65,6542	72,4206	65,6542	67,9658	65,6542	64,9388	
65,8182	72,2573	65,8182	67,977	65,8182	65,0347	65,8182	72,4141	65,8182	67,966	65,8182	64,9384	
65,9819	72,2566	65,9819	67,9766	65,9819	65,0344	65,9819	72,4139	65,9819	67,9653	65,9819	64,9387	
66,1461	72,2587	66,1461	67,9783	66,1461	65,0343	66,1461	72,4192	66,1461	67,9661	66,1461	64,9394	
66,3095	72,2574	66,3095	67,9769	66,3095	65,0343	66,3095	72,4204	66,3095	67,9645	66,3095	64,9385	
66,4735	72,2582	66,4735	67,9761	66,4735	65,0345	66,4735	72,4192	66,4735	67,9662	66,4735	64,9387	
66,6373	72,2582	66,6373	67,9774	66,6373	65,0347	66,6373	72,4162	66,6373	67,9654	66,6373	64,9387	
66,8007	72,2573	66,8007	67,9768	66,8007	65,034	66,8007	72,4135	66,8007	67,9646	66,8007	64,9387	
66,9641	72,2579	66,9641	67,9755	66,9641	65,0343	66,9641	72,4157	66,9641	67,9676	66,9641	64,9387	
67,1278	72,258	67,1278	67,9775	67,1278	65,0347	67,1278	72,4182	67,1278	67,967	67,1278	64,9389	
67,2918	72,2706	67,2918	67,9829	67,2918	65,0373	67,2918	72,4156	67,2918	67,9668	67,2918	64,9393	
67,4555	72,3245	67,4555	68,0191	67,4555	65,0567	67,4555	72,414	67,4555	67,9677	67,4555	64,9389	
67,619	72,3281	67,619	68,0261	67,619	65,0664	67,619	72,4157	67,619	67,9658	67,619	64,939	
67,7829	72,3325	67,7829	68,0318	67,7829	65,0712	67,7829	72,4143	67,7829	67,9662	67,7829	64,9388	
67,9472	72,3346	67,9472	68,0354	67,9472	65,0742	67,9472	72,4208	67,9472	67,9658	67,9472	64,938	
68,1112	72,3379	68,1112	68,0376	68,1112	65,0768	68,1112	72,421	68,1112	67,967	68,1112	64,9389	
68,2749	72,3423	68,2749	68,0407	68,2749	65,0789	68,2749	72,4141	68,2749	67,9664	68,2749	64,9387	
68,4386	72,3421	68,4386	68,0418	68,4386	65,0799	68,4386	72,4161	68,4386	67,9645	68,4386	64,9387	
68,6023	72,3429	68,6023	68,0422	68,6023	65,0812	68,6023	72,4149	68,6023	67,9658	68,6023	64,9388	
68,7663	72,3435	68,7663	68,0415	68,7663	65,0818	68,7663	72,4162	68,7663	67,9648	68,7663	64,9391	
68,9301	72,3433	68,9301	68,0424	68,9301	65,0819	68,9301	72,4154	68,9301	67,9665	68,9301	64,939	
69,094	72,3439	69,094	68,0431	69,094	65,082	69,094	72,4211	69,094	67,9671	69,094	64,9389	
69,2578	72,3438	69,2578	68,0426	69,2578	65,0818	69,2578	72,4153	69,2578	67,9663	69,2578	64,9387	
69,4218	72,344	69,4218	68,0436	69,4218	65,0824	69,4218	72,4141	69,4218	67,967	69,4218	64,9387	
69,5855	72,3446	69,5855	68,0437	69,5855	65,0822	69,5855	72,4157	69,5855	67,9662	69,5855	64,9387	
69,7492	72,3457	69,7492	68,0436	69,7492	65,0827	69,7492	72,414	69,7492	67,9666	69,7492	64,9387	
69,9132	72,3459	69,9132	68,0443	69,9132	65,0828	69,9132	72,4203	69,9132	67,9647	69,9132	64,9392	
70,0775	72,3441	70,0775	68,0435	70,0775	65,0826	70,0775	72,4159	70,0775	67,967	70,0775	64,9394	
70,2414	72,344	70,2414	68,0433	70,2414	65,0829	70,2414	72,4216	70,2414	67,966	70,2414	64,9392	
70,4054	72,3447	70,4054	68,0437	70,4054	65,0828	70,4054	72,4152	70,4054	67,968	70,4054	64,9394	
70,5691	72,3452	70,5691	68,0438	70,5691	65,083	70,5691	72,4172	70,5691	67,9667	70,5691	64,9398	
70,7328	72,3439	70,7328	68,0438	70,7328	65,0828	70,7328	72,4215	70,7328	67,9657	70,7328	64,9389	
70,8965	72,3441	70,8965	68,0441	70,8965	65,0829	70,8965	72,4152	70,8965	67,965	70,8965	64,9391	
71,0608	72,3452	71,0608	68,0444	71,0608	65,0828	71,0608	72,416	71,0608	67,9671	71,0608	64,9393	
71,2245	72,3435	71,2245	68,0431	71,2245	65,0831	71,2245	72,414	71,2245	67,9666	71,2245	64,9392	
71,3882	72,3425	71,3882	68,0433	71,3882	65,0827	71,3882	72,4148	71,3882	67,9668	71,3882	64,9392	
71,5525	72,3458	71,5525	68,0437	71,5525	65,0832	71,5525	72,4166	71,5525	67,9666	71,5525	64,9391	
71,7162	72,3437	71,7162	68,0446	71,7162	65,0832	71,7162	72,4159	71,7162	67,9655	71,7162	64,9391	
71,8799	72,3437	71,8799	68,0436	71,8799	65,0829	71,8799	72,4173	71,8799	67,9661	71,8799	64,9386	
72,0434	72,3459	72,0434	68,0437	72,0434	65,0825	72,0434	72,4168	72,0434	67,9667	72,0434	64,939	
72,2071	72,3433	72,2071	68,0433	72,2071	65,0826	72,2071	72,4163	72,2071	67,965	72,2071	64,9392	
72,3711	72,3421	72,3711	68,044	72,3711	65,0829	72,3711	72,4206	72,3711	67,9676	72,3711	64,9387	
72,5348	72,3436	72,5348	68,0434	72,5348	65,0828	72,5348	72,4159	72,5348	67,9662	72,5348	64,939	
72,6987	72,3433	72,6987	68,0438	72,6987	65,0827	72,6987	72,417	72,6987	67,9672	72,6987	64,9393	
72,8624	72,3435	72,8624	68,0435	72,8624	65,0826	72,8624	72,4162	72,8624	67,9659	72,8624	64,9392	
73,0261	72,3451	73,0261	68,0438	73,0261	65,0825	73,0261	72,4171	73,0261	67,9668	73,0261	64,9389	
73,1904	72,3427	73,1904	68,0437	73,1904	65,0826	73,1904	72,4153	73,1904	67,9671	73,1904	64,9396	
73,3547	72,3455	73,3547	68,0428	73,3547	65,0823	73,3547	72,4177	73,3547	67,9672	73,3547	64,9392	
73,5189	72,3455	73,5189	68,0432	73,5189	65,0825	73,5189	72,4166	73,5189	67,9664	73,5189	64,9393	
73,6824	72,3423	73,6824	68,0426	73,6824	65,0811	73,6824	72,4198	73,6824	67,9669	73,6824	64,9389	
73,8461	72,3422	73,8461	68,0428	73,8461	65,0817	73,8461	72,4171	73,8461	67,9676	73,8461	64,9391	
74,0103	72,3403	74,0103	68,0417	74,0103	65,0805	74,0103	72,4172	74,0103	67,9669	74,0103	64,939	
74,1743	72,3402	74,1743	68,0415	74,1743	65,0802	74,1743	72,4157	74,1743	67,9675	74,1743	64,9394	
74,3378	72,3423	74,3378	68,0406	74,3378	65,0797	74,3378	72,4158	74,3378	67,9667	74,3378	64,9398	
74,5012	72,3396	74,5012	68,041	74,5012	65,0796	74,5012	72,4152	74,5012	67,9652	74,5012	64,9392	
74,6652	72,3382	74,6652	68,0394	74,6652	65,0791	74,6652	72,4161	74,6652	67,965	74,6652	64,9394	
74,8287	72,3382	74,8287	68,0396	74,8287	65,0786	74,8287	72,4199	74,8287	67,9664	74,8287	64,9389	
74,9926	72,3391	74,9926	68,0396	74,9926	65,0787	74,9926	72,4217	74,9926	67,9657	74,9926	64,9389	
75,1566	72,3383	75,1566	68,0386	75,1566	65,078	75,1566	72,417	75,1566	67,9669	75,1566	64,9396	
75,3206	72,3362	75,3206	68,0362	75,3206	65,0749	75,3206	72,4215	75,3206	67,9686	75,3206	64,9395	
75,4854	72,3309	75,4854	68,0312	75,4854	65,0719	75,4854	72,4171	75,4854	67,9673	75,4854	64,9393	
75,6494	72,3267	75,6494	68,0287	75,6494	65,069	75,6494	72,4176	75,6494	67,9674	75,6494	64,9391	
75,8142	72,3242	75,8142	68,0251	75,8142	65,0659	75,8142	72,4185	75,8142	67,9674	75,8142	64,9391	
75,979	72,3213	75,979	68,023	75,979	65,0638	75,979	72,4161	75,979	67,9679	75,979	64,9388	
76,1432	72,316	76,1432	68,0198	76,1432	65,0616	76,1432	72,4169	76,1432	67,9667	76,1432	64,9395	
76,3072	72,303	76,3072	68,0087	76,3072	65,0559	76,3072	72,4155	76,3072	67,9672	76,3072	64,9392	
76,4724	72,2794	76,4724	67,9939	76,4724	65,0463	76,4724	72,4162	76,4724	67,9681	76,4724	64,9397	
76,6366	72,2667	76,6366	67,9859	76,6366	65,0413	76,6366	72,4171	76,6366	67,9666	76,6366	64,9399	
76,8009	72,2617	76,8009	67,9803	76,8009	65,0376	76,8009	72,416	76,8009	67,9677	76,8009	64,9401	
76,9646	72,2558	76,9646	67,9783	76,9646	65,0364	76,9646	72,4165	76,9646	67,9674	76,9646	64,9396	
77,1286	72,2565	77,1286	67,9777	77,1286	65,0353	77,1286	72,4182	77,1286	67,9674	77,1286	64,9393	
77,2929	72,2551	77,2929	67,9772	77,2929	65,035	77,2929	72,4155	77,2929	67,9684	77,2929	64,9392	
77,458	72,256	77,458	67,9763	77,458	65,0349	77,458	72,4171	77,458	67,9671	77,458	64,9393	
77,622	72,2682	77,622	67,9764	77,622	65,0343	77,622	72,4169	77,622	67,9686	77,622	64,9393	
77,786	72,2554	77,786	67,9762	77,786	65,0344	77,786	72,4207	77,786	67,9677	77,786	64,939	
77,95	72,2558	77,95	67,9752	77,95	65,034	77,95	72,4168	77,95	67,9663	77,95	64,9395	
78,1143	72,255	78,1143	67,976	78,1143	65,0339	78,1143	72,4164	78,1143	67,9675	78,1143	64,9394	
78,278	72,2555	78,278	67,9759	78,278	65,0336	78,278	72,4172	78,278	67,9663	78,278	64,9397	
78,4417	72,2564	78,4417	67,9762	78,4417	65,034	78,4417	72,4167	78,4417	67,967	78,4417	64,9393	
78,6062	72,2691	78,6062	67,9763	78,6062	65,0338	78,6062	72,4156	78,6062	67,966	78,6062	64,9392	
78,7707	72,2561	78,7707	67,9767	78,7707	65,034	78,7707	72,417	78,7707	67,9668	78,7707	64,9392	
78,9352	72,2554	78,9352	67,9759	78,9352	65,0341	78,9352	72,4167	78,9352	67,9679	78,9352	64,9397	
79,1	72,2544	79,1	67,9763	79,1	65,0338	79,1	72,4169	79,1	67,9677	79,1	64,9397	
79,264	72,2569	79,264	67,9757	79,264	65,0336	79,264	72,4181	79,264	67,9685	79,264	64,9393	
79,4277	72,2548	79,4277	67,9761	79,4277	65,0344	79,4277	72,4177	79,4277	67,9673	79,4277	64,9391	
79,5917	72,2553	79,5917	67,9754	79,5917	65,0342	79,5917	72,4238	79,5917	67,9676	79,5917	64,9395	
79,756	72,2541	79,756	67,9752	79,756	65,0338	79,756	72,4165	79,756	67,9676	79,756	64,9397	
79,9196	72,2544	79,9196	67,9747	79,9196	65,0344	79,9196	72,4177	79,9196	67,9678	79,9196	64,9396	
80,0834	72,2532	80,0834	67,9755	80,0834	65,0337	80,0834	72,4183	80,0834	67,9676	80,0834	64,9394	
80,2476	72,2673	80,2476	67,9756	80,2476	65,0336	80,2476	72,4168	80,2476	67,9669	80,2476	64,9392	
80,4121	72,2561	80,4121	67,9766	80,4121	65,0338	80,4121	72,4161	80,4121	67,9667	80,4121	64,9393	
80,5761	72,256	80,5761	67,9758	80,5761	65,0341	80,5761	72,4219	80,5761	67,9681	80,5761	64,9396	
80,7404	72,2551	80,7404	67,9749	80,7404	65,0341	80,7404	72,4236	80,7404	67,9674	80,7404	64,9391	
80,9051	72,2549	80,9051	67,9759	80,9051	65,0336	80,9051	72,4184	80,9051	67,968	80,9051	64,9392	
81,0694	72,2547	81,0694	67,9759	81,0694	65,0339	81,0694	72,418	81,0694	67,9677	81,0694	64,9393	
81,2336	72,2533	81,2336	67,9764	81,2336	65,034	81,2336	72,4189	81,2336	67,9685	81,2336	64,9389	
