Time (min) - L1 670nm	 - L1 670nm	Time (min) - L2 785nm	 - L2 785nm	Time (min) - L3 980nm	 - L3 980nm	Time (min) - L5 670nm	 - L5 670nm	Time (min) - L6 785nm	 - L6 785nm	Time (min) - L7 980nm	 - L7 980nm	
0,178517	72,2201	0,178517	67,9485	0,178517	65,0229	0,178517	72,2624	0,178517	67,8888	0,178517	64,9118	
0,34305	72,2329	0,34305	67,9498	0,34305	65,0225	0,34305	72,2614	0,34305	67,8908	0,34305	64,9111	
0,507017	72,2201	0,507017	67,9486	0,507017	65,0232	0,507017	72,2591	0,507017	67,8896	0,507017	64,9119	
0,670433	72,2181	0,670433	67,9493	0,670433	65,0224	0,670433	72,2626	0,670433	67,89	0,670433	64,9122	
0,835183	72,2197	0,835183	67,9494	0,835183	65,0219	0,835183	72,2593	0,835183	67,8915	0,835183	64,9123	
0,999967	72,2195	0,999967	67,9489	0,999967	65,0223	0,999967	72,2573	0,999967	67,8899	0,999967	64,9118	
1,1645	72,2205	1,1645	67,9489	1,1645	65,0227	1,1645	72,2593	1,1645	67,8908	1,1645	64,911	
1,32882	72,2199	1,32882	67,9492	1,32882	65,0226	1,32882	72,259	1,32882	67,8893	1,32882	64,911	
1,49277	72,2187	1,49277	67,9499	1,49277	65,0224	1,49277	72,2603	1,49277	67,8889	1,49277	64,9115	
1,65673	72,2198	1,65673	67,9496	1,65673	65,023	1,65673	72,2599	1,65673	67,8905	1,65673	64,9117	
1,82073	72,233	1,82073	67,9494	1,82073	65,0223	1,82073	72,2567	1,82073	67,8901	1,82073	64,9121	
1,98497	72,2207	1,98497	67,9504	1,98497	65,0223	1,98497	72,2596	1,98497	67,8905	1,98497	64,9117	
2,14948	72,2287	2,14948	67,9495	2,14948	65,0238	2,14948	72,2599	2,14948	67,8904	2,14948	64,9116	
2,31403	72,2305	2,31403	67,949	2,31403	65,0229	2,31403	72,2606	2,31403	67,8927	2,31403	64,9121	
2,47805	72,2185	2,47805	67,9504	2,47805	65,0223	2,47805	72,2534	2,47805	67,8903	2,47805	64,9115	
2,64228	72,2203	2,64228	67,9498	2,64228	65,023	2,64228	72,2605	2,64228	67,8905	2,64228	64,9115	
2,80625	72,2286	2,80625	67,9498	2,80625	65,0226	2,80625	72,2603	2,80625	67,8922	2,80625	64,9127	
2,97052	72,2201	2,97052	67,9505	2,97052	65,0233	2,97052	72,2587	2,97052	67,8905	2,97052	64,9115	
3,13558	72,2192	3,13558	67,9496	3,13558	65,0238	3,13558	72,2621	3,13558	67,8902	3,13558	64,9114	
3,29958	72,2194	3,29958	67,9496	3,29958	65,0237	3,29958	72,2578	3,29958	67,8907	3,29958	64,9115	
3,46412	72,2212	3,46412	67,9498	3,46412	65,0228	3,46412	72,2575	3,46412	67,8913	3,46412	64,9118	
3,62755	72,2363	3,62755	67,9501	3,62755	65,0234	3,62755	72,2598	3,62755	67,8899	3,62755	64,9115	
3,79262	72,23	3,79262	67,9503	3,79262	65,023	3,79262	72,2566	3,79262	67,8908	3,79262	64,912	
3,95632	72,2199	3,95632	67,9502	3,95632	65,0232	3,95632	72,2567	3,95632	67,8923	3,95632	64,9119	
4,12003	72,2215	4,12003	67,9516	4,12003	65,0247	4,12003	72,2581	4,12003	67,89	4,12003	64,9119	
4,28488	72,22	4,28488	67,9508	4,28488	65,0234	4,28488	72,2602	4,28488	67,8929	4,28488	64,912	
4,44913	72,2218	4,44913	67,9504	4,44913	65,0231	4,44913	72,2621	4,44913	67,8904	4,44913	64,9126	
4,61308	72,23	4,61308	67,9508	4,61308	65,0232	4,61308	72,261	4,61308	67,891	4,61308	64,9116	
4,77708	72,2207	4,77708	67,9509	4,77708	65,0238	4,77708	72,2596	4,77708	67,8908	4,77708	64,9122	
4,9416	72,2218	4,9416	67,9517	4,9416	65,0238	4,9416	72,26	4,9416	67,8917	4,9416	64,9123	
5,10537	72,2223	5,10537	67,9509	5,10537	65,0235	5,10537	72,261	5,10537	67,8899	5,10537	64,9125	
5,26962	72,2284	5,26962	67,9514	5,26962	65,0231	5,26962	72,2593	5,26962	67,8919	5,26962	64,9121	
5,43307	72,2305	5,43307	67,9507	5,43307	65,0236	5,43307	72,2614	5,43307	67,8929	5,43307	64,9125	
5,59705	72,2219	5,59705	67,9511	5,59705	65,0239	5,59705	72,2604	5,59705	67,8913	5,59705	64,9131	
5,76152	72,2327	5,76152	67,9508	5,76152	65,0233	5,76152	72,2568	5,76152	67,8916	5,76152	64,9125	
5,92577	72,2195	5,92577	67,9505	5,92577	65,0232	5,92577	72,2568	5,92577	67,8912	5,92577	64,9126	
6,09002	72,2195	6,09002	67,9515	6,09002	65,0234	6,09002	72,26	6,09002	67,8899	6,09002	64,912	
6,25372	72,2311	6,25372	67,951	6,25372	65,0233	6,25372	72,2604	6,25372	67,8914	6,25372	64,9122	
6,41823	72,2345	6,41823	67,95	6,41823	65,0243	6,41823	72,2597	6,41823	67,8913	6,41823	64,9129	
6,58195	72,2203	6,58195	67,9517	6,58195	65,0233	6,58195	72,2611	6,58195	67,8915	6,58195	64,9121	
6,74593	72,2318	6,74593	67,9506	6,74593	65,0236	6,74593	72,2602	6,74593	67,8913	6,74593	64,9122	
6,91048	72,2202	6,91048	67,9503	6,91048	65,0233	6,91048	72,2603	6,91048	67,891	6,91048	64,9119	
7,07498	72,2212	7,07498	67,9512	7,07498	65,0228	7,07498	72,261	7,07498	67,8912	7,07498	64,9127	
7,23925	72,221	7,23925	67,9513	7,23925	65,0236	7,23925	72,2567	7,23925	67,8915	7,23925	64,9122	
7,4032	72,2198	7,4032	67,9513	7,4032	65,0231	7,4032	72,2624	7,4032	67,8912	7,4032	64,9119	
7,5672	72,2209	7,5672	67,9504	7,5672	65,0242	7,5672	72,2625	7,5672	67,8939	7,5672	64,9129	
7,73088	72,2203	7,73088	67,9507	7,73088	65,024	7,73088	72,2566	7,73088	67,8921	7,73088	64,9124	
7,89487	72,2195	7,89487	67,9509	7,89487	65,0236	7,89487	72,2604	7,89487	67,8904	7,89487	64,9128	
8,05912	72,2282	8,05912	67,9511	8,05912	65,0241	8,05912	72,2616	8,05912	67,8908	8,05912	64,9117	
8,2236	72,2193	8,2236	67,9505	8,2236	65,0235	8,2236	72,2611	8,2236	67,8916	8,2236	64,9127	
8,38758	72,2221	8,38758	67,9506	8,38758	65,023	8,38758	72,262	8,38758	67,891	8,38758	64,912	
8,55152	72,2199	8,55152	67,9511	8,55152	65,0232	8,55152	72,2561	8,55152	67,8914	8,55152	64,9122	
8,71525	72,2214	8,71525	67,9506	8,71525	65,0243	8,71525	72,2614	8,71525	67,8914	8,71525	64,9118	
8,87868	72,2186	8,87868	67,9506	8,87868	65,023	8,87868	72,2575	8,87868	67,8915	8,87868	64,9122	
9,04267	72,2259	9,04267	67,9516	9,04267	65,0234	9,04267	72,2598	9,04267	67,8915	9,04267	64,9121	
9,20667	72,2221	9,20667	67,951	9,20667	65,0238	9,20667	72,2613	9,20667	67,8924	9,20667	64,9125	
9,3712	72,2204	9,3712	67,9514	9,3712	65,0233	9,3712	72,2636	9,3712	67,891	9,3712	64,9118	
9,53575	72,2345	9,53575	67,9512	9,53575	65,0239	9,53575	72,2599	9,53575	67,8916	9,53575	64,9127	
9,7	72,2199	9,7	67,9515	9,7	65,0237	9,7	72,2604	9,7	67,893	9,7	64,9121	
9,86372	72,2215	9,86372	67,9514	9,86372	65,0245	9,86372	72,2607	9,86372	67,8914	9,86372	64,9122	
10,0281	72,2218	10,0281	67,9505	10,0281	65,0234	10,0281	72,2601	10,0281	67,8915	10,0281	64,9124	
10,1921	72,2254	10,1921	67,9519	10,1921	65,0232	10,1921	72,2628	10,1921	67,893	10,1921	64,9126	
10,3566	72,2205	10,3566	67,9506	10,3566	65,0238	10,3566	72,2612	10,3566	67,8928	10,3566	64,9126	
10,5203	72,2224	10,5203	67,9514	10,5203	65,0235	10,5203	72,2565	10,5203	67,8913	10,5203	64,9122	
10,6841	72,2218	10,6841	67,9513	10,6841	65,0235	10,6841	72,2622	10,6841	67,8911	10,6841	64,9125	
10,8481	72,222	10,8481	67,9516	10,8481	65,0244	10,8481	72,2603	10,8481	67,8908	10,8481	64,9126	
11,0128	72,2274	11,0128	67,9509	11,0128	65,0234	11,0128	72,2578	11,0128	67,8902	11,0128	64,912	
11,1768	72,2218	11,1768	67,9518	11,1768	65,0237	11,1768	72,2624	11,1768	67,8916	11,1768	64,9121	
11,3411	72,2218	11,3411	67,9507	11,3411	65,0242	11,3411	72,2597	11,3411	67,8919	11,3411	64,912	
11,5048	72,2219	11,5048	67,9516	11,5048	65,0231	11,5048	72,2587	11,5048	67,892	11,5048	64,9122	
11,6685	72,2212	11,6685	67,9503	11,6685	65,0238	11,6685	72,2626	11,6685	67,8905	11,6685	64,9123	
11,832	72,2202	11,832	67,9519	11,832	65,0235	11,832	72,2604	11,832	67,8919	11,832	64,9118	
11,9954	72,2222	11,9954	67,9515	11,9954	65,0234	11,9954	72,2601	11,9954	67,8912	11,9954	64,9128	
12,1592	72,2213	12,1592	67,9515	12,1592	65,0235	12,1592	72,2613	12,1592	67,8919	12,1592	64,9126	
12,3226	72,2224	12,3226	67,9518	12,3226	65,0233	12,3226	72,2623	12,3226	67,8921	12,3226	64,9121	
12,4866	72,2363	12,4866	67,9515	12,4866	65,0235	12,4866	72,2641	12,4866	67,8918	12,4866	64,9127	
12,6506	72,2224	12,6506	67,9516	12,6506	65,0235	12,6506	72,2626	12,6506	67,8945	12,6506	64,9127	
12,8143	72,2351	12,8143	67,9515	12,8143	65,0235	12,8143	72,2621	12,8143	67,8922	12,8143	64,9126	
12,9786	72,2221	12,9786	67,9509	12,9786	65,0233	12,9786	72,2608	12,9786	67,8941	12,9786	64,913	
13,1428	72,2223	13,1428	67,9509	13,1428	65,0232	13,1428	72,2581	13,1428	67,8915	13,1428	64,9122	
13,307	72,2231	13,307	67,9515	13,307	65,0238	13,307	72,2572	13,307	67,8916	13,307	64,912	
13,4715	72,2344	13,4715	67,9517	13,4715	65,0235	13,4715	72,2618	13,4715	67,8916	13,4715	64,912	
13,6355	72,2227	13,6355	67,9514	13,6355	65,0229	13,6355	72,2619	13,6355	67,8928	13,6355	64,9128	
13,7995	72,2215	13,7995	67,9513	13,7995	65,0241	13,7995	72,2628	13,7995	67,8916	13,7995	64,9124	
13,9633	72,2207	13,9633	67,9518	13,9633	65,0233	13,9633	72,2624	13,9633	67,8937	13,9633	64,9118	
14,1272	72,2327	14,1272	67,9506	14,1272	65,0243	14,1272	72,2621	14,1272	67,8919	14,1272	64,9124	
14,2912	72,2303	14,2912	67,9512	14,2912	65,0235	14,2912	72,2594	14,2912	67,8913	14,2912	64,9133	
14,4557	72,222	14,4557	67,9516	14,4557	65,0231	14,4557	72,2549	14,4557	67,8903	14,4557	64,9127	
14,6197	72,2205	14,6197	67,9509	14,6197	65,0236	14,6197	72,261	14,6197	67,8945	14,6197	64,9135	
14,7832	72,2318	14,7832	67,9516	14,7832	65,0241	14,7832	72,2585	14,7832	67,8916	14,7832	64,9118	
14,9474	72,2217	14,9474	67,9513	14,9474	65,0236	14,9474	72,2604	14,9474	67,8918	14,9474	64,9129	
15,1112	72,2214	15,1112	67,9514	15,1112	65,0244	15,1112	72,2607	15,1112	67,8921	15,1112	64,9134	
15,2752	72,2366	15,2752	67,9513	15,2752	65,0239	15,2752	72,2631	15,2752	67,8931	15,2752	64,9132	
15,4394	72,2224	15,4394	67,951	15,4394	65,0234	15,4394	72,2605	15,4394	67,8917	15,4394	64,9134	
15,6039	72,2228	15,6039	67,9517	15,6039	65,0241	15,6039	72,2619	15,6039	67,8924	15,6039	64,9131	
15,7687	72,2214	15,7687	67,9508	15,7687	65,0236	15,7687	72,2621	15,7687	67,8933	15,7687	64,9134	
15,9326	72,2264	15,9326	67,9524	15,9326	65,0233	15,9326	72,2622	15,9326	67,8918	15,9326	64,9126	
16,0964	72,2307	16,0964	67,9518	16,0964	65,0234	16,0964	72,2627	16,0964	67,8926	16,0964	64,9135	
16,2598	72,2229	16,2598	67,9508	16,2598	65,0235	16,2598	72,2645	16,2598	67,8915	16,2598	64,913	
16,4238	72,2234	16,4238	67,9515	16,4238	65,0238	16,4238	72,2603	16,4238	67,8931	16,4238	64,9126	
16,5881	72,2205	16,5881	67,9524	16,5881	65,0242	16,5881	72,2597	16,5881	67,8918	16,5881	64,9134	
16,7521	72,2361	16,7521	67,9525	16,7521	65,0242	16,7521	72,2623	16,7521	67,8923	16,7521	64,9137	
16,9161	72,2232	16,9161	67,9528	16,9161	65,025	16,9161	72,261	16,9161	67,8921	16,9161	64,9135	
17,08	72,226	17,08	67,9558	17,08	65,0255	17,08	72,2609	17,08	67,8936	17,08	64,9133	
17,244	72,2295	17,244	67,9556	17,244	65,0282	17,244	72,2626	17,244	67,8946	17,244	64,9129	
17,4075	72,2297	17,4075	67,9581	17,4075	65,028	17,4075	72,2607	17,4075	67,8944	17,4075	64,9129	
17,5712	72,2443	17,5712	67,9584	17,5712	65,029	17,5712	72,2646	17,5712	67,8922	17,5712	64,9125	
17,7352	72,2318	17,7352	67,9592	17,7352	65,0298	17,7352	72,2594	17,7352	67,8924	17,7352	64,9137	
17,8992	72,2321	17,8992	67,9593	17,8992	65,0301	17,8992	72,2604	17,8992	67,8918	17,8992	64,9132	
18,0634	72,234	18,0634	67,9604	18,0634	65,0297	18,0634	72,2616	18,0634	67,892	18,0634	64,9124	
18,2271	72,2476	18,2271	67,9623	18,2271	65,0304	18,2271	72,2634	18,2271	67,8913	18,2271	64,9139	
18,3909	72,2337	18,3909	67,9618	18,3909	65,0303	18,3909	72,2628	18,3909	67,8929	18,3909	64,9133	
18,5543	72,235	18,5543	67,9609	18,5543	65,0318	18,5543	72,2637	18,5543	67,8929	18,5543	64,9131	
18,7183	72,2354	18,7183	67,9627	18,7183	65,031	18,7183	72,2628	18,7183	67,8924	18,7183	64,9137	
18,8826	72,2358	18,8826	67,9628	18,8826	65,0312	18,8826	72,2652	18,8826	67,8927	18,8826	64,9132	
19,0466	72,2352	19,0466	67,9631	19,0466	65,0316	19,0466	72,2594	19,0466	67,8939	19,0466	64,9143	
19,2105	72,2366	19,2105	67,9634	19,2105	65,0313	19,2105	72,2644	19,2105	67,8934	19,2105	64,9132	
19,3748	72,2354	19,3748	67,963	19,3748	65,0314	19,3748	72,2619	19,3748	67,8949	19,3748	64,9133	
19,5385	72,2495	19,5385	67,9632	19,5385	65,0317	19,5385	72,2657	19,5385	67,8934	19,5385	64,914	
19,702	72,2377	19,702	67,963	19,702	65,032	19,702	72,2614	19,702	67,8929	19,702	64,9135	
19,8662	72,237	19,8662	67,9642	19,8662	65,0322	19,8662	72,2608	19,8662	67,8936	19,8662	64,9133	
20,0299	72,237	20,0299	67,9644	20,0299	65,0314	20,0299	72,2645	20,0299	67,8932	20,0299	64,9131	
20,1939	72,239	20,1939	67,9647	20,1939	65,0318	20,1939	72,2661	20,1939	67,8945	20,1939	64,9135	
20,3576	72,2518	20,3576	67,9633	20,3576	65,0314	20,3576	72,2619	20,3576	67,8931	20,3576	64,9134	
20,5219	72,2392	20,5219	67,9641	20,5219	65,0317	20,5219	72,7939	20,5219	67,9017	20,5219	64,9358	
20,6859	72,2389	20,6859	67,9651	20,6859	65,0319	20,6859	72,2672	20,6859	67,9002	20,6859	64,9148	
20,8498	72,2376	20,8498	67,9651	20,8498	65,0321	20,8498	72,2703	20,8498	67,9002	20,8498	64,9148	
21,0139	72,2399	21,0139	67,9648	21,0139	65,0323	21,0139	72,2679	21,0139	67,9027	21,0139	64,9143	
21,1779	72,2379	21,1779	67,9661	21,1779	65,0316	21,1779	72,2705	21,1779	67,9028	21,1779	64,915	
21,3416	72,2384	21,3416	67,9652	21,3416	65,0326	21,3416	72,2688	21,3416	67,9021	21,3416	64,915	
21,5053	72,2367	21,5053	67,9653	21,5053	65,0322	21,5053	72,2659	21,5053	67,902	21,5053	64,9148	
21,6689	72,2395	21,6689	67,9658	21,6689	65,0325	21,6689	72,2635	21,6689	67,9005	21,6689	64,9155	
21,8327	72,2398	21,8327	67,9655	21,8327	65,0323	21,8327	72,2694	21,8327	67,9025	21,8327	64,9152	
21,9967	72,2407	21,9967	67,9649	21,9967	65,0322	21,9967	72,2694	21,9967	67,9047	21,9967	64,9151	
22,1604	72,2419	22,1604	67,9672	22,1604	65,0327	22,1604	72,2709	22,1604	67,9037	22,1604	64,9154	
22,3241	72,2405	22,3241	67,966	22,3241	65,0326	22,3241	72,2666	22,3241	67,9017	22,3241	64,9154	
22,4881	72,2404	22,4881	67,9657	22,4881	65,0327	22,4881	72,269	22,4881	67,9032	22,4881	64,9151	
22,6521	72,241	22,6521	67,9662	22,6521	65,0326	22,6521	72,2714	22,6521	67,9021	22,6521	64,9155	
22,8155	72,2502	22,8155	67,9655	22,8155	65,0326	22,8155	72,2702	22,8155	67,9041	22,8155	64,9151	
22,9795	72,2487	22,9795	67,9672	22,9795	65,0325	22,9795	72,2705	22,9795	67,9021	22,9795	64,9148	
23,1435	72,2387	23,1435	67,967	23,1435	65,033	23,1435	72,2669	23,1435	67,9022	23,1435	64,9149	
23,3072	72,2412	23,3072	67,9666	23,3072	65,0325	23,3072	72,2689	23,3072	67,9014	23,3072	64,9156	
23,4715	72,2415	23,4715	67,9662	23,4715	65,033	23,4715	72,2681	23,4715	67,9037	23,4715	64,9159	
23,6352	72,2411	23,6352	67,9675	23,6352	65,0328	23,6352	72,2698	23,6352	67,9024	23,6352	64,9149	
23,7989	72,2415	23,7989	67,9668	23,7989	65,0327	23,7989	72,2642	23,7989	67,9015	23,7989	64,915	
23,9626	72,2417	23,9626	67,9663	23,9626	65,0331	23,9626	72,2694	23,9626	67,9011	23,9626	64,9154	
24,126	72,2416	24,126	67,9675	24,126	65,0331	24,126	72,2704	24,126	67,9045	24,126	64,9149	
24,2903	72,243	24,2903	67,9669	24,2903	65,0329	24,2903	72,2705	24,2903	67,9021	24,2903	64,9152	
24,4546	72,2434	24,4546	67,966	24,4546	65,0331	24,4546	72,27	24,4546	67,9023	24,4546	64,9151	
24,618	72,2417	24,618	67,9665	24,618	65,0326	24,618	72,2649	24,618	67,9028	24,618	64,9146	
24,782	72,243	24,782	67,9658	24,782	65,032	24,782	72,2662	24,782	67,9017	24,782	64,9148	
24,9462	72,2481	24,9462	67,9661	24,9462	65,0321	24,9462	72,2701	24,9462	67,9018	24,9462	64,9151	
25,1105	72,2471	25,1105	67,9652	25,1105	65,0316	25,1105	72,2704	25,1105	67,9026	25,1105	64,9159	
25,2745	72,246	25,2745	67,9643	25,2745	65,0309	25,2745	72,2686	25,2745	67,9018	25,2745	64,9156	
25,439	72,2494	25,439	67,9621	25,439	65,0297	25,439	72,2686	25,439	67,9023	25,439	64,9153	
25,6029	72,2489	25,6029	67,9619	25,6029	65,0296	25,6029	72,2711	25,6029	67,902	25,6029	64,9152	
25,7673	72,2353	25,7673	67,9621	25,7673	65,028	25,7673	72,2654	25,7673	67,9028	25,7673	64,916	
25,932	72,2362	25,932	67,9599	25,932	65,0279	25,932	72,2619	25,932	67,9018	25,932	64,9161	
26,096	72,2356	26,096	67,9613	26,096	65,0282	26,096	72,2706	26,096	67,9033	26,096	64,9151	
26,261	72,2362	26,261	67,9609	26,261	65,028	26,261	72,269	26,261	67,904	26,261	64,9156	
26,4256	72,2512	26,4256	67,9623	26,4256	65,0284	26,4256	72,2713	26,4256	67,9031	26,4256	64,9156	
26,5898	72,2356	26,5898	67,9602	26,5898	65,0278	26,5898	72,2686	26,5898	67,9025	26,5898	64,9156	
26,7543	72,2359	26,7543	67,9601	26,7543	65,028	26,7543	72,2692	26,7543	67,902	26,7543	64,9155	
26,9189	72,236	26,9189	67,9605	26,9189	65,0297	26,9189	72,2682	26,9189	67,906	26,9189	64,9161	
27,0829	72,235	27,0829	67,9598	27,0829	65,0277	27,0829	72,2696	27,0829	67,9009	27,0829	64,9145	
27,247	72,2349	27,247	67,9609	27,247	65,0279	27,247	72,2657	27,247	67,9025	27,247	64,9152	
27,4111	72,2361	27,4111	67,9605	27,4111	65,0281	27,4111	72,2685	27,4111	67,9035	27,4111	64,9152	
27,5754	72,2492	27,5754	67,9612	27,5754	65,0281	27,5754	72,2687	27,5754	67,9028	27,5754	64,9151	
27,7399	72,2344	27,7399	67,9611	27,7399	65,0276	27,7399	72,2665	27,7399	67,9019	27,7399	64,9153	
27,9047	72,2353	27,9047	67,9594	27,9047	65,0285	27,9047	72,2709	27,9047	67,9024	27,9047	64,9155	
28,0695	72,247	28,0695	67,9612	28,0695	65,0281	28,0695	72,2692	28,0695	67,9032	28,0695	64,9153	
28,2335	72,2458	28,2335	67,9601	28,2335	65,0284	28,2335	72,271	28,2335	67,9028	28,2335	64,9159	
28,398	72,2347	28,398	67,9609	28,398	65,028	28,398	72,2659	28,398	67,9026	28,398	64,9153	
28,5628	72,2343	28,5628	67,9602	28,5628	65,0284	28,5628	72,2687	28,5628	67,9045	28,5628	64,9153	
28,7268	72,2476	28,7268	67,9606	28,7268	65,0285	28,7268	72,2682	28,7268	67,9035	28,7268	64,9161	
28,8903	72,2368	28,8903	67,9602	28,8903	65,0281	28,8903	72,2682	28,8903	67,9044	28,8903	64,9156	
29,0543	72,2359	29,0543	67,9604	29,0543	65,0279	29,0543	72,2685	29,0543	67,902	29,0543	64,9157	
29,2177	72,2353	29,2177	67,9596	29,2177	65,0278	29,2177	72,2699	29,2177	67,9017	29,2177	64,9153	
29,3817	72,2342	29,3817	67,9596	29,3817	65,0273	29,3817	72,2692	29,3817	67,9038	29,3817	64,9148	
29,5452	72,2347	29,5452	67,9609	29,5452	65,0276	29,5452	72,2689	29,5452	67,9058	29,5452	64,9152	
29,7094	72,2358	29,7094	67,9598	29,7094	65,0282	29,7094	72,269	29,7094	67,9014	29,7094	64,9152	
29,8734	72,2353	29,8734	67,9606	29,8734	65,0279	29,8734	72,2705	29,8734	67,9043	29,8734	64,9151	
30,0373	72,2346	30,0373	67,9596	30,0373	65,0276	30,0373	72,2711	30,0373	67,9041	30,0373	64,9148	
30,2013	72,2348	30,2013	67,9599	30,2013	65,0278	30,2013	72,2658	30,2013	67,9024	30,2013	64,9151	
30,3661	72,2356	30,3661	67,9603	30,3661	65,0277	30,3661	72,267	30,3661	67,9029	30,3661	64,9159	
30,531	72,2345	30,531	67,9608	30,531	65,0284	30,531	72,2687	30,531	67,9033	30,531	64,9151	
30,6947	72,2348	30,6947	67,9618	30,6947	65,0273	30,6947	72,2637	30,6947	67,9028	30,6947	64,9153	
30,859	72,2343	30,859	67,9601	30,859	65,0274	30,859	72,2698	30,859	67,902	30,859	64,9151	
31,0229	72,2337	31,0229	67,9606	31,0229	65,0277	31,0229	72,2687	31,0229	67,9022	31,0229	64,9153	
31,1869	72,233	31,1869	67,9604	31,1869	65,0278	31,1869	72,27	31,1869	67,9021	31,1869	64,9152	
31,3509	72,2346	31,3509	67,9608	31,3509	65,0281	31,3509	72,2677	31,3509	67,9029	31,3509	64,9153	
31,5154	72,2341	31,5154	67,9605	31,5154	65,0277	31,5154	72,2631	31,5154	67,9056	31,5154	64,915	
31,6794	72,2343	31,6794	67,9597	31,6794	65,0276	31,6794	72,266	31,6794	67,9037	31,6794	64,9151	
31,8433	72,2337	31,8433	67,9594	31,8433	65,0279	31,8433	72,2706	31,8433	67,9028	31,8433	64,9154	
32,0073	72,2337	32,0073	67,9599	32,0073	65,0278	32,0073	72,2691	32,0073	67,9028	32,0073	64,9159	
32,1713	72,2339	32,1713	67,9606	32,1713	65,0279	32,1713	72,2683	32,1713	67,9023	32,1713	64,9155	
32,335	72,235	32,335	67,9601	32,335	65,0274	32,335	72,2709	32,335	67,902	32,335	64,9154	
32,4991	72,2324	32,4991	67,9593	32,4991	65,0278	32,4991	72,2681	32,4991	67,9028	32,4991	64,9156	
32,6638	72,2441	32,6638	67,9602	32,6638	65,0276	32,6638	72,2705	32,6638	67,9029	32,6638	64,9153	
32,8279	72,2347	32,8279	67,9606	32,8279	65,0272	32,8279	72,2706	32,8279	67,9039	32,8279	64,915	
32,9921	72,2338	32,9921	67,9596	32,9921	65,027	32,9921	72,2694	32,9921	67,9032	32,9921	64,9153	
33,1563	72,2324	33,1563	67,9597	33,1563	65,0277	33,1563	72,2691	33,1563	67,9021	33,1563	64,9154	
33,32	72,234	33,32	67,961	33,32	65,0278	33,32	72,2662	33,32	67,903	33,32	64,9154	
33,4835	72,2337	33,4835	67,9603	33,4835	65,0275	33,4835	72,2699	33,4835	67,9025	33,4835	64,9149	
33,648	72,2343	33,648	67,9608	33,648	65,0274	33,648	72,2692	33,648	67,9026	33,648	64,9149	
33,8117	72,2327	33,8117	67,9611	33,8117	65,0276	33,8117	72,2689	33,8117	67,9022	33,8117	64,9156	
33,9759	72,2337	33,9759	67,9602	33,9759	65,0279	33,9759	72,2668	33,9759	67,9021	33,9759	64,915	
34,1396	72,2401	34,1396	67,9602	34,1396	65,0275	34,1396	72,2714	34,1396	67,9031	34,1396	64,9151	
34,3033	72,2345	34,3033	67,959	34,3033	65,0279	34,3033	72,2717	34,3033	67,9017	34,3033	64,9157	
34,4671	72,2349	34,4671	67,9602	34,4671	65,0274	34,4671	72,2735	34,4671	67,9032	34,4671	64,9151	
34,6308	72,2338	34,6308	67,9592	34,6308	65,0276	34,6308	72,2673	34,6308	67,9027	34,6308	64,9155	
34,7958	72,2335	34,7958	67,9607	34,7958	65,0273	34,7958	72,2691	34,7958	67,9027	34,7958	64,9148	
34,96	72,2334	34,96	67,9602	34,96	65,0277	34,96	72,2628	34,96	67,9029	34,96	64,9153	
35,1242	72,2417	35,1242	67,9604	35,1242	65,0281	35,1242	72,2702	35,1242	67,9036	35,1242	64,9155	
35,288	72,2345	35,288	67,9599	35,288	65,0278	35,288	72,2671	35,288	67,903	35,288	64,9154	
35,4528	72,2359	35,4528	67,9604	35,4528	65,0279	35,4528	72,2704	35,4528	67,9043	35,4528	64,9154	
35,6168	72,245	35,6168	67,9605	35,6168	65,0273	35,6168	72,2706	35,6168	67,9039	35,6168	64,9153	
35,7805	72,2329	35,7805	67,9613	35,7805	65,0282	35,7805	72,2696	35,7805	67,9041	35,7805	64,9154	
35,9447	72,2342	35,9447	67,9616	35,9447	65,0281	35,9447	72,2719	35,9447	67,9043	35,9447	64,9157	
36,109	72,2346	36,109	67,9605	36,109	65,0278	36,109	72,2671	36,109	67,9037	36,109	64,9156	
36,2729	72,2332	36,2729	67,961	36,2729	65,0283	36,2729	72,2716	36,2729	67,9025	36,2729	64,9163	
36,4372	72,2336	36,4372	67,9595	36,4372	65,028	36,4372	72,2709	36,4372	67,9027	36,4372	64,9155	
36,6017	72,2354	36,6017	67,9616	36,6017	65,0284	36,6017	72,2712	36,6017	67,9045	36,6017	64,9162	
36,7659	72,235	36,7659	67,9613	36,7659	65,0274	36,7659	72,2714	36,7659	67,9042	36,7659	64,9155	
36,9299	72,2348	36,9299	67,9616	36,9299	65,0276	36,9299	72,2696	36,9299	67,9023	36,9299	64,9151	
37,0936	72,2346	37,0936	67,9609	37,0936	65,0284	37,0936	72,272	37,0936	67,9042	37,0936	64,9153	
37,2581	72,2452	37,2581	67,9597	37,2581	65,0277	37,2581	72,2709	37,2581	67,903	37,2581	64,9161	
37,4231	72,2346	37,4231	67,9614	37,4231	65,0278	37,4231	72,2727	37,4231	67,9026	37,4231	64,9154	
37,5883	72,2348	37,5883	67,9596	37,5883	65,029	37,5883	72,2686	37,5883	67,9027	37,5883	64,9155	
37,752	72,2325	37,752	67,9615	37,752	65,028	37,752	72,2693	37,752	67,9046	37,752	64,9154	
37,916	72,2338	37,916	67,9599	37,916	65,028	37,916	72,2731	37,916	67,9026	37,916	64,9158	
38,0811	72,2346	38,0811	67,9605	38,0811	65,0277	38,0811	72,2713	38,0811	67,9033	38,0811	64,9154	
38,2448	72,2336	38,2448	67,9604	38,2448	65,0275	38,2448	72,268	38,2448	67,9029	38,2448	64,9156	
38,4093	72,2412	38,4093	67,9608	38,4093	65,0279	38,4093	72,2716	38,4093	67,9034	38,4093	64,9157	
38,5744	72,2346	38,5744	67,9627	38,5744	65,0279	38,5744	72,2703	38,5744	67,9044	38,5744	64,9159	
38,7389	72,2334	38,7389	67,961	38,7389	65,0281	38,7389	72,27	38,7389	67,9046	38,7389	64,9157	
38,9031	72,2355	38,9031	67,9603	38,9031	65,0279	38,9031	72,2716	38,9031	67,9033	38,9031	64,9154	
39,0671	72,2338	39,0671	67,9593	39,0671	65,0275	39,0671	72,2715	39,0671	67,903	39,0671	64,9158	
39,2314	72,2339	39,2314	67,9597	39,2314	65,0278	39,2314	72,2713	39,2314	67,9024	39,2314	64,9158	
39,3957	72,2354	39,3957	67,9603	39,3957	65,0274	39,3957	72,2716	39,3957	67,9038	39,3957	64,9155	
39,5594	72,2341	39,5594	67,9608	39,5594	65,0277	39,5594	72,2701	39,5594	67,9034	39,5594	64,9152	
39,7236	72,2352	39,7236	67,9601	39,7236	65,0277	39,7236	72,2691	39,7236	67,9046	39,7236	64,9155	
39,8879	72,2339	39,8879	67,9593	39,8879	65,0277	39,8879	72,2701	39,8879	67,903	39,8879	64,9155	
40,0521	72,2448	40,0521	67,9612	40,0521	65,0269	40,0521	72,2686	40,0521	67,9037	40,0521	64,9148	
40,216	72,2351	40,216	67,9605	40,216	65,0284	40,216	72,2685	40,216	67,9047	40,216	64,9153	
40,3806	72,2415	40,3806	67,9616	40,3806	65,0274	40,3806	72,2691	40,3806	67,9039	40,3806	64,9155	
40,5446	72,2359	40,5446	67,9618	40,5446	65,0277	40,5446	72,2709	40,5446	67,9048	40,5446	64,9157	
40,7091	72,2345	40,7091	67,9602	40,7091	65,0276	40,7091	72,2701	40,7091	67,9042	40,7091	64,9155	
40,8739	72,2346	40,8739	67,9595	40,8739	65,0276	40,8739	72,2724	40,8739	67,9048	40,8739	64,9157	
41,0378	72,234	41,0378	67,9598	41,0378	65,0272	41,0378	72,2732	41,0378	67,9035	41,0378	64,9156	
41,2021	72,2328	41,2021	67,9602	41,2021	65,027	41,2021	72,2703	41,2021	67,9032	41,2021	64,9153	
41,3655	72,2306	41,3655	67,96	41,3655	65,0278	41,3655	72,2727	41,3655	67,9026	41,3655	64,9154	
41,5293	72,2352	41,5293	67,9615	41,5293	65,0283	41,5293	72,2695	41,5293	67,9041	41,5293	64,9154	
41,6932	72,2353	41,6932	67,9622	41,6932	65,028	41,6932	72,271	41,6932	67,9034	41,6932	64,9156	
41,858	72,2338	41,858	67,9597	41,858	65,028	41,858	72,2725	41,858	67,9045	41,858	64,9155	
42,0223	72,2346	42,0223	67,9599	42,0223	65,0284	42,0223	72,2732	42,0223	67,9047	42,0223	64,9157	
42,1865	72,2356	42,1865	67,9608	42,1865	65,0276	42,1865	72,2674	42,1865	67,9034	42,1865	64,9158	
42,3512	72,2357	42,3512	67,9595	42,3512	65,0278	42,3512	72,2686	42,3512	67,903	42,3512	64,9154	
42,5155	72,233	42,5155	67,9601	42,5155	65,0275	42,5155	72,2677	42,5155	67,9027	42,5155	64,9154	
42,6794	72,2339	42,6794	67,9603	42,6794	65,0274	42,6794	72,2664	42,6794	67,9026	42,6794	64,915	
42,8431	72,2347	42,8431	67,9604	42,8431	65,0276	42,8431	72,2727	42,8431	67,9027	42,8431	64,9155	
43,0074	72,2324	43,0074	67,961	43,0074	65,028	43,0074	72,2705	43,0074	67,9044	43,0074	64,916	
43,1711	72,2339	43,1711	67,9602	43,1711	65,0277	43,1711	72,2728	43,1711	67,9049	43,1711	64,9153	
43,3356	72,2347	43,3356	67,9601	43,3356	65,0274	43,3356	72,2707	43,3356	67,9025	43,3356	64,9154	
43,4999	72,2473	43,4999	67,9597	43,4999	65,0281	43,4999	72,2724	43,4999	67,9042	43,4999	64,916	
43,6639	72,2357	43,6639	67,9608	43,6639	65,0281	43,6639	72,2693	43,6639	67,9035	43,6639	64,9161	
43,8276	72,2332	43,8276	67,9603	43,8276	65,0276	43,8276	72,2672	43,8276	67,9032	43,8276	64,9152	
43,991	72,2353	43,991	67,9599	43,991	65,0279	43,991	72,2739	43,991	67,9038	43,991	64,9152	
44,155	72,2334	44,155	67,9585	44,155	65,0276	44,155	72,2689	44,155	67,903	44,155	64,9154	
44,3195	72,2335	44,3195	67,9616	44,3195	65,027	44,3195	72,2691	44,3195	67,9026	44,3195	64,9158	
44,4842	72,2351	44,4842	67,9585	44,4842	65,0272	44,4842	72,2731	44,4842	67,9055	44,4842	64,9155	
44,6483	72,2346	44,6483	67,9611	44,6483	65,0286	44,6483	72,2682	44,6483	67,9038	44,6483	64,9157	
44,8126	72,2344	44,8126	67,9597	44,8126	65,0275	44,8126	72,2693	44,8126	67,9045	44,8126	64,9161	
44,9766	72,2347	44,9766	67,9605	44,9766	65,028	44,9766	72,2701	44,9766	67,9028	44,9766	64,9153	
45,1412	72,2342	45,1412	67,9598	45,1412	65,0274	45,1412	72,272	45,1412	67,9029	45,1412	64,915	
45,3049	72,2344	45,3049	67,96	45,3049	65,0284	45,3049	72,2704	45,3049	67,9038	45,3049	64,9154	
45,4683	72,2348	45,4683	67,9603	45,4683	65,0277	45,4683	72,269	45,4683	67,9023	45,4683	64,9165	
45,6323	72,2424	45,6323	67,9592	45,6323	65,0275	45,6323	72,2732	45,6323	67,9025	45,6323	64,9153	
45,7963	72,2344	45,7963	67,9596	45,7963	65,0282	45,7963	72,273	45,7963	67,9037	45,7963	64,9151	
45,9603	72,2343	45,9603	67,9596	45,9603	65,0277	45,9603	72,2705	45,9603	67,9064	45,9603	64,9145	
46,1242	72,2349	46,1242	67,9597	46,1242	65,0271	46,1242	72,2728	46,1242	67,9047	46,1242	64,915	
46,2882	72,2314	46,2882	67,9602	46,2882	65,0276	46,2882	72,2689	46,2882	67,9052	46,2882	64,9154	
46,4522	72,2355	46,4522	67,9597	46,4522	65,0274	46,4522	72,2671	46,4522	67,9036	46,4522	64,9156	
46,6165	72,2455	46,6165	67,9596	46,6165	65,0273	46,6165	72,2725	46,6165	67,9028	46,6165	64,9148	
46,7804	72,2403	46,7804	67,9612	46,7804	65,0276	46,7804	72,2709	46,7804	67,904	46,7804	64,9154	
46,9441	72,2316	46,9441	67,96	46,9441	65,0271	46,9441	72,2724	46,9441	67,9037	46,9441	64,9155	
47,1087	72,2409	47,1087	67,9596	47,1087	65,0276	47,1087	72,2692	47,1087	67,9033	47,1087	64,9152	
47,2726	72,2347	47,2726	67,9598	47,2726	65,0272	47,2726	72,2696	47,2726	67,9025	47,2726	64,9153	
47,4369	72,235	47,4369	67,9609	47,4369	65,0277	47,4369	72,2727	47,4369	67,903	47,4369	64,9151	
47,6006	72,2332	47,6006	67,959	47,6006	65,0283	47,6006	72,2726	47,6006	67,905	47,6006	64,9152	
47,7649	72,2349	47,7649	67,9592	47,7649	65,0283	47,7649	72,2696	47,7649	67,9041	47,7649	64,9148	
47,9296	72,2356	47,9296	67,9596	47,9296	65,0275	47,9296	72,2693	47,9296	67,9033	47,9296	64,9152	
48,0941	72,2439	48,0941	67,9602	48,0941	65,0275	48,0941	72,2719	48,0941	67,9019	48,0941	64,9153	
48,2581	72,2397	48,2581	67,9598	48,2581	65,0283	48,2581	72,2704	48,2581	67,9048	48,2581	64,9152	
48,4229	72,2339	48,4229	67,9607	48,4229	65,0271	48,4229	72,271	48,4229	67,9056	48,4229	64,9157	
48,5874	72,2332	48,5874	67,9601	48,5874	65,0273	48,5874	72,2654	48,5874	67,9033	48,5874	64,9148	
48,7514	72,2336	48,7514	67,9606	48,7514	65,0276	48,7514	72,2684	48,7514	67,9037	48,7514	64,9158	
48,9151	72,2351	48,9151	67,9595	48,9151	65,0271	48,9151	72,2709	48,9151	67,9026	48,9151	64,9156	
49,0788	72,2336	49,0788	67,9595	49,0788	65,0272	49,0788	72,2719	49,0788	67,9032	49,0788	64,915	
49,2428	72,2341	49,2428	67,9596	49,2428	65,0275	49,2428	72,2707	49,2428	67,9034	49,2428	64,9155	
49,4065	72,2345	49,4065	67,9611	49,4065	65,0272	49,4065	72,2702	49,4065	67,9026	49,4065	64,9154	
49,571	72,2337	49,571	67,9603	49,571	65,0275	49,571	72,2731	49,571	67,9048	49,571	64,9156	
49,735	72,2324	49,735	67,9589	49,735	65,0259	49,735	72,2666	49,735	67,9024	49,735	64,9151	
49,8995	72,232	49,8995	67,9578	49,8995	65,0256	49,8995	72,2715	49,8995	67,9002	49,8995	64,9136	
50,0638	72,2319	50,0638	67,9571	50,0638	65,026	50,0638	72,2707	50,0638	67,9021	50,0638	64,9137	
50,2289	72,2298	50,2289	67,9575	50,2289	65,0247	50,2289	72,2693	50,2289	67,9012	50,2289	64,914	
50,3927	72,2321	50,3927	67,9571	50,3927	65,0252	50,3927	72,2697	50,3927	67,9019	50,3927	64,9138	
50,5567	72,2316	50,5567	67,9584	50,5567	65,026	50,5567	72,2715	50,5567	67,902	50,5567	64,9143	
50,7209	72,233	50,7209	67,9578	50,7209	65,0263	50,7209	72,2703	50,7209	67,9027	50,7209	64,9147	
50,8854	72,2324	50,8854	67,958	50,8854	65,0261	50,8854	72,2724	50,8854	67,9026	50,8854	64,9143	
51,0489	72,2329	51,0489	67,9587	51,0489	65,0262	51,0489	72,2695	51,0489	67,9023	51,0489	64,9142	
51,2129	72,2324	51,2129	67,9582	51,2129	65,026	51,2129	72,2698	51,2129	67,9024	51,2129	64,9151	
51,3777	72,2437	51,3777	67,9583	51,3777	65,0265	51,3777	72,2693	51,3777	67,9033	51,3777	64,9147	
51,5459	72,2327	51,5459	67,9592	51,5459	65,0265	51,5459	72,2716	51,5459	67,9026	51,5459	64,9149	
51,7099	72,2345	51,7099	67,9589	51,7099	65,0263	51,7099	72,2688	51,7099	67,9039	51,7099	64,9157	
51,8744	72,2343	51,8744	67,9588	51,8744	65,0266	51,8744	72,2713	51,8744	67,9027	51,8744	64,9153	
52,0387	72,2327	52,0387	67,9593	52,0387	65,0276	52,0387	72,2729	52,0387	67,9027	52,0387	64,9151	
52,2029	72,2348	52,2029	67,9598	52,2029	65,0274	52,2029	72,2696	52,2029	67,9039	52,2029	64,9158	
52,3672	72,2346	52,3672	67,9601	52,3672	65,0274	52,3672	72,2709	52,3672	67,9028	52,3672	64,9153	
52,5317	72,2354	52,5317	67,9607	52,5317	65,0275	52,5317	72,272	52,5317	67,9033	52,5317	64,9154	
52,6954	72,2339	52,6954	67,9599	52,6954	65,0272	52,6954	72,2719	52,6954	67,9046	52,6954	64,9153	
52,8599	72,2338	52,8599	67,959	52,8599	65,0277	52,8599	72,2717	52,8599	67,9049	52,8599	64,9154	
53,0239	72,2434	53,0239	67,9594	53,0239	65,0271	53,0239	72,2705	53,0239	67,903	53,0239	64,9158	
53,1884	72,2329	53,1884	67,9593	53,1884	65,0277	53,1884	72,2729	53,1884	67,9049	53,1884	64,9156	
53,3529	72,2337	53,3529	67,9597	53,3529	65,028	53,3529	72,2738	53,3529	67,9049	53,3529	64,915	
53,5171	72,2328	53,5171	67,9613	53,5171	65,027	53,5171	72,2715	53,5171	67,9039	53,5171	64,9153	
53,6814	72,2348	53,6814	67,9603	53,6814	65,0273	53,6814	72,2749	53,6814	67,9045	53,6814	64,9154	
53,8451	72,2358	53,8451	67,9609	53,8451	65,0275	53,8451	72,2719	53,8451	67,9029	53,8451	64,9153	
54,0088	72,2336	54,0088	67,9598	54,0088	65,0275	54,0088	72,2756	54,0088	67,9035	54,0088	64,9159	
54,1727	72,2364	54,1727	67,9612	54,1727	65,0281	54,1727	72,2727	54,1727	67,9037	54,1727	64,9157	
54,337	72,2346	54,337	67,959	54,337	65,0274	54,337	72,2713	54,337	67,9027	54,337	64,9159	
54,501	72,2435	54,501	67,9603	54,501	65,0278	54,501	72,2703	54,501	67,9034	54,501	64,9155	
54,665	72,2332	54,665	67,9598	54,665	65,028	54,665	72,2724	54,665	67,9036	54,665	64,916	
54,8287	72,2336	54,8287	67,9595	54,8287	65,0271	54,8287	72,2715	54,8287	67,9055	54,8287	64,9162	
54,9927	72,2338	54,9927	67,9618	54,9927	65,0283	54,9927	72,2735	54,9927	67,9055	54,9927	64,9154	
55,1567	72,2346	55,1567	67,9608	55,1567	65,0275	55,1567	72,2714	55,1567	67,9038	55,1567	64,9158	
55,3207	72,2338	55,3207	67,9612	55,3207	65,0273	55,3207	72,2729	55,3207	67,9053	55,3207	64,9153	
55,4849	72,2345	55,4849	67,9596	55,4849	65,0274	55,4849	72,2736	55,4849	67,9033	55,4849	64,9169	
55,6491	72,2435	55,6491	67,9592	55,6491	65,0274	55,6491	72,2733	55,6491	67,9043	55,6491	64,9158	
55,8128	72,2349	55,8128	67,9606	55,8128	65,0277	55,8128	72,2719	55,8128	67,9036	55,8128	64,9157	
55,9765	72,2467	55,9765	67,9607	55,9765	65,0274	55,9765	72,2734	55,9765	67,9036	55,9765	64,916	
56,1405	72,2463	56,1405	67,9609	56,1405	65,0279	56,1405	72,2696	56,1405	67,9053	56,1405	64,9155	
56,305	72,2347	56,305	67,961	56,305	65,0279	56,305	72,2694	56,305	67,9042	56,305	64,9155	
56,4695	72,2338	56,4695	67,9606	56,4695	65,0279	56,4695	72,272	56,4695	67,9035	56,4695	64,9165	
56,634	72,2445	56,634	67,9607	56,634	65,0277	56,634	72,2706	56,634	67,9036	56,634	64,9154	
56,7982	72,2402	56,7982	67,9616	56,7982	65,0277	56,7982	72,273	56,7982	67,9045	56,7982	64,9159	
56,9622	72,2345	56,9622	67,9613	56,9622	65,0278	56,9622	72,2721	56,9622	67,9055	56,9622	64,9162	
57,1262	72,2458	57,1262	67,9606	57,1262	65,0282	57,1262	72,2674	57,1262	67,9038	57,1262	64,9156	
57,2909	72,2475	57,2909	67,9601	57,2909	65,0283	57,2909	72,2748	57,2909	67,9049	57,2909	64,9158	
57,4554	72,2358	57,4554	67,961	57,4554	65,0281	57,4554	72,2682	57,4554	67,9043	57,4554	64,9155	
57,6213	72,2488	57,6213	67,9614	57,6213	65,0281	57,6213	72,2748	57,6213	67,9053	57,6213	64,9157	
57,7852	72,2457	57,7852	67,9599	57,7852	65,0274	57,7852	72,2718	57,7852	67,9039	57,7852	64,9155	
57,949	72,2352	57,949	67,96	57,949	65,0275	57,949	72,2714	57,949	67,9031	57,949	64,9159	
58,114	72,2334	58,114	67,96	58,114	65,0275	58,114	72,2714	58,114	67,9031	58,114	64,9155	
58,2785	72,235	58,2785	67,9608	58,2785	65,0275	58,2785	72,2719	58,2785	67,9057	58,2785	64,9154	
58,443	72,2336	58,443	67,9608	58,443	65,0275	58,443	72,2687	58,443	67,9035	58,443	64,9158	
58,6067	72,2433	58,6067	67,9605	58,6067	65,0276	58,6067	72,2721	58,6067	67,9052	58,6067	64,9159	
58,7712	72,2443	58,7712	67,9606	58,7712	65,0277	58,7712	72,2733	58,7712	67,9052	58,7712	64,9157	
58,9357	72,2369	58,9357	67,9612	58,9357	65,0276	58,9357	72,2747	58,9357	67,9043	58,9357	64,9167	
59,0994	72,2345	59,0994	67,9605	59,0994	65,0277	59,0994	72,2725	59,0994	67,904	59,0994	64,9155	
59,2636	72,2339	59,2636	67,9616	59,2636	65,0276	59,2636	72,2729	59,2636	67,9057	59,2636	64,9157	
59,4278	72,2345	59,4278	67,9603	59,4278	65,0276	59,4278	72,2734	59,4278	67,9045	59,4278	64,9161	
59,5918	72,2446	59,5918	67,9602	59,5918	65,0284	59,5918	72,2727	59,5918	67,9052	59,5918	64,9156	
59,7563	72,2347	59,7563	67,9616	59,7563	65,027	59,7563	72,2726	59,7563	67,9043	59,7563	64,9159	
59,9206	72,2336	59,9206	67,9607	59,9206	65,0273	59,9206	72,2739	59,9206	67,9043	59,9206	64,9154	
60,0848	72,2449	60,0848	67,9613	60,0848	65,027	60,0848	72,2717	60,0848	67,905	60,0848	64,9162	
60,2508	72,2451	60,2508	67,9624	60,2508	65,0284	60,2508	72,2719	60,2508	67,9061	60,2508	64,9153	
60,4147	72,2348	60,4147	67,9606	60,4147	65,0275	60,4147	72,272	60,4147	67,904	60,4147	64,9159	
60,5787	72,2342	60,5787	67,9592	60,5787	65,0277	60,5787	72,2703	60,5787	67,9043	60,5787	64,9154	
60,7427	72,234	60,7427	67,9615	60,7427	65,0281	60,7427	72,2708	60,7427	67,9055	60,7427	64,9156	
60,9064	72,2365	60,9064	67,9608	60,9064	65,028	60,9064	72,2721	60,9064	67,9045	60,9064	64,9161	
61,0715	72,2355	61,0715	67,9599	61,0715	65,0279	61,0715	72,2672	61,0715	67,9027	61,0715	64,9159	
61,236	72,2348	61,236	67,9604	61,236	65,0275	61,236	72,2744	61,236	67,9041	61,236	64,9153	
61,3995	72,2354	61,3995	67,9614	61,3995	65,0277	61,3995	72,2728	61,3995	67,904	61,3995	64,9154	
61,5632	72,2358	61,5632	67,962	61,5632	65,0276	61,5632	72,2665	61,5632	67,9048	61,5632	64,9156	
61,7274	72,248	61,7274	67,9619	61,7274	65,0277	61,7274	72,274	61,7274	67,9043	61,7274	64,9156	
61,8912	72,2352	61,8912	67,9609	61,8912	65,0276	61,8912	72,2681	61,8912	67,9033	61,8912	64,9156	
62,0549	72,2345	62,0549	67,961	62,0549	65,0281	62,0549	72,2707	62,0549	67,9059	62,0549	64,9155	
62,2192	72,2349	62,2192	67,9609	62,2192	65,0278	62,2192	72,2735	62,2192	67,9026	62,2192	64,9159	
62,3826	72,2355	62,3826	67,9603	62,3826	65,0282	62,3826	72,2726	62,3826	67,9037	62,3826	64,9154	
62,5465	72,2468	62,5465	67,9612	62,5465	65,0282	62,5465	72,2659	62,5465	67,9055	62,5465	64,9156	
62,7103	72,2348	62,7103	67,9615	62,7103	65,0281	62,7103	72,2704	62,7103	67,9039	62,7103	64,9162	
62,8745	72,2451	62,8745	67,9602	62,8745	65,0277	62,8745	72,2725	62,8745	67,9062	62,8745	64,9163	
63,0385	72,2488	63,0385	67,9608	63,0385	65,0283	63,0385	72,2695	63,0385	67,9053	63,0385	64,9158	
63,2025	72,2346	63,2025	67,9617	63,2025	65,0291	63,2025	72,2692	63,2025	67,9066	63,2025	64,9164	
63,3661	72,2362	63,3661	67,9602	63,3661	65,0274	63,3661	72,2756	63,3661	67,9046	63,3661	64,9157	
63,5302	72,2352	63,5302	67,9603	63,5302	65,0284	63,5302	72,2727	63,5302	67,906	63,5302	64,9159	
63,6944	72,2442	63,6944	67,9603	63,6944	65,0279	63,6944	72,2757	63,6944	67,905	63,6944	64,9161	
63,8578	72,2371	63,8578	67,9609	63,8578	65,0278	63,8578	72,2713	63,8578	67,9036	63,8578	64,9161	
64,0212	72,2371	64,0212	67,9603	64,0212	65,0281	64,0212	72,2744	64,0212	67,9047	64,0212	64,9157	
64,1852	72,2365	64,1852	67,9611	64,1852	65,0285	64,1852	72,2665	64,1852	67,9059	64,1852	64,9157	
64,3489	72,2357	64,3489	67,9617	64,3489	65,0279	64,3489	72,2735	64,3489	67,9042	64,3489	64,9163	
64,5132	72,2359	64,5132	67,9606	64,5132	65,0281	64,5132	72,2738	64,5132	67,903	64,5132	64,9157	
64,6769	72,2353	64,6769	67,9621	64,6769	65,0288	64,6769	72,2723	64,6769	67,9041	64,6769	64,916	
64,8409	72,236	64,8409	67,9615	64,8409	65,0275	64,8409	72,2722	64,8409	67,9038	64,8409	64,9161	
65,0046	72,236	65,0046	67,9611	65,0046	65,0277	65,0046	72,269	65,0046	67,9055	65,0046	64,916	
65,1686	72,2337	65,1686	67,9603	65,1686	65,0277	65,1686	72,2754	65,1686	67,9048	65,1686	64,9156	
65,3323	72,247	65,3323	67,9609	65,3323	65,0284	65,3323	72,272	65,3323	67,904	65,3323	64,9162	
65,4965	72,2355	65,4965	67,9619	65,4965	65,0283	65,4965	72,273	65,4965	67,9046	65,4965	64,9159	
65,6613	72,2357	65,6613	67,9608	65,6613	65,0284	65,6613	72,2753	65,6613	67,9044	65,6613	64,9163	
65,8248	72,234	65,8248	67,9612	65,8248	65,0288	65,8248	72,2772	65,8248	67,9048	65,8248	64,9161	
65,989	72,2361	65,989	67,9615	65,989	65,0276	65,989	72,2769	65,989	67,9061	65,989	64,9162	
66,1527	72,2361	66,1527	67,9624	66,1527	65,0283	66,1527	72,2747	66,1527	67,9047	66,1527	64,9161	
66,3165	72,2402	66,3165	67,9602	66,3165	65,0276	66,3165	72,2752	66,3165	67,9044	66,3165	64,9163	
66,481	72,2413	66,481	67,9624	66,481	65,0281	66,481	72,2732	66,481	67,9058	66,481	64,9163	
66,6447	72,2337	66,6447	67,9605	66,6447	65,0281	66,6447	72,2743	66,6447	67,9037	66,6447	64,9165	
66,8089	72,2407	66,8089	67,9638	66,8089	65,0295	66,8089	72,2734	66,8089	67,9051	66,8089	64,9161	
66,9737	72,2794	66,9737	67,9794	66,9737	65,037	66,9737	72,2743	66,9737	67,9054	66,9737	64,9162	
67,1376	72,2984	67,1376	68,0045	67,1376	65,0556	67,1376	72,2709	67,1376	67,9052	67,1376	64,9163	
67,3014	72,3052	67,3014	68,0118	67,3014	65,062	67,3014	72,27	67,3014	67,9064	67,3014	64,9159	
67,4653	72,3104	67,4653	68,0177	67,4653	65,0657	67,4653	72,2749	67,4653	67,9065	67,4653	64,9163	
67,629	72,3139	67,629	68,0196	67,629	65,0678	67,629	72,2703	67,629	67,9052	67,629	64,9163	
67,7927	72,3155	67,7927	68,0234	67,7927	65,0696	67,7927	72,2703	67,7927	67,9045	67,7927	64,9163	
67,957	72,3161	67,957	68,024	67,957	65,0713	67,957	72,2749	67,957	67,9036	67,957	64,9162	
68,1212	72,3186	68,1212	68,0242	68,1212	65,072	68,1212	72,2749	68,1212	67,9057	68,1212	64,9164	
68,285	72,3182	68,285	68,0257	68,285	65,0724	68,285	72,2736	68,285	67,9047	68,285	64,9163	
68,4489	72,3201	68,4489	68,0256	68,4489	65,0724	68,4489	72,2739	68,4489	67,9048	68,4489	64,9158	
68,6134	72,3199	68,6134	68,0266	68,6134	65,0733	68,6134	72,2748	68,6134	67,9047	68,6134	64,916	
68,7774	72,319	68,7774	68,0264	68,7774	65,0736	68,7774	72,2754	68,7774	67,905	68,7774	64,9165	
68,9411	72,3205	68,9411	68,0273	68,9411	65,0732	68,9411	72,2716	68,9411	67,9047	68,9411	64,916	
69,1051	72,3207	69,1051	68,0255	69,1051	65,0739	69,1051	72,2758	69,1051	67,9046	69,1051	64,9165	
69,2686	72,3191	69,2686	68,0254	69,2686	65,0736	69,2686	72,2742	69,2686	67,9063	69,2686	64,9163	
69,432	72,3193	69,432	68,0266	69,432	65,0734	69,432	72,2732	69,432	67,9039	69,432	64,9159	
69,596	72,3202	69,596	68,0264	69,596	65,0732	69,596	72,2763	69,596	67,9052	69,596	64,9165	
69,76	72,3227	69,76	68,0257	69,76	65,0739	69,76	72,2735	69,76	67,9044	69,76	64,9164	
69,9234	72,3207	69,9234	68,0267	69,9234	65,0736	69,9234	72,2747	69,9234	67,9053	69,9234	64,9164	
70,0872	72,3187	70,0872	68,0277	70,0872	65,074	70,0872	72,2735	70,0872	67,9062	70,0872	64,9162	
70,2511	72,3195	70,2511	68,0268	70,2511	65,0737	70,2511	72,2745	70,2511	67,9046	70,2511	64,9163	
70,4154	72,3194	70,4154	68,0266	70,4154	65,074	70,4154	72,2754	70,4154	67,9061	70,4154	64,9163	
70,5788	72,3222	70,5788	68,0276	70,5788	65,0739	70,5788	72,2751	70,5788	67,9055	70,5788	64,9168	
70,7426	72,3202	70,7426	68,0269	70,7426	65,0739	70,7426	72,2741	70,7426	67,9053	70,7426	64,9162	
70,9063	72,3216	70,9063	68,0273	70,9063	65,0736	70,9063	72,2742	70,9063	67,9045	70,9063	64,9165	
71,0705	72,3203	71,0705	68,0266	71,0705	65,0739	71,0705	72,2739	71,0705	67,9051	71,0705	64,9166	
71,2342	72,3217	71,2342	68,0264	71,2342	65,0737	71,2342	72,2724	71,2342	67,9053	71,2342	64,9168	
71,3979	72,3193	71,3979	68,0272	71,3979	65,0737	71,3979	72,2772	71,3979	67,9065	71,3979	64,9161	
71,5616	72,3203	71,5616	68,0272	71,5616	65,0744	71,5616	72,2746	71,5616	67,9055	71,5616	64,9169	
71,7256	72,3223	71,7256	68,0274	71,7256	65,0736	71,7256	72,2767	71,7256	67,9047	71,7256	64,9161	
71,8896	72,3204	71,8896	68,0264	71,8896	65,0741	71,8896	72,2683	71,8896	67,9053	71,8896	64,9165	
72,0536	72,3208	72,0536	68,0269	72,0536	65,0743	72,0536	72,2764	72,0536	67,9052	72,0536	64,9169	
72,2176	72,322	72,2176	68,0278	72,2176	65,0738	72,2176	72,2772	72,2176	67,9052	72,2176	64,9167	
72,3816	72,32	72,3816	68,0262	72,3816	65,0738	72,3816	72,2714	72,3816	67,9059	72,3816	64,9169	
72,5458	72,3208	72,5458	68,0272	72,5458	65,0735	72,5458	72,2756	72,5458	67,9047	72,5458	64,9161	
72,7092	72,3206	72,7092	68,0266	72,7092	65,0734	72,7092	72,2742	72,7092	67,9046	72,7092	64,916	
72,8729	72,3199	72,8729	68,0257	72,8729	65,0732	72,8729	72,275	72,8729	67,9063	72,8729	64,9164	
73,0369	72,3189	73,0369	68,0251	73,0369	65,0732	73,0369	72,2742	73,0369	67,9062	73,0369	64,9159	
73,2011	72,3191	73,2011	68,026	73,2011	65,0733	73,2011	72,2723	73,2011	67,9052	73,2011	64,917	
73,3654	72,3182	73,3654	68,0254	73,3654	65,0722	73,3654	72,2738	73,3654	67,9058	73,3654	64,9164	
73,5294	72,319	73,5294	68,0248	73,5294	65,0719	73,5294	72,2741	73,5294	67,9048	73,5294	64,9167	
73,6934	72,3167	73,6934	68,025	73,6934	65,0728	73,6934	72,2776	73,6934	67,9048	73,6934	64,9166	
73,8571	72,3168	73,8571	68,0253	73,8571	65,0716	73,8571	72,2768	73,8571	67,9074	73,8571	64,917	
74,0221	72,3181	74,0221	68,0249	74,0221	65,0717	74,0221	72,2765	74,0221	67,9052	74,0221	64,9162	
74,1861	72,3167	74,1861	68,0246	74,1861	65,0716	74,1861	72,2731	74,1861	67,9069	74,1861	64,9164	
74,3495	72,3177	74,3495	68,0243	74,3495	65,0711	74,3495	72,2751	74,3495	67,907	74,3495	64,9164	
74,5135	72,3164	74,5135	68,0231	74,5135	65,0704	74,5135	72,2743	74,5135	67,9069	74,5135	64,9171	
74,6773	72,3158	74,6773	68,0228	74,6773	65,0709	74,6773	72,2707	74,6773	67,9059	74,6773	64,9163	
74,8412	72,3128	74,8412	68,02	74,8412	65,0681	74,8412	72,27	74,8412	67,9071	74,8412	64,917	
75,0061	72,3079	75,0061	68,0172	75,0061	65,0647	75,0061	72,2751	75,0061	67,905	75,0061	64,9166	
75,1703	72,3046	75,1703	68,0132	75,1703	65,0619	75,1703	72,275	75,1703	67,9066	75,1703	64,9167	
75,3343	72,3013	75,3343	68,0097	75,3343	65,0594	75,3343	72,2775	75,3343	67,9061	75,3343	64,9164	
75,4988	72,2972	75,4988	68,007	75,4988	65,0575	75,4988	72,2768	75,4988	67,9048	75,4988	64,9179	
75,6628	72,2941	75,6628	68,0037	75,6628	65,0548	75,6628	72,2775	75,6628	67,9068	75,6628	64,9172	
75,8273	72,2837	75,8273	67,9966	75,8273	65,0506	75,8273	72,2763	75,8273	67,9057	75,8273	64,9172	
75,991	72,2629	75,991	67,9829	75,991	65,0406	75,991	72,277	75,991	67,9075	75,991	64,9172	
76,1553	72,2497	76,1553	67,9727	76,1553	65,0348	76,1553	72,2767	76,1553	67,906	76,1553	64,9172	
76,3187	72,2423	76,3187	67,9668	76,3187	65,0316	76,3187	72,2744	76,3187	67,907	76,3187	64,9178	
76,4834	72,2504	76,4834	67,9636	76,4834	65,0297	76,4834	72,2776	76,4834	67,9065	76,4834	64,9171	
76,6485	72,2346	76,6485	67,9627	76,6485	65,0296	76,6485	72,2759	76,6485	67,9059	76,6485	64,9164	
76,812	72,2355	76,812	67,9624	76,812	65,0291	76,812	72,2743	76,812	67,9071	76,812	64,9167	
76,9757	72,2344	76,9757	67,9614	76,9757	65,0283	76,9757	72,2707	76,9757	67,9079	76,9757	64,9168	
77,1395	72,2452	77,1395	67,9608	77,1395	65,0292	77,1395	72,2741	77,1395	67,9077	77,1395	64,9171	
77,304	72,2337	77,304	67,9599	77,304	65,0284	77,304	72,2757	77,304	67,9077	77,304	64,9173	
77,4677	72,2415	77,4677	67,961	77,4677	65,0285	77,4677	72,2762	77,4677	67,9073	77,4677	64,9166	
77,632	72,2335	77,632	67,9598	77,632	65,0278	77,632	72,2743	77,632	67,9062	77,632	64,917	
77,7962	72,2334	77,7962	67,9606	77,7962	65,0281	77,7962	72,2739	77,7962	67,9059	77,7962	64,9176	
77,9597	72,2336	77,9597	67,9595	77,9597	65,0278	77,9597	72,2753	77,9597	67,9057	77,9597	64,9166	
78,1239	72,2433	78,1239	67,9604	78,1239	65,0275	78,1239	72,2728	78,1239	67,9055	78,1239	64,9169	
78,2879	72,2437	78,2879	67,9609	78,2879	65,0281	78,2879	72,2786	78,2879	67,9048	78,2879	64,9171	
78,4516	72,2328	78,4516	67,9606	78,4516	65,0281	78,4516	72,2744	78,4516	67,9079	78,4516	64,9171	
78,6158	72,2342	78,6158	67,9614	78,6158	65,0277	78,6158	72,2776	78,6158	67,9074	78,6158	64,917	
78,7798	72,2432	78,7798	67,9607	78,7798	65,028	78,7798	72,2756	78,7798	67,905	78,7798	64,9169	
78,944	72,2339	78,944	67,9602	78,944	65,0287	78,944	72,2745	78,944	67,9079	78,944	64,9169	
79,1083	72,2449	79,1083	67,9598	79,1083	65,0283	79,1083	72,2734	79,1083	67,9089	79,1083	64,917	
79,2725	72,2437	79,2725	67,9602	79,2725	65,0277	79,2725	72,2755	79,2725	67,9073	79,2725	64,9168	
79,4371	72,2342	79,4371	67,9594	79,4371	65,0278	79,4371	72,278	79,4371	67,9074	79,4371	64,9166	
79,6013	72,2318	79,6013	67,9594	79,6013	65,0275	79,6013	72,2753	79,6013	67,9069	79,6013	64,9166	
79,7651	72,233	79,7651	67,9592	79,7651	65,0275	79,7651	72,2759	79,7651	67,9062	79,7651	64,9169	
79,929	72,2454	79,929	67,9604	79,929	65,0271	79,929	72,2752	79,929	67,9057	79,929	64,9169	
80,093	72,2426	80,093	67,9605	80,093	65,0274	80,093	72,2751	80,093	67,9045	80,093	64,9168	
80,2582	72,2339	80,2582	67,9599	80,2582	65,0277	80,2582	72,2744	80,2582	67,9078	80,2582	64,9172	
80,4222	72,2325	80,4222	67,9594	80,4222	65,0278	80,4222	72,2764	80,4222	67,9053	80,4222	64,9172	
80,5867	72,2329	80,5867	67,9613	80,5867	65,028	80,5867	72,2777	80,5867	67,9077	80,5867	64,9172	
80,7507	72,2336	80,7507	67,9598	80,7507	65,0279	80,7507	72,2759	80,7507	67,9075	80,7507	64,9174	
80,9149	72,2338	80,9149	67,9597	80,9149	65,0277	80,9149	72,2779	80,9149	67,9061	80,9149	64,9168	
81,0797	72,2325	81,0797	67,9599	81,0797	65,0276	81,0797	72,2747	81,0797	67,9056	81,0797	64,9169	
81,2437	72,233	81,2437	67,9606	81,2437	65,028	81,2437	72,2782	81,2437	67,9061	81,2437	64,9173	
81,4083	72,2334	81,4083	67,9606	81,4083	65,0275	81,4083	72,2704	81,4083	67,9071	81,4083	64,9166	
81,5719	72,2322	81,5719	67,9599	81,5719	65,0276	81,5719	72,2748	81,5719	67,9071	81,5719	64,9168	
81,7358	72,232	81,7358	67,9609	81,7358	65,0276	81,7358	72,271	81,7358	67,9054	81,7358	64,9167	
81,8995	72,2425	81,8995	67,9597	81,8995	65,0272	81,8995	72,2783	81,8995	67,9061	81,8995	64,9172	
82,0632	72,2447	82,0632	67,9589	82,0632	65,0275	82,0632	72,2778	82,0632	67,9064	82,0632	64,9173	
82,2272	72,2328	82,2272	67,9604	82,2272	65,0278	82,2272	72,2767	82,2272	67,9061	82,2272	64,9173	
82,3918	72,2335	82,3918	67,961	82,3918	65,0274	82,3918	72,2767	82,3918	67,9065	82,3918	64,9168	
82,5558	72,2341	82,5558	67,9601	82,5558	65,0281	82,5558	72,2757	82,5558	67,9059	82,5558	64,9169	
82,7206	72,2468	82,7206	67,9588	82,7206	65,0279	82,7206	72,2785	82,7206	67,9076	82,7206	64,917	
82,8851	72,2336	82,8851	67,9605	82,8851	65,0277	82,8851	72,2779	82,8851	67,9062	82,8851	64,9168	
83,0491	72,243	83,0491	67,9595	83,0491	65,0281	83,0491	72,2768	83,0491	67,906	83,0491	64,9174	
83,2125	72,2333	83,2125	67,961	83,2125	65,027	83,2125	72,2765	83,2125	67,905	83,2125	64,9169	
83,3767	72,2336	83,3767	67,96	83,3767	65,0277	83,3767	72,2766	83,3767	67,9065	83,3767	64,9172	
83,5407	72,2328	83,5407	67,9597	83,5407	65,028	83,5407	72,2774	83,5407	67,9073	83,5407	64,917	
83,7045	72,2329	83,7045	67,9592	83,7045	65,0288	83,7045	72,2766	83,7045	67,9053	83,7045	64,9167	
83,8681	72,2453	83,8681	67,9594	83,8681	65,028	83,8681	72,2778	83,8681	67,9074	83,8681	64,9174	
84,0322	72,2325	84,0322	67,9604	84,0322	65,0276	84,0322	72,2775	84,0322	67,9076	84,0322	64,9166	
84,1967	72,2336	84,1967	67,9606	84,1967	65,0274	84,1967	72,2762	84,1967	67,9076	84,1967	64,9172	
84,3609	72,2455	84,3609	67,9593	84,3609	65,0276	84,3609	72,2749	84,3609	67,9077	84,3609	64,9169	
84,526	72,2323	84,526	67,96	84,526	65,0275	84,526	72,2753	84,526	67,9071	84,526	64,9171	
84,69	72,2342	84,69	67,96	84,69	65,0288	84,69	72,2756	84,69	67,9082	84,69	64,9171	
84,854	72,2409	84,854	67,9605	84,854	65,0278	84,854	72,2775	84,854	67,9063	84,854	64,917	
85,0177	72,2327	85,0177	67,9593	85,0177	65,0279	85,0177	72,2766	85,0177	67,9079	85,0177	64,9171	
85,182	72,2453	85,182	67,96	85,182	65,0277	85,182	72,2761	85,182	67,9066	85,182	64,9172	
85,3457	72,2345	85,3457	67,9588	85,3457	65,0276	85,3457	72,2771	85,3457	67,9059	85,3457	64,9171	
85,5099	72,2331	85,5099	67,9597	85,5099	65,0276	85,5099	72,2732	85,5099	67,9065	85,5099	64,917	
85,6739	72,2328	85,6739	67,9611	85,6739	65,0272	85,6739	72,2777	85,6739	67,9053	85,6739	64,9168	
85,8382	72,2471	85,8382	67,9615	85,8382	65,0279	85,8382	72,2773	85,8382	67,9059	85,8382	64,9168	
86,0019	72,2333	86,0019	67,9609	86,0019	65,0277	86,0019	72,2791	86,0019	67,906	86,0019	64,9168	
86,1662	72,2431	86,1662	67,9599	86,1662	65,0276	86,1662	72,2706	86,1662	67,9066	86,1662	64,9172	
86,3309	72,2459	86,3309	67,9591	86,3309	65,0275	86,3309	72,2772	86,3309	67,9078	86,3309	64,9171	
86,4952	72,234	86,4952	67,9597	86,4952	65,0275	86,4952	72,2781	86,4952	67,9074	86,4952	64,9168	
86,6594	72,2327	86,6594	67,9611	86,6594	65,028	86,6594	72,2783	86,6594	67,9077	86,6594	64,9173	
86,8242	72,2326	86,8242	67,9597	86,8242	65,0279	86,8242	72,2745	86,8242	67,9065	86,8242	64,9173	
86,9879	72,2337	86,9879	67,9609	86,9879	65,0277	86,9879	72,2783	86,9879	67,9078	86,9879	64,9172	
87,1522	72,2351	87,1522	67,9597	87,1522	65,0278	87,1522	72,2783	87,1522	67,906	87,1522	64,9172	
87,3162	72,2335	87,3162	67,9604	87,3162	65,0283	87,3162	72,2764	87,3162	67,9084	87,3162	64,9175	
87,4812	72,2326	87,4812	67,9603	87,4812	65,0277	87,4812	72,2774	87,4812	67,9055	87,4812	64,9172	
87,6455	72,2329	87,6455	67,9602	87,6455	65,0275	87,6455	72,2742	87,6455	67,9061	87,6455	64,9169	
87,8095	72,2333	87,8095	67,9603	87,8095	65,0285	87,8095	72,2792	87,8095	67,9063	87,8095	64,917	
87,9737	72,2329	87,9737	67,9608	87,9737	65,028	87,9737	72,2755	87,9737	67,9066	87,9737	64,9171	
88,1372	72,2437	88,1372	67,959	88,1372	65,0277	88,1372	72,2763	88,1372	67,906	88,1372	64,9167	
88,3012	72,2459	88,3012	67,9593	88,3012	65,0282	88,3012	72,2797	88,3012	67,9073	88,3012	64,9174	
88,4657	72,2337	88,4657	67,96	88,4657	65,0275	88,4657	72,2748	88,4657	67,9066	88,4657	64,9174	
88,6297	72,2464	88,6297	67,9601	88,6297	65,0283	88,6297	72,2773	88,6297	67,9055	88,6297	64,9168	
88,7939	72,2332	88,7939	67,9608	88,7939	65,0276	88,7939	72,2756	88,7939	67,9068	88,7939	64,9174	
88,9581	72,2355	88,9581	67,9619	88,9581	65,0276	88,9581	72,2771	88,9581	67,9065	88,9581	64,9171	
89,1221	72,2476	89,1221	67,9611	89,1221	65,0278	89,1221	72,2778	89,1221	67,9061	89,1221	64,9176	
89,2868	72,2354	89,2868	67,9601	89,2868	65,0279	89,2868	72,277	89,2868	67,9078	89,2868	64,9174	
89,4516	72,2354	89,4516	67,9603	89,4516	65,0279	89,4516	72,2759	89,4516	67,9075	89,4516	64,9176	
89,6162	72,2338	89,6162	67,9601	89,6162	65,0279	89,6162	72,2761	89,6162	67,908	89,6162	64,9176	
89,7807	72,2332	89,7807	67,96	89,7807	65,0278	89,7807	72,2755	89,7807	67,9065	89,7807	64,917	
