Time (min) - L1 670nm	 - L1 670nm	Time (min) - L2 785nm	 - L2 785nm	Time (min) - L3 980nm	 - L3 980nm	Time (min) - L5 670nm	 - L5 670nm	Time (min) - L6 785nm	 - L6 785nm	Time (min) - L7 980nm	 - L7 980nm	
0,17485	72,2739	0,17485	67,9879	0,17485	65,0377	0,17485	72,5178	0,17485	68,0052	0,17485	64,9503	
0,341267	72,2841	0,341267	67,986	0,341267	65,0366	0,341267	72,5175	0,341267	68,0046	0,341267	64,9501	
0,504717	72,2733	0,504717	67,9854	0,504717	65,036	0,504717	72,5182	0,504717	68,0036	0,504717	64,9491	
0,669533	72,2822	0,669533	67,9853	0,669533	65,0352	0,669533	72,5175	0,669533	68,0032	0,669533	64,9488	
0,834583	72,2811	0,834583	67,9848	0,834583	65,0352	0,834583	72,5151	0,834583	68,0041	0,834583	64,9489	
0,99855	72,2842	0,99855	67,9861	0,99855	65,0346	0,99855	72,5189	0,99855	68,0023	0,99855	64,948	
1,16257	72,2723	1,16257	67,9837	1,16257	65,0346	1,16257	72,516	1,16257	68,0023	1,16257	64,9483	
1,32682	72,2787	1,32682	67,9839	1,32682	65,0349	1,32682	72,5179	1,32682	68,0025	1,32682	64,948	
1,49023	72,2838	1,49023	67,9834	1,49023	65,0348	1,49023	72,5165	1,49023	68,0012	1,49023	64,9481	
1,65393	72,2824	1,65393	67,9828	1,65393	65,0344	1,65393	72,5154	1,65393	68,0026	1,65393	64,9478	
1,81795	72,2828	1,81795	67,9845	1,81795	65,0342	1,81795	72,515	1,81795	68,0015	1,81795	64,9479	
1,98275	72,2812	1,98275	67,9829	1,98275	65,0338	1,98275	72,5151	1,98275	68,0018	1,98275	64,9477	
2,14668	72,27	2,14668	67,9841	2,14668	65,0339	2,14668	72,5154	2,14668	68,0005	2,14668	64,9475	
2,31147	72,2807	2,31147	67,9847	2,31147	65,0337	2,31147	72,5142	2,31147	68,0012	2,31147	64,947	
2,47548	72,2822	2,47548	67,9834	2,47548	65,0341	2,47548	72,5201	2,47548	68,0005	2,47548	64,9475	
2,6395	72,2809	2,6395	67,9828	2,6395	65,0339	2,6395	72,5194	2,6395	68,0017	2,6395	64,9473	
2,80352	72,2706	2,80352	67,9836	2,80352	65,0339	2,80352	72,5162	2,80352	68,0016	2,80352	64,9476	
2,9675	72,284	2,9675	67,983	2,9675	65,0334	2,9675	72,5154	2,9675	68,0016	2,9675	64,9475	
3,13122	72,2802	3,13122	67,9832	3,13122	65,0339	3,13122	72,5191	3,13122	68,0015	3,13122	64,9479	
3,29548	72,2842	3,29548	67,9831	3,29548	65,0336	3,29548	72,5151	3,29548	68,0013	3,29548	64,9471	
3,45973	72,2792	3,45973	67,9828	3,45973	65,0335	3,45973	72,5182	3,45973	68,0007	3,45973	64,9476	
3,6237	72,2796	3,6237	67,9834	3,6237	65,0334	3,6237	72,5129	3,6237	68,0014	3,6237	64,9468	
3,78742	72,2838	3,78742	67,9825	3,78742	65,0338	3,78742	72,5147	3,78742	68,001	3,78742	64,9472	
3,95188	72,2809	3,95188	67,982	3,95188	65,0333	3,95188	72,515	3,95188	68,0013	3,95188	64,9472	
4,11613	72,2839	4,11613	67,983	4,11613	65,0332	4,11613	72,5149	4,11613	68,0007	4,11613	64,9472	
4,28038	72,2691	4,28038	67,9838	4,28038	65,033	4,28038	72,5205	4,28038	68,0007	4,28038	64,9467	
4,44433	72,2821	4,44433	67,9831	4,44433	65,0333	4,44433	72,5145	4,44433	68,0016	4,44433	64,9473	
4,60835	72,2813	4,60835	67,9826	4,60835	65,0337	4,60835	72,5192	4,60835	68,0013	4,60835	64,9471	
4,77258	72,2801	4,77258	67,9837	4,77258	65,0338	4,77258	72,5146	4,77258	68,0014	4,77258	64,9475	
4,9363	72,2809	4,9363	67,9832	4,9363	65,0336	4,9363	72,5197	4,9363	68,0009	4,9363	64,947	
5,10055	72,286	5,10055	67,9829	5,10055	65,0337	5,10055	72,5141	5,10055	68,0024	5,10055	64,947	
5,26455	72,2703	5,26455	67,9831	5,26455	65,0331	5,26455	72,5135	5,26455	68,002	5,26455	64,9471	
5,42882	72,2715	5,42882	67,9829	5,42882	65,0336	5,42882	72,5174	5,42882	68,0015	5,42882	64,9472	
5,59362	72,2825	5,59362	67,9832	5,59362	65,0337	5,59362	72,514	5,59362	68,0014	5,59362	64,9476	
5,75787	72,2831	5,75787	67,9822	5,75787	65,0334	5,75787	72,5133	5,75787	68,0015	5,75787	64,9469	
5,9222	72,273	5,9222	67,9839	5,9222	65,0336	5,9222	72,5166	5,9222	68,0011	5,9222	64,9472	
6,08645	72,2827	6,08645	67,9831	6,08645	65,0334	6,08645	72,5138	6,08645	68,0015	6,08645	64,9474	
6,2515	72,2825	6,2515	67,9838	6,2515	65,034	6,2515	72,5201	6,2515	68,0004	6,2515	64,9472	
6,41555	72,2725	6,41555	67,9828	6,41555	65,0337	6,41555	72,5149	6,41555	68,002	6,41555	64,9474	
6,57897	72,2814	6,57897	67,9836	6,57897	65,0352	6,57897	72,5152	6,57897	68,0013	6,57897	64,9474	
6,74293	72,2843	6,74293	67,9833	6,74293	65,0338	6,74293	72,5186	6,74293	68,0021	6,74293	64,9472	
6,90665	72,2842	6,90665	67,9835	6,90665	65,0334	6,90665	72,5155	6,90665	68,0009	6,90665	64,9473	
7,07035	72,2808	7,07035	67,9828	7,07035	65,0338	7,07035	72,5137	7,07035	68,0011	7,07035	64,9473	
7,23438	72,2807	7,23438	67,9837	7,23438	65,0337	7,23438	72,519	7,23438	68,0024	7,23438	64,947	
7,39907	72,2709	7,39907	67,9845	7,39907	65,0338	7,39907	72,5206	7,39907	68,001	7,39907	64,9468	
7,56277	72,2802	7,56277	67,9831	7,56277	65,0338	7,56277	72,5136	7,56277	68,0018	7,56277	64,9473	
7,72677	72,2713	7,72677	67,9828	7,72677	65,0333	7,72677	72,5157	7,72677	68,0006	7,72677	64,9474	
7,89102	72,2825	7,89102	67,9841	7,89102	65,0329	7,89102	72,5167	7,89102	68,0014	7,89102	64,9472	
8,05527	72,2823	8,05527	67,9839	8,05527	65,0333	8,05527	72,514	8,05527	68,0004	8,05527	64,9473	
8,219	72,2818	8,219	67,9842	8,219	65,0337	8,219	72,5159	8,219	68,0018	8,219	64,9471	
8,38297	72,2817	8,38297	67,9834	8,38297	65,0338	8,38297	72,5187	8,38297	68,0009	8,38297	64,9466	
8,54747	72,2808	8,54747	67,9826	8,54747	65,0337	8,54747	72,5145	8,54747	68,0013	8,54747	64,9471	
8,71177	72,2861	8,71177	67,9844	8,71177	65,0337	8,71177	72,5154	8,71177	68,0016	8,71177	64,9473	
8,87575	72,2829	8,87575	67,9835	8,87575	65,0333	8,87575	72,5158	8,87575	68,0017	8,87575	64,9472	
9,03948	72,2817	9,03948	67,9826	9,03948	65,0335	9,03948	72,5191	9,03948	68,0012	9,03948	64,9475	
9,20345	72,2717	9,20345	67,9833	9,20345	65,0336	9,20345	72,5202	9,20345	68,0011	9,20345	64,947	
9,3677	72,2808	9,3677	67,9829	9,3677	65,0336	9,3677	72,5185	9,3677	68,0011	9,3677	64,947	
9,53195	72,2819	9,53195	67,9833	9,53195	65,0336	9,53195	72,5147	9,53195	68,0012	9,53195	64,9475	
9,69705	72,2848	9,69705	67,9839	9,69705	65,0337	9,69705	72,5158	9,69705	68,0016	9,69705	64,947	
9,86077	72,2867	9,86077	67,9832	9,86077	65,0337	9,86077	72,5164	9,86077	68,0021	9,86077	64,9472	
10,0248	72,2856	10,0248	67,9834	10,0248	65,0341	10,0248	72,5177	10,0248	68,0017	10,0248	64,9471	
10,189	72,281	10,189	67,983	10,189	65,0331	10,189	72,515	10,189	68,0016	10,189	64,9471	
10,3533	72,271	10,3533	67,9827	10,3533	65,033	10,3533	72,5179	10,3533	68,001	10,3533	64,9468	
10,5173	72,2818	10,5173	67,9835	10,5173	65,0334	10,5173	72,5176	10,5173	68,0013	10,5173	64,9471	
10,6807	72,282	10,6807	67,9828	10,6807	65,033	10,6807	72,5152	10,6807	68,0006	10,6807	64,9469	
10,845	72,2818	10,845	67,9846	10,845	65,0334	10,845	72,5133	10,845	68,0013	10,845	64,9468	
11,0084	72,2831	11,0084	67,9828	11,0084	65,0333	11,0084	72,5148	11,0084	68,0009	11,0084	64,9468	
11,1724	72,2712	11,1724	67,984	11,1724	65,0331	11,1724	72,5141	11,1724	68,0009	11,1724	64,947	
11,3361	72,2819	11,3361	67,9841	11,3361	65,0338	11,3361	72,5144	11,3361	68,0014	11,3361	64,947	
11,4998	72,2821	11,4998	67,9834	11,4998	65,0339	11,4998	72,5195	11,4998	68,0009	11,4998	64,9477	
11,6636	72,2859	11,6636	67,9823	11,6636	65,0337	11,6636	72,5149	11,6636	68,0011	11,6636	64,9474	
11,8275	72,2808	11,8275	67,9834	11,8275	65,0337	11,8275	72,5193	11,8275	67,9993	11,8275	64,947	
11,9918	72,2825	11,9918	67,9828	11,9918	65,0336	11,9918	72,5154	11,9918	68,0011	11,9918	64,9469	
12,156	72,2835	12,156	67,9834	12,156	65,0339	12,156	72,5188	12,156	68,002	12,156	64,9473	
12,3198	72,2825	12,3198	67,9832	12,3198	65,0338	12,3198	72,515	12,3198	68,0013	12,3198	64,9471	
12,4832	72,2846	12,4832	67,9827	12,4832	65,0338	12,4832	72,5189	12,4832	68,0027	12,4832	64,9473	
12,647	72,2815	12,647	67,9837	12,647	65,0334	12,647	72,5151	12,647	68,0005	12,647	64,9473	
12,8107	72,2714	12,8107	67,9839	12,8107	65,0336	12,8107	72,5171	12,8107	67,9997	12,8107	64,947	
12,9741	72,2726	12,9741	67,9848	12,9741	65,0338	12,9741	72,5154	12,9741	68,0015	12,9741	64,947	
13,1384	72,2846	13,1384	67,9842	13,1384	65,0337	13,1384	72,5177	13,1384	68,0013	13,1384	64,9474	
13,3022	72,2733	13,3022	67,985	13,3022	65,0334	13,3022	72,515	13,3022	68,0016	13,3022	64,9473	
13,4659	72,2835	13,4659	67,9818	13,4659	65,0337	13,4659	72,5153	13,4659	68,0003	13,4659	64,9471	
13,6299	72,2853	13,6299	67,9841	13,6299	65,0341	13,6299	72,5141	13,6299	68,0015	13,6299	64,9473	
13,7938	72,2717	13,7938	67,9842	13,7938	65,0336	13,7938	72,5173	13,7938	68,0016	13,7938	64,9474	
13,9578	72,2722	13,9578	67,9839	13,9578	65,0341	13,9578	72,5159	13,9578	68,0017	13,9578	64,9472	
14,1215	72,2722	14,1215	67,9846	14,1215	65,0337	14,1215	72,5198	14,1215	68,0018	14,1215	64,9473	
14,2853	72,2733	14,2853	67,9828	14,2853	65,0337	14,2853	72,5177	14,2853	67,9993	14,2853	64,9468	
14,4487	72,2832	14,4487	67,9831	14,4487	65,0337	14,4487	72,5143	14,4487	68,0016	14,4487	64,9474	
14,6121	72,2713	14,6121	67,9836	14,6121	65,0341	14,6121	72,5193	14,6121	68	14,6121	64,9472	
14,7758	72,2728	14,7758	67,9838	14,7758	65,0341	14,7758	72,5162	14,7758	67,9997	14,7758	64,9475	
14,9398	72,2842	14,9398	67,9824	14,9398	65,0336	14,9398	72,5147	14,9398	68,0014	14,9398	64,9472	
15,1035	72,283	15,1035	67,984	15,1035	65,0341	15,1035	72,5156	15,1035	68	15,1035	64,9476	
15,2673	72,2839	15,2673	67,9836	15,2673	65,0335	15,2673	72,5145	15,2673	68,001	15,2673	64,9479	
15,4312	72,2827	15,4312	67,984	15,4312	65,0334	15,4312	72,5158	15,4312	68,001	15,4312	64,9475	
15,595	72,2738	15,595	67,9829	15,595	65,0339	15,595	72,5158	15,595	68,0018	15,595	64,9476	
15,7595	72,2851	15,7595	67,984	15,7595	65,0338	15,7595	72,5195	15,7595	68,0025	15,7595	64,9474	
15,9235	72,2813	15,9235	67,9837	15,9235	65,0336	15,9235	72,5146	15,9235	67,9999	15,9235	64,9475	
16,0872	72,282	16,0872	67,985	16,0872	65,0337	16,0872	72,5203	16,0872	68,0017	16,0872	64,9475	
16,2509	72,2828	16,2509	67,983	16,2509	65,0338	16,2509	72,5157	16,2509	68,0015	16,2509	64,9472	
16,4153	72,2733	16,4153	67,9842	16,4153	65,0337	16,4153	72,5149	16,4153	68,0017	16,4153	64,9471	
16,5788	72,2855	16,5788	67,9848	16,5788	65,0339	16,5788	72,5178	16,5788	68,002	16,5788	64,9473	
16,7425	72,2848	16,7425	67,9842	16,7425	65,0337	16,7425	72,5179	16,7425	68,0026	16,7425	64,9471	
16,9062	72,2851	16,9062	67,9839	16,9062	65,0339	16,9062	72,516	16,9062	68,0005	16,9062	64,9472	
17,0705	72,2836	17,0705	67,9857	17,0705	65,0346	17,0705	72,5149	17,0705	68,0011	17,0705	64,9473	
17,2347	72,2757	17,2347	67,986	17,2347	65,0354	17,2347	72,5147	17,2347	68,0017	17,2347	64,9472	
17,3987	72,2876	17,3987	67,9883	17,3987	65,0355	17,3987	72,5161	17,3987	68,0018	17,3987	64,9472	
17,5627	72,2868	17,5627	67,9871	17,5627	65,0359	17,5627	72,5165	17,5627	68,0012	17,5627	64,9469	
17,7262	72,2878	17,7262	67,9875	17,7262	65,0365	17,7262	72,5161	17,7262	68,0018	17,7262	64,9471	
17,8902	72,2878	17,8902	67,9874	17,8902	65,0364	17,8902	72,5144	17,8902	68,0011	17,8902	64,9474	
18,0539	72,2881	18,0539	67,9888	18,0539	65,0366	18,0539	72,5134	18,0539	68,0022	18,0539	64,9471	
18,2176	72,2892	18,2176	67,9888	18,2176	65,0365	18,2176	72,514	18,2176	68,0021	18,2176	64,9471	
18,3811	72,2788	18,3811	67,9882	18,3811	65,0365	18,3811	72,5207	18,3811	68,0021	18,3811	64,9469	
18,545	72,2903	18,545	67,9876	18,545	65,0365	18,545	72,5152	18,545	68,001	18,545	64,9473	
18,7085	72,2774	18,7085	67,9879	18,7085	65,037	18,7085	72,5152	18,7085	68,0015	18,7085	64,9473	
18,8727	72,2845	18,8727	67,9882	18,8727	65,0367	18,8727	72,5203	18,8727	68,0017	18,8727	64,9477	
19,0364	72,2776	19,0364	67,9874	19,0364	65,0368	19,0364	72,5161	19,0364	68,0022	19,0364	64,947	
19,2002	72,2788	19,2002	67,9881	19,2002	65,0361	19,2002	72,5145	19,2002	68,0025	19,2002	64,9471	
19,3639	72,2789	19,3639	67,9879	19,3639	65,0371	19,3639	72,515	19,3639	68,0024	19,3639	64,9477	
19,5276	72,2875	19,5276	67,988	19,5276	65,0364	19,5276	72,5193	19,5276	68,0019	19,5276	64,9474	
19,6916	72,2773	19,6916	67,9895	19,6916	65,0373	19,6916	72,5209	19,6916	68,0016	19,6916	64,9476	
19,8556	72,2787	19,8556	67,9878	19,8556	65,0368	19,8556	72,5145	19,8556	68,002	19,8556	64,9476	
20,0199	72,2799	20,0199	67,9894	20,0199	65,0368	20,0199	72,516	20,0199	68,0019	20,0199	64,9479	
20,1839	72,2789	20,1839	67,9893	20,1839	65,0366	20,1839	72,5175	20,1839	68,002	20,1839	64,9475	
20,3476	72,2906	20,3476	67,9894	20,3476	65,0366	20,3476	72,5194	20,3476	68,0021	20,3476	64,9475	
20,5119	72,2865	20,5119	67,9882	20,5119	65,0372	20,5119	72,5196	20,5119	68,0017	20,5119	64,9474	
20,6754	72,2787	20,6754	67,9887	20,6754	65,0365	20,6754	72,5157	20,6754	68,0027	20,6754	64,9471	
20,8393	72,2884	20,8393	67,9877	20,8393	65,0368	20,8393	72,515	20,8393	68,0024	20,8393	64,9473	
21,0031	72,2877	21,0031	67,9886	21,0031	65,0365	21,0031	72,5174	21,0031	68,0018	21,0031	64,947	
21,1674	72,276	21,1674	67,9885	21,1674	65,0364	21,1674	72,5162	21,1674	68,0016	21,1674	64,9469	
21,3311	72,2893	21,3311	67,9874	21,3311	65,0367	21,3311	72,5151	21,3311	68,0026	21,3311	64,9471	
21,4948	72,278	21,4948	67,9899	21,4948	65,0367	21,4948	72,5166	21,4948	68,0023	21,4948	64,9473	
21,6586	72,288	21,6586	67,9882	21,6586	65,0366	21,6586	72,5145	21,6586	68,0004	21,6586	64,9475	
21,8223	72,2889	21,8223	67,9887	21,8223	65,037	21,8223	72,5149	21,8223	68,0011	21,8223	64,9476	
21,9857	72,2788	21,9857	67,9888	21,9857	65,0373	21,9857	72,5165	21,9857	68,0013	21,9857	64,9473	
22,1494	72,2783	22,1494	67,9885	22,1494	65,0369	22,1494	72,5136	22,1494	67,9999	22,1494	64,9473	
22,3134	72,2799	22,3134	67,9895	22,3134	65,0375	22,3134	72,5174	22,3134	68,0016	22,3134	64,947	
22,4776	72,2822	22,4776	67,9887	22,4776	65,0368	22,4776	72,5159	22,4776	68,0026	22,4776	64,9475	
22,6413	72,2887	22,6413	67,9886	22,6413	65,037	22,6413	72,5146	22,6413	68,0013	22,6413	64,9477	
22,8048	72,2917	22,8048	67,9891	22,8048	65,0367	22,8048	72,5139	22,8048	68,0032	22,8048	64,9473	
22,9688	72,2786	22,9688	67,9898	22,9688	65,0372	22,9688	72,5178	22,9688	68,0017	22,9688	64,9476	
23,1325	72,2889	23,1325	67,9901	23,1325	65,0366	23,1325	72,5158	23,1325	68,0019	23,1325	64,9479	
23,2965	72,2794	23,2965	67,989	23,2965	65,0374	23,2965	72,515	23,2965	68,0025	23,2965	64,948	
23,4605	72,2917	23,4605	67,9885	23,4605	65,0367	23,4605	72,5154	23,4605	68,002	23,4605	64,9472	
23,6242	72,2891	23,6242	67,9885	23,6242	65,0372	23,6242	72,519	23,6242	68,0023	23,6242	64,9479	
23,7876	72,287	23,7876	67,9899	23,7876	65,0376	23,7876	72,5192	23,7876	68,0027	23,7876	64,9474	
23,9513	72,2817	23,9513	67,9882	23,9513	65,0375	23,9513	72,5212	23,9513	68,0023	23,9513	64,9474	
24,1153	72,2778	24,1153	67,9893	24,1153	65,037	24,1153	72,5159	24,1153	68,0013	24,1153	64,9475	
24,2793	72,2911	24,2793	67,9889	24,2793	65,0368	24,2793	72,5215	24,2793	68,0024	24,2793	64,9473	
24,443	72,2906	24,443	67,9883	24,443	65,037	24,443	72,5157	24,443	68	24,443	64,9476	
24,6071	72,2893	24,6071	67,988	24,6071	65,0366	24,6071	72,5183	24,6071	68,0027	24,6071	64,9475	
24,7706	72,2928	24,7706	67,9889	24,7706	65,0371	24,7706	72,5204	24,7706	68,0007	24,7706	64,9463	
24,9348	72,292	24,9348	67,9884	24,9348	65,0368	24,9348	72,5171	24,9348	68,0029	24,9348	64,9476	
25,0991	72,289	25,0991	67,9885	25,0991	65,0362	25,0991	72,5212	25,0991	68,003	25,0991	64,9474	
25,2634	72,2761	25,2634	67,9858	25,2634	65,0353	25,2634	72,5159	25,2634	68,0022	25,2634	64,9473	
25,4284	72,2863	25,4284	67,9857	25,4284	65,0349	25,4284	72,5153	25,4284	68,0022	25,4284	64,9478	
25,5929	72,2869	25,5929	67,9864	25,5929	65,0348	25,5929	72,5218	25,5929	68,0008	25,5929	64,9476	
25,7567	72,275	25,7567	67,9868	25,7567	65,0346	25,7567	72,516	25,7567	68,0016	25,7567	64,9477	
25,9209	72,2912	25,9209	67,9849	25,9209	65,0341	25,9209	72,5161	25,9209	68,0021	25,9209	64,9476	
26,0854	72,2851	26,0854	67,9864	26,0854	65,0345	26,0854	72,5168	26,0854	68,0016	26,0854	64,9477	
26,2496	72,2859	26,2496	67,9849	26,2496	65,0342	26,2496	72,5178	26,2496	68,002	26,2496	64,9471	
26,4144	72,2757	26,4144	67,9841	26,4144	65,0347	26,4144	72,5156	26,4144	68,002	26,4144	64,9478	
26,5797	72,287	26,5797	67,9846	26,5797	65,034	26,5797	72,516	26,5797	68,0031	26,5797	64,9475	
26,7432	72,2863	26,7432	67,9851	26,7432	65,0342	26,7432	72,5158	26,7432	68,0021	26,7432	64,9476	
26,913	72,2744	26,913	67,9857	26,913	65,0342	26,913	72,5193	26,913	68,002	26,913	64,9472	
27,0775	72,2852	27,0775	67,9846	27,0775	65,0339	27,0775	72,516	27,0775	68,0024	27,0775	64,9474	
27,2423	72,2841	27,2423	67,9852	27,2423	65,0344	27,2423	72,518	27,2423	68,0004	27,2423	64,9472	
27,4063	72,2877	27,4063	67,9849	27,4063	65,0341	27,4063	72,5172	27,4063	68,0029	27,4063	64,9475	
27,5708	72,2753	27,5708	67,9849	27,5708	65,0344	27,5708	72,5153	27,5708	68,0017	27,5708	64,9474	
27,7351	72,2743	27,7351	67,9846	27,7351	65,0347	27,7351	72,5168	27,7351	68,0017	27,7351	64,9479	
27,8999	72,2768	27,8999	67,9843	27,8999	65,0347	27,8999	72,5199	27,8999	68,0032	27,8999	64,9479	
28,0647	72,2851	28,0647	67,9859	28,0647	65,0342	28,0647	72,5157	28,0647	68,0035	28,0647	64,9479	
28,2287	72,2766	28,2287	67,9863	28,2287	65,0342	28,2287	72,5162	28,2287	68,0027	28,2287	64,9473	
28,3935	72,2849	28,3935	67,9845	28,3935	65,0341	28,3935	72,5158	28,3935	68,0022	28,3935	64,9475	
28,5572	72,276	28,5572	67,9866	28,5572	65,0342	28,5572	72,5156	28,5572	68,0017	28,5572	64,9476	
28,7212	72,2749	28,7212	67,9855	28,7212	65,0344	28,7212	72,5195	28,7212	68,0029	28,7212	64,9474	
28,886	72,276	28,886	67,9855	28,886	65,0347	28,886	72,5173	28,886	68,0021	28,886	64,9472	
29,0508	72,2763	29,0508	67,9851	29,0508	65,0341	29,0508	72,5209	29,0508	68,0024	29,0508	64,9473	
29,2145	72,287	29,2145	67,9849	29,2145	65,0338	29,2145	72,5157	29,2145	68,0022	29,2145	64,9474	
29,3783	72,2846	29,3783	67,9872	29,3783	65,0339	29,3783	72,5165	29,3783	68,0022	29,3783	64,9474	
29,5425	72,2771	29,5425	67,9858	29,5425	65,0342	29,5425	72,517	29,5425	68,0026	29,5425	64,9475	
29,7073	72,288	29,7073	67,9844	29,7073	65,0343	29,7073	72,5181	29,7073	68,0027	29,7073	64,9474	
29,8708	72,2868	29,8708	67,9857	29,8708	65,0343	29,8708	72,5158	29,8708	68,0023	29,8708	64,9473	
30,0348	72,2879	30,0348	67,9857	30,0348	65,0346	30,0348	72,5198	30,0348	68,003	30,0348	64,9476	
30,1987	72,2763	30,1987	67,9856	30,1987	65,0347	30,1987	72,5212	30,1987	68,0027	30,1987	64,9478	
30,3627	72,2862	30,3627	67,9857	30,3627	65,0341	30,3627	72,5198	30,3627	68,0024	30,3627	64,9473	
30,5264	72,2879	30,5264	67,9862	30,5264	65,0343	30,5264	72,5189	30,5264	68,0004	30,5264	64,9479	
30,6907	72,2833	30,6907	67,9862	30,6907	65,0341	30,6907	72,5166	30,6907	68,0032	30,6907	64,9474	
30,8549	72,288	30,8549	67,9848	30,8549	65,0344	30,8549	72,5156	30,8549	68,0023	30,8549	64,9477	
31,0187	72,2865	31,0187	67,9849	31,0187	65,0343	31,0187	72,5212	31,0187	68,0023	31,0187	64,9475	
31,1827	72,2756	31,1827	67,9859	31,1827	65,0344	31,1827	72,5191	31,1827	68,0027	31,1827	64,9476	
31,3467	72,2852	31,3467	67,9848	31,3467	65,034	31,3467	72,5173	31,3467	68,0028	31,3467	64,9477	
31,5104	72,2893	31,5104	67,9866	31,5104	65,0344	31,5104	72,5167	31,5104	68,003	31,5104	64,9476	
31,6749	72,2752	31,6749	67,9853	31,6749	65,0344	31,6749	72,5162	31,6749	68,0028	31,6749	64,9475	
31,8392	72,2874	31,8392	67,9853	31,8392	65,0343	31,8392	72,514	31,8392	68,0021	31,8392	64,9472	
32,0032	72,2791	32,0032	67,9856	32,0032	65,034	32,0032	72,5188	32,0032	68,0024	32,0032	64,9474	
32,1672	72,2874	32,1672	67,9856	32,1672	65,0346	32,1672	72,5156	32,1672	68,002	32,1672	64,9476	
32,3314	72,2855	32,3314	67,9854	32,3314	65,034	32,3314	72,5158	32,3314	68,0031	32,3314	64,9477	
32,4951	72,2864	32,4951	67,986	32,4951	65,0343	32,4951	72,5209	32,4951	68,0023	32,4951	64,9472	
32,6594	72,2858	32,6594	67,986	32,6594	65,0343	32,6594	72,5158	32,6594	68,0023	32,6594	64,9478	
32,8236	72,2765	32,8236	67,9874	32,8236	65,0341	32,8236	72,5165	32,8236	68,0036	32,8236	64,9474	
32,9879	72,2758	32,9879	67,9868	32,9879	65,0346	32,9879	72,5159	32,9879	68,0026	32,9879	64,9476	
33,1519	72,289	33,1519	67,9855	33,1519	65,0344	33,1519	72,5163	33,1519	68,0028	33,1519	64,9475	
33,3161	72,2864	33,3161	67,9858	33,3161	65,0344	33,3161	72,516	33,3161	68,0032	33,3161	64,9475	
33,4801	72,2867	33,4801	67,9868	33,4801	65,0347	33,4801	72,5151	33,4801	68,0021	33,4801	64,9475	
33,6441	72,2838	33,6441	67,986	33,6441	65,0345	33,6441	72,521	33,6441	68,0024	33,6441	64,9474	
33,8078	72,2747	33,8078	67,9864	33,8078	65,0342	33,8078	72,5156	33,8078	68,0027	33,8078	64,9476	
33,9718	72,2773	33,9718	67,9848	33,9718	65,0338	33,9718	72,5155	33,9718	68,0023	33,9718	64,9476	
34,1358	72,2865	34,1358	67,9856	34,1358	65,0341	34,1358	72,5171	34,1358	68,0032	34,1358	64,9476	
34,3	72,2765	34,3	67,9869	34,3	65,0343	34,3	72,5165	34,3	68,0036	34,3	64,9476	
34,464	72,2873	34,464	67,9866	34,464	65,0346	34,464	72,5176	34,464	68,0032	34,464	64,9479	
34,6283	72,2857	34,6283	67,9873	34,6283	65,0341	34,6283	72,521	34,6283	68,001	34,6283	64,9478	
34,7926	72,2876	34,7926	67,9855	34,7926	65,034	34,7926	72,5212	34,7926	68,003	34,7926	64,9476	
34,9566	72,2771	34,9566	67,9859	34,9566	65,0349	34,9566	72,5163	34,9566	68,0005	34,9566	64,9477	
35,1213	72,2854	35,1213	67,9862	35,1213	65,0344	35,1213	72,52	35,1213	68,0032	35,1213	64,9478	
35,2852	72,2769	35,2852	67,9857	35,2852	65,0347	35,2852	72,5164	35,2852	68,002	35,2852	64,9471	
35,4506	72,2789	35,4506	67,9863	35,4506	65,0347	35,4506	72,5167	35,4506	68,0034	35,4506	64,9479	
35,6143	72,2862	35,6143	67,9858	35,6143	65,0342	35,6143	72,5169	35,6143	68,003	35,6143	64,9478	
35,7781	72,2768	35,7781	67,9869	35,7781	65,0345	35,7781	72,5168	35,7781	68,0029	35,7781	64,9478	
35,9418	72,2772	35,9418	67,9868	35,9418	65,0344	35,9418	72,5176	35,9418	68,0026	35,9418	64,9475	
36,106	72,2871	36,106	67,9868	36,106	65,0343	36,106	72,5164	36,106	68,0036	36,106	64,9477	
36,2713	72,2885	36,2713	67,9861	36,2713	65,0346	36,2713	72,52	36,2713	68,0029	36,2713	64,9478	
36,4352	72,2864	36,4352	67,9867	36,4352	65,0347	36,4352	72,5167	36,4352	68,0023	36,4352	64,9479	
36,5997	72,2891	36,5997	67,9871	36,5997	65,0344	36,5997	72,5178	36,5997	68,0033	36,5997	64,9475	
36,764	72,2877	36,764	67,9861	36,764	65,0343	36,764	72,5179	36,764	68,0007	36,764	64,9475	
36,928	72,2856	36,928	67,9873	36,928	65,0341	36,928	72,5174	36,928	68,0032	36,928	64,9476	
37,0917	72,2883	37,0917	67,986	37,0917	65,0345	37,0917	72,517	37,0917	68,0024	37,0917	64,9478	
37,256	72,2767	37,256	67,9871	37,256	65,0344	37,256	72,5134	37,256	68,0029	37,256	64,9477	
37,4202	72,2885	37,4202	67,9848	37,4202	65,0344	37,4202	72,5181	37,4202	68,0014	37,4202	64,9474	
37,5842	72,2877	37,5842	67,9867	37,5842	65,035	37,5842	72,5212	37,5842	68,0031	37,5842	64,9476	
37,7485	72,2767	37,7485	67,9874	37,7485	65,0347	37,7485	72,5157	37,7485	68,0034	37,7485	64,9476	
37,9124	72,2753	37,9124	67,9856	37,9124	65,0347	37,9124	72,5166	37,9124	68,0036	37,9124	64,9476	
38,0765	72,2859	38,0765	67,9863	38,0765	65,0341	38,0765	72,5208	38,0765	68,0014	38,0765	64,9479	
38,2407	72,2852	38,2407	67,9877	38,2407	65,0347	38,2407	72,5212	38,2407	68,0041	38,2407	64,948	
38,4047	72,2893	38,4047	67,9865	38,4047	65,0347	38,4047	72,5175	38,4047	68,0028	38,4047	64,9482	
38,569	72,2771	38,569	67,9867	38,569	65,0343	38,569	72,5182	38,569	68,0035	38,569	64,9476	
38,7332	72,2803	38,7332	67,9872	38,7332	65,0348	38,7332	72,5206	38,7332	68,0026	38,7332	64,9474	
38,8975	72,2854	38,8975	67,9856	38,8975	65,0346	38,8975	72,5166	38,8975	68,0025	38,8975	64,9478	
39,0617	72,2869	39,0617	67,9862	39,0617	65,0342	39,0617	72,5179	39,0617	68,0032	39,0617	64,9476	
39,226	72,2888	39,226	67,9863	39,226	65,0344	39,226	72,5166	39,226	68,0034	39,226	64,9477	
39,3902	72,2765	39,3902	67,9871	39,3902	65,0341	39,3902	72,517	39,3902	68,0034	39,3902	64,9479	
39,5547	72,2778	39,5547	67,9865	39,5547	65,0347	39,5547	72,5214	39,5547	68,0028	39,5547	64,9475	
39,719	72,2773	39,719	67,9855	39,719	65,0343	39,719	72,5181	39,719	68,0005	39,719	64,9484	
39,8827	72,2782	39,8827	67,987	39,8827	65,0341	39,8827	72,5167	39,8827	68,0034	39,8827	64,9478	
40,0472	72,2869	40,0472	67,986	40,0472	65,0348	40,0472	72,5177	40,0472	68,0033	40,0472	64,9476	
40,2114	72,278	40,2114	67,9865	40,2114	65,0345	40,2114	72,5221	40,2114	68,0041	40,2114	64,9475	
40,3759	72,287	40,3759	67,9872	40,3759	65,0349	40,3759	72,5183	40,3759	68,0033	40,3759	64,9474	
40,5399	72,2868	40,5399	67,9855	40,5399	65,0348	40,5399	72,517	40,5399	68,0033	40,5399	64,948	
40,7039	72,2896	40,7039	67,9871	40,7039	65,0345	40,7039	72,5161	40,7039	68,0034	40,7039	64,9481	
40,8682	72,2776	40,8682	67,9879	40,8682	65,0352	40,8682	72,5151	40,8682	68,004	40,8682	64,9478	
41,0325	72,2888	41,0325	67,9866	41,0325	65,0347	41,0325	72,5152	41,0325	68,0032	41,0325	64,9475	
41,1969	72,2775	41,1969	67,9866	41,1969	65,0346	41,1969	72,5228	41,1969	68,0015	41,1969	64,9479	
41,3607	72,2906	41,3607	67,9888	41,3607	65,0342	41,3607	72,5186	41,3607	68,0034	41,3607	64,9479	
41,5249	72,2911	41,5249	67,9868	41,5249	65,035	41,5249	72,5186	41,5249	68,0035	41,5249	64,9482	
41,6889	72,2873	41,6889	67,9881	41,6889	65,0351	41,6889	72,5172	41,6889	68,0038	41,6889	64,948	
41,853	72,288	41,853	67,9874	41,853	65,035	41,853	72,5186	41,853	68,0036	41,853	64,948	
42,0167	72,2885	42,0167	67,9871	42,0167	65,0346	42,0167	72,5185	42,0167	68,004	42,0167	64,9479	
42,1809	72,2906	42,1809	67,9859	42,1809	65,035	42,1809	72,5183	42,1809	68,0022	42,1809	64,9475	
42,3457	72,287	42,3457	67,9867	42,3457	65,0349	42,3457	72,5185	42,3457	68,0032	42,3457	64,9481	
42,5103	72,2892	42,5103	67,9863	42,5103	65,0349	42,5103	72,5179	42,5103	68,0016	42,5103	64,9478	
42,6756	72,2886	42,6756	67,9872	42,6756	65,0346	42,6756	72,5174	42,6756	68,0026	42,6756	64,9477	
42,8396	72,2779	42,8396	67,9868	42,8396	65,0347	42,8396	72,5176	42,8396	68,0038	42,8396	64,948	
43,0044	72,2879	43,0044	67,9864	43,0044	65,0347	43,0044	72,5177	43,0044	68,0036	43,0044	64,9479	
43,1687	72,2872	43,1687	67,9875	43,1687	65,0348	43,1687	72,5233	43,1687	68,0042	43,1687	64,9477	
43,3335	72,2904	43,3335	67,9882	43,3335	65,0348	43,3335	72,5181	43,3335	68,0042	43,3335	64,9477	
43,4972	72,288	43,4972	67,9876	43,4972	65,0351	43,4972	72,522	43,4972	68,0032	43,4972	64,948	
43,6612	72,2878	43,6612	67,9873	43,6612	65,0349	43,6612	72,5188	43,6612	68,0035	43,6612	64,9482	
43,8255	72,2902	43,8255	67,9877	43,8255	65,0344	43,8255	72,5187	43,8255	68,0038	43,8255	64,9477	
43,9894	72,2869	43,9894	67,9863	43,9894	65,0349	43,9894	72,5185	43,9894	68,0035	43,9894	64,9479	
44,1541	72,2767	44,1541	67,9879	44,1541	65,0349	44,1541	72,5182	44,1541	68,0036	44,1541	64,9475	
44,3181	72,2895	44,3181	67,9892	44,3181	65,0348	44,3181	72,5178	44,3181	68,0036	44,3181	64,9482	
44,4818	72,2878	44,4818	67,9871	44,4818	65,0349	44,4818	72,5191	44,4818	68,0031	44,4818	64,9478	
44,6462	72,2887	44,6462	67,9869	44,6462	65,0353	44,6462	72,5197	44,6462	68,0034	44,6462	64,9477	
44,8099	72,278	44,8099	67,9875	44,8099	65,0346	44,8099	72,5215	44,8099	68,0039	44,8099	64,948	
44,9742	72,2901	44,9742	67,9882	44,9742	65,0351	44,9742	72,5187	44,9742	68,004	44,9742	64,9482	
45,1382	72,288	45,1382	67,9875	45,1382	65,0349	45,1382	72,5182	45,1382	68,003	45,1382	64,9472	
45,3033	72,2787	45,3033	67,9874	45,3033	65,035	45,3033	72,518	45,3033	68,0041	45,3033	64,9477	
45,467	72,2786	45,467	67,9875	45,467	65,0346	45,467	72,5176	45,467	68,0043	45,467	64,9477	
45,6313	72,2908	45,6313	67,9868	45,6313	65,0345	45,6313	72,5191	45,6313	68,004	45,6313	64,9478	
45,7953	72,2859	45,7953	67,9875	45,7953	65,0351	45,7953	72,5184	45,7953	68,0036	45,7953	64,9483	
45,9595	72,2879	45,9595	67,9881	45,9595	65,0342	45,9595	72,5181	45,9595	68,0031	45,9595	64,9476	
46,1235	72,2904	46,1235	67,9874	46,1235	65,035	46,1235	72,5191	46,1235	68,004	46,1235	64,9476	
46,2878	72,2803	46,2878	67,9861	46,2878	65,0347	46,2878	72,5194	46,2878	68,0033	46,2878	64,948	
46,4521	72,2772	46,4521	67,9883	46,4521	65,0347	46,4521	72,5166	46,4521	68,0038	46,4521	64,9474	
46,6166	72,2798	46,6166	67,9872	46,6166	65,0346	46,6166	72,5205	46,6166	68,0038	46,6166	64,9478	
46,7809	72,2889	46,7809	67,9874	46,7809	65,0346	46,7809	72,5178	46,7809	68,0042	46,7809	64,9478	
46,9457	72,279	46,9457	67,9864	46,9457	65,0349	46,9457	72,5188	46,9457	68,0039	46,9457	64,9479	
47,1105	72,2898	47,1105	67,9861	47,1105	65,0345	47,1105	72,5191	47,1105	68,0033	47,1105	64,948	
47,2745	72,2869	47,2745	67,9882	47,2745	65,0347	47,2745	72,5172	47,2745	68,0035	47,2745	64,9478	
47,4384	72,2788	47,4384	67,9879	47,4384	65,0345	47,4384	72,5181	47,4384	68,0038	47,4384	64,9477	
47,6032	72,2878	47,6032	67,9878	47,6032	65,035	47,6032	72,5209	47,6032	68,0042	47,6032	64,9476	
47,7677	72,2787	47,7677	67,9871	47,7677	65,0348	47,7677	72,518	47,7677	68,0032	47,7677	64,9482	
47,9314	72,2878	47,9314	67,9884	47,9314	65,0349	47,9314	72,5176	47,9314	68,0038	47,9314	64,9481	
48,0957	72,2764	48,0957	67,9877	48,0957	65,0345	48,0957	72,5191	48,0957	68,0045	48,0957	64,9482	
48,26	72,2788	48,26	67,987	48,26	65,0348	48,26	72,5239	48,26	68,003	48,26	64,9475	
48,4237	72,2794	48,4237	67,9874	48,4237	65,0346	48,4237	72,5176	48,4237	68,0023	48,4237	64,9475	
48,588	72,289	48,588	67,988	48,588	65,0348	48,588	72,5187	48,588	68,0038	48,588	64,9477	
48,7525	72,2897	48,7525	67,9874	48,7525	65,0361	48,7525	72,5216	48,7525	68,0045	48,7525	64,9478	
48,9167	72,287	48,9167	67,9874	48,9167	65,0349	48,9167	72,5172	48,9167	68,0025	48,9167	64,9479	
49,0804	72,2798	49,0804	67,9867	49,0804	65,035	49,0804	72,5187	49,0804	68,004	49,0804	64,9482	
49,2452	72,289	49,2452	67,9863	49,2452	65,0349	49,2452	72,5215	49,2452	68,0045	49,2452	64,9484	
49,4095	72,29	49,4095	67,9865	49,4095	65,0346	49,4095	72,5189	49,4095	68,0032	49,4095	64,9482	
49,5734	72,2898	49,5734	67,9874	49,5734	65,0347	49,5734	72,5171	49,5734	68,0038	49,5734	64,9476	
49,7385	72,2881	49,7385	67,9864	49,7385	65,0343	49,7385	72,5192	49,7385	68,0039	49,7385	64,9475	
49,9025	72,2909	49,9025	67,9866	49,9025	65,035	49,9025	72,519	49,9025	68,0032	49,9025	64,9478	
50,0667	72,2903	50,0667	67,9877	50,0667	65,035	50,0667	72,5238	50,0667	68,0042	50,0667	64,9478	
50,2307	72,2914	50,2307	67,9875	50,2307	65,0349	50,2307	72,5176	50,2307	68,0051	50,2307	64,9482	
50,395	72,2777	50,395	67,988	50,395	65,035	50,395	72,5183	50,395	68,0037	50,395	64,948	
50,5589	72,2793	50,5589	67,9878	50,5589	65,0348	50,5589	72,523	50,5589	68,0038	50,5589	64,948	
50,7232	72,2875	50,7232	67,9871	50,7232	65,0349	50,7232	72,5182	50,7232	68,004	50,7232	64,9474	
50,8875	72,2789	50,8875	67,9876	50,8875	65,0346	50,8875	72,5216	50,8875	68,0038	50,8875	64,9478	
51,0512	72,2877	51,0512	67,9872	51,0512	65,0348	51,0512	72,5222	51,0512	68,0038	51,0512	64,9478	
51,216	72,2881	51,216	67,9879	51,216	65,0347	51,216	72,5189	51,216	68,0039	51,216	64,9477	
51,3802	72,2874	51,3802	67,9876	51,3802	65,0347	51,3802	72,5198	51,3802	68,0044	51,3802	64,9475	
51,545	72,2787	51,545	67,9874	51,545	65,0346	51,545	72,5194	51,545	68,0036	51,545	64,9481	
51,709	72,2772	51,709	67,9883	51,709	65,0349	51,709	72,5178	51,709	68,0034	51,709	64,9477	
51,8732	72,289	51,8732	67,9877	51,8732	65,0345	51,8732	72,5193	51,8732	68,0039	51,8732	64,9478	
52,0372	72,2904	52,0372	67,9861	52,0372	65,0344	52,0372	72,5179	52,0372	68,0034	52,0372	64,9475	
52,2017	72,2887	52,2017	67,987	52,2017	65,0348	52,2017	72,5186	52,2017	68,004	52,2017	64,9479	
52,366	72,288	52,366	67,987	52,366	65,0352	52,366	72,5177	52,366	68,0035	52,366	64,9481	
52,5302	72,288	52,5302	67,9883	52,5302	65,0347	52,5302	72,5207	52,5302	68,004	52,5302	64,948	
52,6944	72,2893	52,6944	67,9883	52,6944	65,0349	52,6944	72,5214	52,6944	68,0043	52,6944	64,9482	
52,8584	72,2798	52,8584	67,9871	52,8584	65,0347	52,8584	72,5182	52,8584	68,0035	52,8584	64,9479	
53,0224	72,2902	53,0224	67,9872	53,0224	65,0351	53,0224	72,5191	53,0224	68,0025	53,0224	64,9481	
53,1872	72,2879	53,1872	67,988	53,1872	65,0349	53,1872	72,5185	53,1872	68,0046	53,1872	64,9479	
53,3512	72,2785	53,3512	67,9883	53,3512	65,0354	53,3512	72,5231	53,3512	68,0036	53,3512	64,9483	
53,5152	72,279	53,5152	67,988	53,5152	65,0347	53,5152	72,5186	53,5152	68,0038	53,5152	64,9481	
53,6803	72,2797	53,6803	67,9882	53,6803	65,0348	53,6803	72,52	53,6803	68,0036	53,6803	64,9482	
53,844	72,2876	53,844	67,9884	53,844	65,0348	53,844	72,5194	53,844	68,0044	53,844	64,948	
54,008	72,2898	54,008	67,9866	54,008	65,0352	54,008	72,5184	54,008	68,0043	54,008	64,948	
54,1718	72,2923	54,1718	67,9871	54,1718	65,0349	54,1718	72,5193	54,1718	68,0037	54,1718	64,9482	
54,3353	72,2802	54,3353	67,9884	54,3353	65,0354	54,3353	72,5223	54,3353	68,0039	54,3353	64,9477	
54,4998	72,2896	54,4998	67,9895	54,4998	65,0354	54,4998	72,5188	54,4998	68,0038	54,4998	64,9481	
54,6638	72,2892	54,6638	67,9887	54,6638	65,0349	54,6638	72,5213	54,6638	68,004	54,6638	64,9475	
54,8283	72,2796	54,8283	67,9881	54,8283	65,0353	54,8283	72,5219	54,8283	68,0033	54,8283	64,9479	
54,9926	72,288	54,9926	67,9878	54,9926	65,0351	54,9926	72,5187	54,9926	68,0013	54,9926	64,9478	
55,1571	72,29	55,1571	67,988	55,1571	65,0356	55,1571	72,5244	55,1571	68,0041	55,1571	64,9478	
55,3208	72,2902	55,3208	67,9879	55,3208	65,0353	55,3208	72,5184	55,3208	68,0033	55,3208	64,9477	
55,4848	72,2807	55,4848	67,9881	55,4848	65,035	55,4848	72,5238	55,4848	68,0032	55,4848	64,9481	
55,649	72,2794	55,649	67,9881	55,649	65,0356	55,649	72,5194	55,649	68,0025	55,649	64,9482	
55,8137	72,2813	55,8137	67,988	55,8137	65,0351	55,8137	72,5198	55,8137	68,0034	55,8137	64,9481	
55,9774	72,2896	55,9774	67,9891	55,9774	65,0356	55,9774	72,5199	55,9774	68,0041	55,9774	64,9484	
56,1414	72,2902	56,1414	67,9883	56,1414	65,0358	56,1414	72,522	56,1414	68,0023	56,1414	64,9479	
56,3051	72,2792	56,3051	67,989	56,3051	65,0355	56,3051	72,5191	56,3051	68,0033	56,3051	64,9483	
56,4699	72,2921	56,4699	67,9884	56,4699	65,0353	56,4699	72,5208	56,4699	68,004	56,4699	64,9483	
56,6339	72,2802	56,6339	67,987	56,6339	65,0353	56,6339	72,5198	56,6339	68,0025	56,6339	64,9479	
56,7981	72,2907	56,7981	67,9887	56,7981	65,0355	56,7981	72,5206	56,7981	68,0039	56,7981	64,9483	
56,9621	72,2799	56,9621	67,9885	56,9621	65,0354	56,9621	72,518	56,9621	68,004	56,9621	64,9484	
57,1261	72,2932	57,1261	67,9882	57,1261	65,0353	57,1261	72,5246	57,1261	68,002	57,1261	64,9477	
57,2904	72,2798	57,2904	67,9873	57,2904	65,0356	57,2904	72,5189	57,2904	68,0038	57,2904	64,9481	
57,4544	72,2896	57,4544	67,9866	57,4544	65,0357	57,4544	72,5227	57,4544	68,0039	57,4544	64,9478	
57,6189	72,2898	57,6189	67,9875	57,6189	65,0356	57,6189	72,5187	57,6189	68,0034	57,6189	64,948	
57,7827	72,279	57,7827	67,9891	57,7827	65,0351	57,7827	72,5194	57,7827	68,002	57,7827	64,9481	
57,9466	72,2834	57,9466	67,9877	57,9466	65,0355	57,9466	72,5201	57,9466	68,0041	57,9466	64,948	
58,1109	72,2889	58,1109	67,9887	58,1109	65,035	58,1109	72,5226	58,1109	68,0035	58,1109	64,9479	
58,2754	72,2887	58,2754	67,9885	58,2754	65,0352	58,2754	72,518	58,2754	68,0021	58,2754	64,9481	
58,4391	72,289	58,4391	67,9887	58,4391	65,0356	58,4391	72,5175	58,4391	68,0018	58,4391	64,948	
58,6033	72,293	58,6033	67,9876	58,6033	65,0353	58,6033	72,5181	58,6033	68,0032	58,6033	64,9479	
58,7673	72,2899	58,7673	67,9889	58,7673	65,0354	58,7673	72,5191	58,7673	68,0037	58,7673	64,948	
58,9313	72,2812	58,9313	67,9881	58,9313	65,0356	58,9313	72,5197	58,9313	68,0025	58,9313	64,9479	
59,0953	72,2794	59,0953	67,9885	59,0953	65,0356	59,0953	72,5215	59,0953	68,0032	59,0953	64,9483	
59,2597	72,2895	59,2597	67,9877	59,2597	65,0356	59,2597	72,5189	59,2597	68,0038	59,2597	64,9477	
59,4236	72,2905	59,4236	67,9884	59,4236	65,0355	59,4236	72,5242	59,4236	68,0037	59,4236	64,9478	
59,5876	72,289	59,5876	67,9881	59,5876	65,0353	59,5876	72,52	59,5876	68,0028	59,5876	64,9479	
59,7516	72,2796	59,7516	67,9882	59,7516	65,0352	59,7516	72,5227	59,7516	68,0038	59,7516	64,9477	
59,9156	72,2799	59,9156	67,9879	59,9156	65,0351	59,9156	72,5199	59,9156	68,0017	59,9156	64,948	
60,0801	72,2807	60,0801	67,9876	60,0801	65,0354	60,0801	72,5239	60,0801	68,0025	60,0801	64,9477	
60,2446	72,2801	60,2446	67,9893	60,2446	65,035	60,2446	72,5242	60,2446	68,004	60,2446	64,9479	
60,4081	72,2786	60,4081	67,9896	60,4081	65,0353	60,4081	72,5188	60,4081	68,0038	60,4081	64,9479	
60,5723	72,2889	60,5723	67,9879	60,5723	65,0356	60,5723	72,5186	60,5723	68,0038	60,5723	64,9481	
60,7368	72,289	60,7368	67,9888	60,7368	65,0353	60,7368	72,5207	60,7368	68,003	60,7368	64,9478	
60,9005	72,2899	60,9005	67,9893	60,9005	65,0355	60,9005	72,5193	60,9005	68,0019	60,9005	64,9478	
61,0645	72,291	61,0645	67,9886	61,0645	65,0349	61,0645	72,5192	61,0645	68,0028	61,0645	64,9482	
61,2282	72,2913	61,2282	67,9882	61,2282	65,0351	61,2282	72,5203	61,2282	68,0032	61,2282	64,9479	
61,3917	72,2904	61,3917	67,9885	61,3917	65,0353	61,3917	72,5203	61,3917	68,0026	61,3917	64,948	
61,5558	72,2801	61,5558	67,9886	61,5558	65,0351	61,5558	72,5196	61,5558	68,004	61,5558	64,9479	
61,7209	72,2909	61,7209	67,9889	61,7209	65,0354	61,7209	72,5254	61,7209	68,004	61,7209	64,9481	
61,8848	72,2919	61,8848	67,9878	61,8848	65,0349	61,8848	72,5206	61,8848	68,004	61,8848	64,9478	
62,0483	72,2921	62,0483	67,9881	62,0483	65,035	62,0483	72,5217	62,0483	68,0031	62,0483	64,948	
62,2123	72,282	62,2123	67,9883	62,2123	65,0352	62,2123	72,5221	62,2123	68,0018	62,2123	64,9478	
62,3765	72,291	62,3765	67,989	62,3765	65,0356	62,3765	72,5193	62,3765	68,0046	62,3765	64,9482	
62,5405	72,2819	62,5405	67,9893	62,5405	65,0358	62,5405	72,5195	62,5405	68,0032	62,5405	64,9474	
62,7042	72,2801	62,7042	67,9894	62,7042	65,0353	62,7042	72,5182	62,7042	68,0035	62,7042	64,9477	
62,8679	72,2903	62,8679	67,9885	62,8679	65,0352	62,8679	72,5188	62,8679	68,0033	62,8679	64,9481	
63,0316	72,2931	63,0316	67,9893	63,0316	65,0353	63,0316	72,5201	63,0316	68,0037	63,0316	64,948	
63,1956	72,2912	63,1956	67,9882	63,1956	65,0352	63,1956	72,5195	63,1956	68,0039	63,1956	64,9475	
63,3593	72,2911	63,3593	67,9879	63,3593	65,0354	63,3593	72,5192	63,3593	68,0033	63,3593	64,9477	
63,5233	72,2904	63,5233	67,9898	63,5233	65,0353	63,5233	72,5254	63,5233	68,0035	63,5233	64,9478	
63,6881	72,2911	63,6881	67,9891	63,6881	65,0351	63,6881	72,5202	63,6881	68,0038	63,6881	64,9478	
63,8518	72,2802	63,8518	67,9883	63,8518	65,0357	63,8518	72,5188	63,8518	68,0039	63,8518	64,9477	
64,0153	72,2914	64,0153	67,9901	64,0153	65,0353	64,0153	72,522	64,0153	68,0049	64,0153	64,9482	
64,1787	72,2904	64,1787	67,9885	64,1787	65,0356	64,1787	72,5201	64,1787	68,0034	64,1787	64,948	
64,3421	72,2802	64,3421	67,9885	64,3421	65,0358	64,3421	72,5206	64,3421	68,004	64,3421	64,9474	
64,5061	72,2906	64,5061	67,9901	64,5061	65,0353	64,5061	72,5245	64,5061	68,0038	64,5061	64,9478	
64,6712	72,2813	64,6712	67,9896	64,6712	65,0353	64,6712	72,5253	64,6712	68,0037	64,6712	64,9481	
64,8354	72,2903	64,8354	67,9883	64,8354	65,0357	64,8354	72,518	64,8354	68,0038	64,8354	64,9482	
64,9992	72,2808	64,9992	67,9891	64,9992	65,0358	64,9992	72,5192	64,9992	68,0034	64,9992	64,9481	
65,1629	72,2907	65,1629	67,9884	65,1629	65,0354	65,1629	72,5201	65,1629	68,0033	65,1629	64,9477	
65,3266	72,2816	65,3266	67,9885	65,3266	65,0355	65,3266	72,5199	65,3266	68,0036	65,3266	64,9484	
65,4903	72,2905	65,4903	67,9889	65,4903	65,0354	65,4903	72,5187	65,4903	68,004	65,4903	64,9482	
65,6543	72,281	65,6543	67,9891	65,6543	65,0358	65,6543	72,5225	65,6543	68,0042	65,6543	64,9479	
65,8186	72,2928	65,8186	67,9896	65,8186	65,036	65,8186	72,5186	65,8186	68,0038	65,8186	64,9479	
65,9823	72,2949	65,9823	67,9905	65,9823	65,0358	65,9823	72,5202	65,9823	68,0042	65,9823	64,9478	
66,1465	72,289	66,1465	67,988	66,1465	65,0355	66,1465	72,5181	66,1465	68,0036	66,1465	64,9478	
66,3103	72,2815	66,3103	67,988	66,3103	65,0352	66,3103	72,52	66,3103	68,0011	66,3103	64,9477	
66,4745	72,2925	66,4745	67,9896	66,4745	65,0349	66,4745	72,5186	66,4745	68,0044	66,4745	64,9481	
66,6385	72,293	66,6385	67,9891	66,6385	65,0354	66,6385	72,5209	66,6385	68,0034	66,6385	64,9479	
66,8023	72,2809	66,8023	67,988	66,8023	65,0351	66,8023	72,5204	66,8023	68,0041	66,8023	64,9476	
66,966	72,2805	66,966	67,9889	66,966	65,0356	66,966	72,5202	66,966	68,004	66,966	64,9479	
67,13	72,2919	67,13	67,9886	67,13	65,0353	67,13	72,5217	67,13	68,0033	67,13	64,9479	
67,2939	72,2967	67,2939	67,9978	67,2939	65,0395	67,2939	72,5189	67,2939	68,0038	67,2939	64,948	
67,458	72,348	67,458	68,0364	67,458	65,0629	67,458	72,52	67,458	68,0036	67,458	64,9475	
67,6217	72,3483	67,6217	68,0407	67,6217	65,0693	67,6217	72,524	67,6217	68,005	67,6217	64,9478	
67,7857	72,3529	67,7857	68,0454	67,7857	65,0748	67,7857	72,5209	67,7857	68,0037	67,7857	64,9477	
67,9499	72,3586	67,9499	68,0494	67,9499	65,077	67,9499	72,5177	67,9499	68,0045	67,9499	64,9476	
68,1136	72,3581	68,1136	68,052	68,1136	65,0803	68,1136	72,5221	68,1136	68,0041	68,1136	64,9477	
68,2773	72,3624	68,2773	68,0526	68,2773	65,0806	68,2773	72,5187	68,2773	68,0032	68,2773	64,9475	
68,4416	72,3614	68,4416	68,0539	68,4416	65,0814	68,4416	72,5186	68,4416	68,0037	68,4416	64,948	
68,605	72,365	68,605	68,0558	68,605	65,0831	68,605	72,5241	68,605	68,0021	68,605	64,9472	
68,769	72,3655	68,769	68,0555	68,769	65,0832	68,769	72,5211	68,769	68,0027	68,769	64,9474	
68,9324	72,3774	68,9324	68,0562	68,9324	65,084	68,9324	72,5192	68,9324	68,0038	68,9324	64,9482	
69,0964	72,3648	69,0964	68,0562	69,0964	65,084	69,0964	72,5203	69,0964	68,0035	69,0964	64,9479	
69,2601	72,3636	69,2601	68,0573	69,2601	65,0847	69,2601	72,5226	69,2601	68,005	69,2601	64,9475	
69,4241	72,3657	69,4241	68,0576	69,4241	65,0844	69,4241	72,521	69,4241	68,0037	69,4241	64,9479	
69,5878	72,3664	69,5878	68,0568	69,5878	65,0845	69,5878	72,5223	69,5878	68,004	69,5878	64,9479	
69,7518	72,3643	69,7518	68,0564	69,7518	65,0839	69,7518	72,5199	69,7518	68,0037	69,7518	64,9477	
69,9156	72,3643	69,9156	68,057	69,9156	65,0842	69,9156	72,5262	69,9156	68,0044	69,9156	64,9477	
70,079	72,3655	70,079	68,0568	70,079	65,0853	70,079	72,5205	70,079	68,0041	70,079	64,9477	
70,2424	72,3641	70,2424	68,0569	70,2424	65,0848	70,2424	72,5207	70,2424	68,0035	70,2424	64,948	
70,4062	72,3643	70,4062	68,0566	70,4062	65,0852	70,4062	72,5219	70,4062	68,0036	70,4062	64,9475	
70,5699	72,3644	70,5699	68,0573	70,5699	65,0859	70,5699	72,5221	70,5699	68,0035	70,5699	64,9481	
70,7333	72,3647	70,7333	68,0575	70,7333	65,0848	70,7333	72,525	70,7333	68,0036	70,7333	64,9481	
70,897	72,3785	70,897	68,0554	70,897	65,0856	70,897	72,5201	70,897	68,004	70,897	64,9483	
71,061	72,3654	71,061	68,0563	71,061	65,0857	71,061	72,5246	71,061	68,0037	71,061	64,9479	
71,2244	72,3635	71,2244	68,0571	71,2244	65,0842	71,2244	72,52	71,2244	68,0032	71,2244	64,9482	
71,3881	72,3657	71,3881	68,0552	71,3881	65,0844	71,3881	72,5235	71,3881	68,0037	71,3881	64,9487	
71,5516	72,363	71,5516	68,057	71,5516	65,0843	71,5516	72,5208	71,5516	68,0032	71,5516	64,9479	
71,7156	72,3654	71,7156	68,0565	71,7156	65,0859	71,7156	72,5212	71,7156	68,0042	71,7156	64,9479	
71,8793	72,3654	71,8793	68,0569	71,8793	65,0848	71,8793	72,5207	71,8793	68,0037	71,8793	64,9483	
72,0433	72,3648	72,0433	68,0564	72,0433	65,0856	72,0433	72,5204	72,0433	68,0038	72,0433	64,9493	
72,2078	72,3645	72,2078	68,0577	72,2078	65,0845	72,2078	72,5226	72,2078	68,0037	72,2078	64,9482	
72,3713	72,3637	72,3713	68,0572	72,3713	65,0849	72,3713	72,5242	72,3713	68,0068	72,3713	64,951	
72,5353	72,3634	72,5353	68,0575	72,5353	65,0849	72,5353	72,5246	72,5353	68,0023	72,5353	64,9492	
72,699	72,3654	72,699	68,0565	72,699	65,0856	72,699	72,5284	72,699	68,0015	72,699	64,9502	
72,8627	72,3634	72,8627	68,0564	72,8627	65,0856	72,8627	72,5304	72,8627	68,0061	72,8627	64,9507	
73,0265	72,3646	73,0265	68,0557	73,0265	65,0837	73,0265	72,5347	73,0265	68,0124	73,0265	64,9531	
73,1902	72,3633	73,1902	68,0554	73,1902	65,0856	73,1902	72,5386	73,1902	68,0159	73,1902	64,9523	
73,3537	72,363	73,3537	68,0553	73,3537	65,0848	73,3537	72,546	73,3537	68,0128	73,3537	64,9515	
73,5178	72,3642	73,5178	68,0555	73,5178	65,0832	73,5178	72,5536	73,5178	68,021	73,5178	64,9536	
73,6813	72,3634	73,6813	68,0558	73,6813	65,0833	73,6813	72,5597	73,6813	68,0192	73,6813	64,9531	
73,845	72,3632	73,845	68,0554	73,845	65,0844	73,845	72,5772	73,845	68,0257	73,845	64,9552	
74,0088	72,3618	74,0088	68,0551	74,0088	65,0839	74,0088	72,5899	74,0088	68,034	74,0088	64,9569	
74,1728	72,3607	74,1728	68,0545	74,1728	65,0827	74,1728	72,6036	74,1728	68,0342	74,1728	64,9556	
74,3368	72,3627	74,3368	68,0539	74,3368	65,082	74,3368	72,5975	74,3368	68,0496	74,3368	64,9603	
74,5005	72,3591	74,5005	68,0548	74,5005	65,0835	74,5005	72,6179	74,5005	68,0446	74,5005	64,96	
74,6642	72,3596	74,6642	68,0544	74,6642	65,0814	74,6642	72,6709	74,6642	69,3097	74,6642	64,9646	
74,8279	72,3601	74,8279	68,0532	74,8279	65,0816	74,8279	72,7417	74,8279	69,3427	74,8279	64,9653	
74,9914	72,3607	74,9914	68,0535	74,9914	65,0806	74,9914	72,7712	74,9914	69,3625	74,9914	64,9626	
75,1554	72,3595	75,1554	68,0531	75,1554	65,0802	75,1554	73,3166	75,1554	69,3825	75,1554	66,1661	
75,3191	72,3558	75,3191	68,0497	75,3191	65,0772	75,3191	73,3506	75,3191	69,428	75,3191	66,1898	
75,4828	72,3511	75,4828	68,0457	75,4828	65,0742	75,4828	73,3873	75,4828	69,4718	75,4828	66,2113	
75,6465	72,3485	75,6465	68,0436	75,6465	65,0726	75,6465	73,4359	75,6465	46,1055	75,6465	66,2449	
75,8102	72,3449	75,8102	68,0406	75,8102	65,07	75,8102	73,5673	75,8102	46,0642	75,8102	43,7876	
75,9742	72,3414	75,9742	68,0367	75,9742	65,0663	75,9742	73,613	75,9742	46,0452	75,9742	43,7778	
76,1377	72,3378	76,1377	68,0336	76,1377	65,0644	76,1377	73,6482	76,1377	46,0373	76,1377	43,7738	
76,3017	72,3245	76,3017	68,0241	76,3017	65,0579	76,3017	73,6733	76,3017	46,0328	76,3017	43,7707	
76,4662	72,3009	76,4662	68,0078	76,4662	65,047	76,4662	73,7122	76,4662	46,0303	76,4662	43,7696	
76,6296	72,289	76,6296	67,9983	76,6296	65,0416	76,6296	49,1951	76,6296	46,0266	76,6296	43,7677	
76,7944	72,2943	76,7944	67,9931	76,7944	65,0387	76,7944	49,187	76,7944	46,0239	76,7944	43,7667	
76,9591	72,2909	76,9591	67,992	76,9591	65,0372	76,9591	49,1809	76,9591	46,0222	76,9591	43,7654	
77,1231	72,2794	77,1231	67,9909	77,1231	65,0367	77,1231	49,1748	77,1231	46,018	77,1231	43,7626	
77,287	72,2907	77,287	67,9893	77,287	65,036	77,287	49,1692	77,287	46,0155	77,287	43,7613	
77,4519	72,2898	77,4519	67,9884	77,4519	65,0355	77,4519	49,1642	77,4519	46,0111	77,4519	43,7589	
77,6156	72,2776	77,6156	67,9877	77,6156	65,035	77,6156	49,1567	77,6156	46,0098	77,6156	43,7583	
77,7799	72,2878	77,7799	67,9879	77,7799	65,0352	77,7799	49,1513	77,7799	46,0033	77,7799	43,7559	
77,9441	72,2785	77,9441	67,9874	77,9441	65,0352	77,9441	49,1473	77,9441	46,0006	77,9441	43,7554	
78,1081	72,2877	78,1081	67,9882	78,1081	65,0346	78,1081	49,1444	78,1081	45,9999	78,1081	43,7538	
78,2721	72,2772	78,2721	67,9879	78,2721	65,0346	78,2721	49,1399	78,2721	45,9969	78,2721	43,7529	
78,4366	72,2854	78,4366	67,987	78,4366	65,0349	78,4366	49,136	78,4366	45,9975	78,4366	43,7526	
78,601	72,2873	78,601	67,9869	78,601	65,0344	78,601	49,1354	78,601	45,9953	78,601	43,7511	
78,7653	72,2766	78,7653	67,9883	78,7653	65,0346	78,7653	49,1315	78,7653	45,9923	78,7653	43,7505	
78,9298	72,2876	78,9298	67,9883	78,9298	65,0347	78,9298	49,1279	78,9298	45,9896	78,9298	43,7492	
79,0941	72,2917	79,0941	67,9882	79,0941	65,0343	79,0941	49,1235	79,0941	45,9875	79,0941	43,7492	
79,2586	72,2868	79,2586	67,9873	79,2586	65,0345	79,2586	49,1157	79,2586	45,9829	79,2586	43,7466	
79,4229	72,2875	79,4229	67,9869	79,4229	65,0342	79,4229	49,1041	79,4229	45,9753	79,4229	43,7438	
79,5874	72,2889	79,5874	67,9867	79,5874	65,0345	79,5874	49,0923	79,5874	45,9684	79,5874	43,7402	
79,7522	72,2756	79,7522	67,9874	79,7522	65,0339	79,7522	49,0851	79,7522	45,9645	79,7522	43,7376	
79,9159	72,2862	79,9159	67,9857	79,9159	65,0335	79,9159	49,0782	79,9159	45,9594	79,9159	43,736	
80,0796	72,2877	80,0796	67,9847	80,0796	65,0334	80,0796	49,074	80,0796	45,9573	80,0796	43,7336	
80,2436	72,2869	80,2436	67,9855	80,2436	65,0336	80,2436	49,0675	80,2436	45,9557	80,2436	43,7332	
80,4076	72,2887	80,4076	67,9852	80,4076	65,0331	80,4076	49,0584	80,4076	45,9487	80,4076	43,7307	
80,5716	72,2883	80,5716	67,9855	80,5716	65,0329	80,5716	49,0451	80,5716	45,9415	80,5716	43,7264	
80,7356	72,2874	80,7356	67,9845	80,7356	65,033	80,7356	49,0449	80,7356	45,9411	80,7356	43,7257	
80,8993	72,2874	80,8993	67,9848	80,8993	65,0324	80,8993	49,0408	80,8993	45,9408	80,8993	43,7252	
81,0633	72,286	81,0633	67,9839	81,0633	65,0327	81,0633	49,0429	81,0633	45,9411	81,0633	43,7248	
81,2276	72,2846	81,2276	67,984	81,2276	65,0323	81,2276	49,042	81,2276	45,9403	81,2276	43,7241	
81,391	72,2874	81,391	67,9833	81,391	65,0316	81,391	49,04	81,391	45,9408	81,391	43,7244	
81,555	72,2872	81,555	67,9838	81,555	65,0321	81,555	49,0412	81,555	45,9399	81,555	43,7243	
81,719	72,2867	81,719	67,9842	81,719	65,0321	81,719	49,0385	81,719	45,9393	81,719	43,724	
81,8835	72,2859	81,8835	67,9843	81,8835	65,0316	81,8835	49,0381	81,8835	45,9391	81,8835	43,7234	
82,0476	72,2755	82,0476	67,9839	82,0476	65,0318	82,0476	49,0347	82,0476	45,9373	82,0476	43,7225	
82,2116	72,2851	82,2116	67,9835	82,2116	65,0318	82,2116	49,0332	82,2116	45,9366	82,2116	43,722	
82,3762	72,2877	82,3762	67,9838	82,3762	65,0316	82,3762	49,0277	82,3762	45,9338	82,3762	43,7203	
82,5406	72,2858	82,5406	67,9849	82,5406	65,0319	82,5406	49,0247	82,5406	45,9325	82,5406	43,7205	
82,7049	72,2852	82,7049	67,9862	82,7049	65,0316	82,7049	49,0234	82,7049	45,9298	82,7049	43,7196	
82,8689	72,284	82,8689	67,983	82,8689	65,032	82,8689	49,0217	82,8689	45,9312	82,8689	43,7194	
83,0333	72,2755	83,0333	67,9835	83,0333	65,0312	83,0333	49,0207	83,0333	45,9279	83,0333	43,7182	
83,1973	72,2867	83,1973	67,9838	83,1973	65,0316	83,1973	49,0159	83,1973	45,9261	83,1973	43,7168	
83,3612	72,2755	83,3612	67,9832	83,3612	65,0316	83,3612	49,0137	83,3612	45,9241	83,3612	43,7159	
83,5255	72,2889	83,5255	67,9833	83,5255	65,0315	83,5255	49,0104	83,5255	45,9229	83,5255	43,7153	
83,69	72,277	83,69	67,9845	83,69	65,0318	83,69	49,0074	83,69	45,9214	83,69	43,7146	
83,8542	72,2858	83,8542	67,9838	83,8542	65,0318	83,8542	49,0057	83,8542	45,9194	83,8542	43,7132	
84,0182	72,2852	84,0182	67,9843	84,0182	65,0324	84,0182	49,0008	84,0182	45,918	84,0182	43,7129	
84,1819	72,2768	84,1819	67,9844	84,1819	65,0318	84,1819	48,9995	84,1819	45,9171	84,1819	43,7119	
84,3453	72,2794	84,3453	67,9835	84,3453	65,0322	84,3453	48,9979	84,3453	45,9152	84,3453	43,7116	
84,5093	72,2798	84,5093	67,9827	84,5093	65,0321	84,5093	48,9978	84,5093	45,9175	84,5093	43,7114	
84,6741	72,2868	84,6741	67,9831	84,6741	65,0319	84,6741	49,0005	84,6741	45,9167	84,6741	43,7118	
84,8381	72,2886	84,8381	67,9844	84,8381	65,0317	84,8381	49,0031	84,8381	45,9174	84,8381	43,7119	
85,0021	72,2864	85,0021	67,9842	85,0021	65,0318	85,0021	49,0029	85,0021	45,9168	85,0021	43,7119	
