Time (min) - L1 670nm	 - L1 670nm	Time (min) - L2 785nm	 - L2 785nm	Time (min) - L3 980nm	 - L3 980nm	Time (min) - L5 670nm	 - L5 670nm	Time (min) - L6 785nm	 - L6 785nm	Time (min) - L7 980nm	 - L7 980nm	
0,18245	72,2803	0,18245	67,9833	0,18245	65,0354	0,18245	72,442	0,18245	67,9785	0,18245	64,9439	
0,34725	72,2794	0,34725	67,983	0,34725	65,0359	0,34725	72,4366	0,34725	67,9764	0,34725	64,9439	
0,511233	72,2792	0,511233	67,982	0,511233	65,035	0,511233	72,4363	0,511233	67,976	0,511233	64,9434	
0,675767	72,2811	0,675767	67,9832	0,675767	65,0354	0,675767	72,4345	0,675767	67,9778	0,675767	64,9432	
0,840017	72,2776	0,840017	67,9815	0,840017	65,0354	0,840017	72,4363	0,840017	67,9774	0,840017	64,9431	
1,00427	72,2771	1,00427	67,9836	1,00427	65,0347	1,00427	72,4366	1,00427	67,9775	1,00427	64,9426	
1,16877	72,279	1,16877	67,981	1,16877	65,035	1,16877	72,4371	1,16877	67,9763	1,16877	64,9429	
1,34263	72,2673	1,34263	67,9802	1,34263	65,0353	1,34263	72,4346	1,34263	67,9761	1,34263	64,9428	
1,5066	72,2785	1,5066	67,9821	1,5066	65,035	1,5066	72,4356	1,5066	67,9749	1,5066	64,9428	
1,67032	72,2789	1,67032	67,9827	1,67032	65,0348	1,67032	72,4345	1,67032	67,9755	1,67032	64,9429	
1,83457	72,2767	1,83457	67,9822	1,83457	65,0349	1,83457	72,4346	1,83457	67,9756	1,83457	64,9425	
1,99908	72,277	1,99908	67,9812	1,99908	65,0345	1,99908	72,436	1,99908	67,9762	1,99908	64,9422	
2,1636	72,2775	2,1636	67,9817	2,1636	65,0347	2,1636	72,4359	2,1636	67,9752	2,1636	64,943	
2,32813	72,28	2,32813	67,9808	2,32813	65,0349	2,32813	72,4397	2,32813	67,9749	2,32813	64,9433	
2,49238	72,2782	2,49238	67,9831	2,49238	65,0346	2,49238	72,4357	2,49238	67,9759	2,49238	64,9423	
2,6561	72,2757	2,6561	67,9806	2,6561	65,0345	2,6561	72,4391	2,6561	67,9743	2,6561	64,9422	
2,82062	72,2675	2,82062	67,9833	2,82062	65,0341	2,82062	72,4326	2,82062	67,9756	2,82062	64,9422	
2,98433	72,2771	2,98433	67,9806	2,98433	65,0345	2,98433	72,4359	2,98433	67,9761	2,98433	64,9425	
3,14778	72,2783	3,14778	67,98	3,14778	65,0342	3,14778	72,4385	3,14778	67,975	3,14778	64,9428	
3,3115	72,2799	3,3115	67,9785	3,3115	65,0347	3,3115	72,4343	3,3115	67,9761	3,3115	64,9426	
3,47575	72,2766	3,47575	67,9824	3,47575	65,0343	3,47575	72,4355	3,47575	67,9749	3,47575	64,9428	
3,63973	72,2732	3,63973	67,9824	3,63973	65,0341	3,63973	72,4337	3,63973	67,9756	3,63973	64,9423	
3,80317	72,2797	3,80317	67,9814	3,80317	65,0344	3,80317	72,4343	3,80317	67,975	3,80317	64,9423	
3,96715	72,2654	3,96715	67,9809	3,96715	65,0344	3,96715	72,4349	3,96715	67,9763	3,96715	64,9422	
4,1314	72,2762	4,1314	67,9808	4,1314	65,0338	4,1314	72,4337	4,1314	67,9748	4,1314	64,9424	
4,29562	72,2783	4,29562	67,9797	4,29562	65,0338	4,29562	72,435	4,29562	67,9758	4,29562	64,9421	
4,4596	72,2783	4,4596	67,98	4,4596	65,0337	4,4596	72,4354	4,4596	67,9765	4,4596	64,942	
4,62415	72,2757	4,62415	67,9809	4,62415	65,0337	4,62415	72,4358	4,62415	67,9758	4,62415	64,942	
4,7884	72,277	4,7884	67,9819	4,7884	65,0339	4,7884	72,4353	4,7884	67,9759	4,7884	64,9422	
4,9524	72,2791	4,9524	67,9818	4,9524	65,0336	4,9524	72,4356	4,9524	67,9759	4,9524	64,9418	
5,11668	72,2752	5,11668	67,9827	5,11668	65,0335	5,11668	72,4358	5,11668	67,9729	5,11668	64,942	
5,28063	72,2766	5,28063	67,9787	5,28063	65,0333	5,28063	72,4356	5,28063	67,9736	5,28063	64,942	
5,44463	72,2766	5,44463	67,98	5,44463	65,0339	5,44463	72,435	5,44463	67,975	5,44463	64,9424	
5,60863	72,2785	5,60863	67,9801	5,60863	65,0338	5,60863	72,4357	5,60863	67,9746	5,60863	64,9428	
5,77262	72,2764	5,77262	67,9809	5,77262	65,0335	5,77262	72,4394	5,77262	67,9741	5,77262	64,9426	
5,93632	72,2764	5,93632	67,9812	5,93632	65,0334	5,93632	72,4354	5,93632	67,9746	5,93632	64,9431	
6,10032	72,2763	6,10032	67,9821	6,10032	65,0343	6,10032	72,4365	6,10032	67,976	6,10032	64,9427	
6,2648	72,2781	6,2648	67,982	6,2648	65,0336	6,2648	72,4363	6,2648	67,9757	6,2648	64,9425	
6,42958	72,2762	6,42958	67,9802	6,42958	65,0332	6,42958	72,4364	6,42958	67,9765	6,42958	64,9428	
6,59332	72,2764	6,59332	67,9812	6,59332	65,0334	6,59332	72,4362	6,59332	67,9765	6,59332	64,9425	
6,75728	72,2768	6,75728	67,9807	6,75728	65,0338	6,75728	72,4362	6,75728	67,9753	6,75728	64,9427	
6,92127	72,277	6,92127	67,9817	6,92127	65,0336	6,92127	72,436	6,92127	67,975	6,92127	64,9426	
7,085	72,2776	7,085	67,9823	7,085	65,0338	7,085	72,4371	7,085	67,9759	7,085	64,9426	
7,24872	72,2671	7,24872	67,9807	7,24872	65,0333	7,24872	72,4362	7,24872	67,975	7,24872	64,9427	
7,41297	72,2677	7,41297	67,9797	7,41297	65,0336	7,41297	72,4377	7,41297	67,9753	7,41297	64,9425	
7,57748	72,2766	7,57748	67,9822	7,57748	65,0337	7,57748	72,4392	7,57748	67,974	7,57748	64,9424	
7,74148	72,2777	7,74148	67,9819	7,74148	65,0338	7,74148	72,4378	7,74148	67,9744	7,74148	64,9427	
7,90575	72,2767	7,90575	67,9796	7,90575	65,0332	7,90575	72,4379	7,90575	67,9739	7,90575	64,9426	
8,0697	72,2774	8,0697	67,9807	8,0697	65,0333	8,0697	72,4396	8,0697	67,9742	8,0697	64,9429	
8,23397	72,277	8,23397	67,9815	8,23397	65,0336	8,23397	72,4401	8,23397	67,9736	8,23397	64,9432	
8,39852	72,2811	8,39852	67,9806	8,39852	65,0337	8,39852	72,4387	8,39852	67,9761	8,39852	64,943	
8,56222	72,278	8,56222	67,9805	8,56222	65,0335	8,56222	72,44	8,56222	67,9765	8,56222	64,9429	
8,7262	72,2772	8,7262	67,9806	8,7262	65,0332	8,7262	72,4406	8,7262	67,9765	8,7262	64,943	
8,89073	72,2778	8,89073	67,9807	8,89073	65,0333	8,89073	72,4399	8,89073	67,9754	8,89073	64,9433	
9,05445	72,2766	9,05445	67,9787	9,05445	65,0335	9,05445	72,4402	9,05445	67,9763	9,05445	64,9434	
9,21872	72,2782	9,21872	67,9795	9,21872	65,0336	9,21872	72,4463	9,21872	67,9776	9,21872	64,9434	
9,3827	72,2792	9,3827	67,9797	9,3827	65,0333	9,3827	72,4411	9,3827	67,9779	9,3827	64,9437	
9,54668	72,2765	9,54668	67,9806	9,54668	65,0334	9,54668	72,4417	9,54668	67,978	9,54668	64,9439	
9,71093	72,2771	9,71093	67,9811	9,71093	65,0336	9,71093	72,4417	9,71093	67,9788	9,71093	64,9445	
9,87492	72,2774	9,87492	67,9805	9,87492	65,0332	9,87492	72,4472	9,87492	67,9788	9,87492	64,9448	
10,0392	72,2813	10,0392	67,9801	10,0392	65,0334	10,0392	72,4448	10,0392	67,9793	10,0392	64,9453	
10,2029	72,2774	10,2029	67,9823	10,2029	65,0331	10,2029	72,4429	10,2029	67,9807	10,2029	64,945	
10,3669	72,2775	10,3669	67,9797	10,3669	65,0335	10,3669	72,4445	10,3669	67,9788	10,3669	64,9452	
10,5304	72,267	10,5304	67,9799	10,5304	65,0334	10,5304	72,4495	10,5304	67,9816	10,5304	64,9455	
10,6941	72,2796	10,6941	67,9808	10,6941	65,0333	10,6941	72,4461	10,6941	67,9814	10,6941	64,9452	
10,8579	72,2776	10,8579	67,9794	10,8579	65,033	10,8579	72,4472	10,8579	67,9825	10,8579	64,9451	
11,0213	72,2784	11,0213	67,9799	11,0213	65,0335	11,0213	72,4525	11,0213	67,9844	11,0213	64,9454	
11,1853	72,2781	11,1853	67,9795	11,1853	65,0334	11,1853	72,4479	11,1853	67,9835	11,1853	64,9445	
11,3492	72,2771	11,3492	67,9809	11,3492	65,0334	11,3492	72,4503	11,3492	67,9842	11,3492	64,9453	
11,5129	72,2784	11,5129	67,9813	11,5129	65,0332	11,5129	72,4498	11,5129	67,9854	11,5129	64,945	
11,6769	72,2776	11,6769	67,9817	11,6769	65,0336	11,6769	72,4548	11,6769	67,9832	11,6769	64,9445	
11,8409	72,2776	11,8409	67,9817	11,8409	65,0335	11,8409	72,4516	11,8409	67,9812	11,8409	64,9444	
12,0043	72,2782	12,0043	67,9801	12,0043	65,0332	12,0043	72,4524	12,0043	67,9803	12,0043	64,9441	
12,1689	72,2781	12,1689	67,9793	12,1689	65,0336	12,1689	72,4534	12,1689	67,9814	12,1689	64,9449	
12,3326	72,2755	12,3326	67,9817	12,3326	65,0332	12,3326	72,4552	12,3326	67,9816	12,3326	64,9442	
12,4963	72,2768	12,4963	67,9809	12,4963	65,0332	12,4963	72,4579	12,4963	67,9835	12,4963	64,9453	
12,6625	72,2786	12,6625	67,9806	12,6625	65,0343	12,6625	72,4585	12,6625	67,9865	12,6625	64,9461	
12,8267	72,2787	12,8267	67,981	12,8267	65,0336	12,8267	72,4581	12,8267	67,9878	12,8267	64,9462	
12,9904	72,2773	12,9904	67,9805	12,9904	65,0335	12,9904	72,4612	12,9904	67,9868	12,9904	64,9463	
13,1544	72,277	13,1544	67,9802	13,1544	65,0336	13,1544	72,4616	13,1544	67,9895	13,1544	64,9464	
13,3184	72,2779	13,3184	67,9802	13,3184	65,0333	13,3184	72,4627	13,3184	67,9888	13,3184	64,9463	
13,4819	72,2773	13,4819	67,9807	13,4819	65,033	13,4819	72,4678	13,4819	67,9877	13,4819	64,9456	
13,6456	72,2767	13,6456	67,9804	13,6456	65,0347	13,6456	72,4662	13,6456	67,9885	13,6456	64,946	
13,8094	72,281	13,8094	67,9807	13,8094	65,033	13,8094	72,467	13,8094	67,9898	13,8094	64,9459	
13,9736	72,277	13,9736	67,9809	13,9736	65,0328	13,9736	72,4664	13,9736	67,9891	13,9736	64,9462	
14,137	72,2803	14,137	67,9787	14,137	65,0332	14,137	72,4683	14,137	67,9888	14,137	64,9462	
14,301	72,2779	14,301	67,9815	14,301	65,0331	14,301	72,469	14,301	67,989	14,301	64,9459	
14,4648	72,2778	14,4648	67,9811	14,4648	65,0331	14,4648	72,4704	14,4648	67,9895	14,4648	64,9467	
14,6286	72,2679	14,6286	67,9817	14,6286	65,0331	14,6286	72,4766	14,6286	67,9894	14,6286	64,9461	
14,7926	72,2779	14,7926	67,9805	14,7926	65,0331	14,7926	72,4736	14,7926	67,9895	14,7926	64,9472	
14,9571	72,2787	14,9571	67,9801	14,9571	65,0332	14,9571	72,4759	14,9571	67,9909	14,9571	64,9471	
15,1208	72,2782	15,1208	67,9818	15,1208	65,0332	15,1208	72,479	15,1208	67,9937	15,1208	64,9474	
15,2848	72,2768	15,2848	67,9806	15,2848	65,0329	15,2848	72,4805	15,2848	67,9956	15,2848	64,9482	
15,4496	72,2663	15,4496	67,9795	15,4496	65,033	15,4496	72,4832	15,4496	67,9968	15,4496	64,9478	
15,6133	72,2771	15,6133	67,9791	15,6133	65,0328	15,6133	72,4897	15,6133	67,9937	15,6133	64,9476	
15,7773	72,2789	15,7773	67,9812	15,7773	65,0329	15,7773	72,4883	15,7773	67,9985	15,7773	64,9481	
15,9416	72,2791	15,9416	67,9799	15,9416	65,0333	15,9416	72,4905	15,9416	67,9998	15,9416	64,9486	
16,1061	72,2778	16,1061	67,9806	16,1061	65,033	16,1061	72,4923	16,1061	68,0009	16,1061	64,9482	
16,2704	72,2786	16,2704	67,9813	16,2704	65,0327	16,2704	72,4953	16,2704	67,9968	16,2704	64,9482	
16,4344	72,2783	16,4344	67,9812	16,4344	65,0329	16,4344	72,4962	16,4344	68,0008	16,4344	64,9483	
16,5981	72,2789	16,5981	67,9808	16,5981	65,0331	16,5981	72,4988	16,5981	68,0016	16,5981	64,9481	
16,7621	72,2806	16,7621	67,9804	16,7621	65,0331	16,7621	72,4982	16,7621	67,9999	16,7621	64,9477	
16,9258	72,2785	16,9258	67,9823	16,9258	65,0338	16,9258	72,5	16,9258	68,0006	16,9258	64,9477	
17,0893	72,2779	17,0893	67,9821	17,0893	65,0344	17,0893	72,5026	17,0893	68,0031	17,0893	64,9467	
17,2536	72,2696	17,2536	67,9827	17,2536	65,035	17,2536	72,5051	17,2536	68,0009	17,2536	64,9481	
17,4175	72,2824	17,4175	67,9836	17,4175	65,036	17,4175	72,5079	17,4175	68,0011	17,4175	64,9479	
17,581	72,2729	17,581	67,9837	17,581	65,0363	17,581	72,5087	17,581	67,9962	17,581	64,9469	
17,7447	72,2824	17,7447	67,9855	17,7447	65,0365	17,7447	72,5099	17,7447	67,9999	17,7447	64,9477	
17,909	72,2834	17,909	67,985	17,909	65,0361	17,909	72,5094	17,909	68,002	17,909	64,9483	
18,0725	72,2814	18,0725	67,9845	18,0725	65,0363	18,0725	72,5086	18,0725	68,0076	18,0725	64,9489	
18,2362	72,2834	18,2362	67,984	18,2362	65,0363	18,2362	72,5087	18,2362	68,0087	18,2362	64,9511	
18,3999	72,2825	18,3999	67,9861	18,3999	65,0364	18,3999	72,5116	18,3999	68,008	18,3999	64,9506	
18,5639	72,2828	18,5639	67,9859	18,5639	65,0366	18,5639	72,5081	18,5639	68,0129	18,5639	64,9515	
18,7279	72,2822	18,7279	67,9866	18,7279	65,0365	18,7279	72,5087	18,7279	68,0114	18,7279	64,9512	
18,8916	72,2825	18,8916	67,9844	18,8916	65,0361	18,8916	72,5142	18,8916	68,0132	18,8916	64,9509	
19,0553	72,2827	19,0553	67,9869	19,0553	65,0363	19,0553	72,5206	19,0553	68,0132	19,0553	64,9506	
19,2197	72,2828	19,2197	67,9841	19,2197	65,0364	19,2197	72,5324	19,2197	68,0175	19,2197	64,9511	
19,3834	72,2831	19,3834	67,9841	19,3834	65,0367	19,3834	72,5389	19,3834	68,0174	19,3834	64,9518	
19,5476	72,2842	19,5476	67,9856	19,5476	65,0364	19,5476	72,5526	19,5476	68,0214	19,5476	64,9533	
19,7116	72,2842	19,7116	67,9864	19,7116	65,0364	19,7116	72,5652	19,7116	69,2687	19,7116	64,9544	
19,8756	72,2733	19,8756	67,9845	19,8756	65,0362	19,8756	72,5869	19,8756	69,2793	19,8756	64,9539	
20,0393	72,2832	20,0393	67,9853	20,0393	65,0367	20,0393	72,5934	20,0393	69,2849	20,0393	64,9548	
20,2036	72,2828	20,2036	67,9861	20,2036	65,0364	20,2036	72,6125	20,2036	69,2917	20,2036	64,9551	
20,3673	72,2731	20,3673	67,985	20,3673	65,0365	20,3673	72,6265	20,3673	69,298	20,3673	64,956	
20,5308	72,2831	20,5308	67,9859	20,5308	65,0362	20,5308	72,6457	20,5308	69,3065	20,5308	64,9553	
20,6948	72,2819	20,6948	67,9845	20,6948	65,0367	20,6948	72,6575	20,6948	69,3178	20,6948	64,9554	
20,8593	72,284	20,8593	67,9859	20,8593	65,0362	20,8593	72,6711	20,8593	69,3241	20,8593	64,9539	
21,023	72,284	21,023	67,9854	21,023	65,0364	21,023	72,6742	21,023	69,3234	21,023	64,9556	
21,187	72,2837	21,187	67,9839	21,187	65,0366	21,187	72,677	21,187	69,3287	21,187	64,955	
21,351	72,2728	21,351	67,9843	21,351	65,0368	21,351	72,6906	21,351	69,3362	21,351	64,9568	
21,5147	72,2744	21,5147	67,9863	21,5147	65,0366	21,5147	72,7074	21,5147	69,347	21,5147	64,9567	
21,6787	72,2831	21,6787	67,9847	21,6787	65,0368	21,6787	73,2496	21,6787	69,3593	21,6787	64,9611	
21,8422	72,2862	21,8422	67,986	21,8422	65,0361	21,8422	73,2589	21,8422	69,3725	21,8422	66,1692	
22,0059	72,2862	22,0059	67,9849	22,0059	65,0364	22,0059	73,2664	22,0059	69,3798	22,0059	66,1744	
22,1696	72,2728	22,1696	67,9849	22,1696	65,0363	22,1696	73,2755	22,1696	69,3888	22,1696	66,179	
22,333	72,2825	22,333	67,9867	22,333	65,0365	22,333	73,2841	22,333	69,398	22,333	66,1851	
22,497	72,2851	22,497	67,9857	22,497	65,0363	22,497	73,2931	22,497	69,4172	22,497	66,1928	
22,6607	72,2833	22,6607	67,9856	22,6607	65,0366	22,6607	73,3058	22,6607	69,4177	22,6607	66,2012	
22,8253	72,2834	22,8253	67,9853	22,8253	65,0365	22,8253	73,3189	22,8253	46,21	22,8253	66,2178	
22,989	72,272	22,989	67,9869	22,989	65,0367	22,989	73,3315	22,989	46,2033	22,989	66,2269	
23,153	72,2841	23,153	67,9851	23,153	65,0365	23,153	73,3471	23,153	46,1902	23,153	66,2345	
23,3167	72,2837	23,3167	67,9846	23,3167	65,0366	23,3167	73,3606	23,3167	46,1836	23,3167	66,2457	
23,4804	72,2837	23,4804	67,9857	23,4804	65,0365	23,4804	73,3783	23,4804	46,1745	23,4804	66,2569	
23,6444	72,2831	23,6444	67,9858	23,6444	65,0366	23,6444	73,3957	23,6444	46,1685	23,6444	66,2708	
23,8081	72,2852	23,8081	67,988	23,8081	65,0361	23,8081	73,4164	23,8081	46,1609	23,8081	66,2824	
23,9716	72,2851	23,9716	67,9855	23,9716	65,0361	23,9716	73,4327	23,9716	46,1564	23,9716	43,8234	
24,1361	72,2831	24,1361	67,9848	24,1361	65,0367	24,1361	73,4508	24,1361	46,1504	24,1361	43,8236	
24,3006	72,2748	24,3006	67,9845	24,3006	65,0365	24,3006	73,4684	24,3006	46,1455	24,3006	43,8208	
24,4651	72,2721	24,4651	67,9853	24,4651	65,0366	24,4651	73,4882	24,4651	46,1387	24,4651	43,8182	
24,6291	72,2847	24,6291	67,9846	24,6291	65,0358	24,6291	73,5139	24,6291	46,1314	24,6291	43,8162	
24,7939	72,2835	24,7939	67,9836	24,7939	65,0368	24,7939	73,5368	24,7939	46,1245	24,7939	43,8132	
24,9581	72,2842	24,9581	67,984	24,9581	65,0359	24,9581	73,5618	24,9581	46,1218	24,9581	43,8109	
25,1218	72,2838	25,1218	67,9851	25,1218	65,0355	25,1218	73,5952	25,1218	46,1178	25,1218	43,8095	
25,2864	72,2808	25,2864	67,9824	25,2864	65,0346	25,2864	73,618	25,2864	46,1156	25,2864	43,8076	
25,4501	72,2774	25,4501	67,9831	25,4501	65,0339	25,4501	49,3241	25,4501	46,1131	25,4501	43,8059	
25,6145	72,279	25,6145	67,982	25,6145	65,0335	25,6145	49,3168	25,6145	46,1104	25,6145	43,805	
25,7779	72,2782	25,7779	67,9815	25,7779	65,0326	25,7779	49,3123	25,7779	46,1063	25,7779	43,8011	
25,9425	72,2773	25,9425	67,9806	25,9425	65,0329	25,9425	49,3063	25,9425	46,1048	25,9425	43,8004	
26,1073	72,2783	26,1073	67,9819	26,1073	65,0326	26,1073	49,3028	26,1073	46,1024	26,1073	43,7988	
26,271	72,2782	26,271	67,9806	26,271	65,033	26,271	49,2959	26,271	46,1002	26,271	43,7978	
26,4353	72,2773	26,4353	67,9819	26,4353	65,033	26,4353	49,2886	26,4353	46,096	26,4353	43,7957	
26,5993	72,279	26,5993	67,9813	26,5993	65,0329	26,5993	49,2827	26,5993	46,0919	26,5993	43,793	
26,7631	72,2783	26,7631	67,9802	26,7631	65,0333	26,7631	49,2755	26,7631	46,0865	26,7631	43,7914	
26,9273	72,2803	26,9273	67,9818	26,9273	65,033	26,9273	49,2696	26,9273	46,0843	26,9273	43,7895	
27,0913	72,278	27,0913	67,9815	27,0913	65,0326	27,0913	49,2676	27,0913	46,081	27,0913	43,7893	
27,2553	72,2777	27,2553	67,9797	27,2553	65,0324	27,2553	49,2624	27,2553	46,0801	27,2553	43,7887	
27,4195	72,2777	27,4195	67,9806	27,4195	65,0328	27,4195	49,2615	27,4195	46,0794	27,4195	43,7886	
27,5843	72,2779	27,5843	67,979	27,5843	65,0325	27,5843	49,2583	27,5843	46,0771	27,5843	43,7878	
27,7483	72,2799	27,7483	67,9788	27,7483	65,0328	27,7483	49,2534	27,7483	46,0753	27,7483	43,7862	
27,9136	72,2776	27,9136	67,9801	27,9136	65,0343	27,9136	49,2486	27,9136	46,0728	27,9136	43,7852	
28,0779	72,2807	28,0779	67,9799	28,0779	65,033	28,0779	49,2417	28,0779	46,0694	28,0779	43,7839	
28,2413	72,2794	28,2413	67,9789	28,2413	65,0327	28,2413	49,2396	28,2413	46,067	28,2413	43,7827	
28,4053	72,2804	28,4053	67,9818	28,4053	65,0327	28,4053	49,2321	28,4053	46,0643	28,4053	43,7808	
28,5701	72,2768	28,5701	67,9799	28,5701	65,0325	28,5701	49,2281	28,5701	46,0619	28,5701	43,7803	
28,7344	72,2767	28,7344	67,9804	28,7344	65,0326	28,7344	49,2259	28,7344	46,061	28,7344	43,7791	
28,8983	72,28	28,8983	67,9817	28,8983	65,033	28,8983	49,2253	28,8983	46,0582	28,8983	43,7779	
29,062	72,2764	29,062	67,9822	29,062	65,0331	29,062	49,2216	29,062	46,0586	29,062	43,7774	
29,2257	72,2772	29,2257	67,9801	29,2257	65,0325	29,2257	49,2229	29,2257	46,0575	29,2257	43,7774	
29,3892	72,2771	29,3892	67,9799	29,3892	65,0328	29,3892	49,2198	29,3892	46,0578	29,3892	43,777	
29,5534	72,2796	29,5534	67,9829	29,5534	65,0329	29,5534	49,2164	29,5534	46,0557	29,5534	43,7762	
29,7177	72,2784	29,7177	67,9813	29,7177	65,0329	29,7177	49,2099	29,7177	46,0522	29,7177	43,7748	
29,882	72,2799	29,882	67,9804	29,882	65,0328	29,882	49,2061	29,882	46,0494	29,882	43,7734	
30,0457	72,2778	30,0457	67,982	30,0457	65,0329	30,0457	49,203	30,0457	46,0479	30,0457	43,7729	
30,2094	72,2781	30,2094	67,9796	30,2094	65,0337	30,2094	49,1976	30,2094	46,0454	30,2094	43,7713	
30,3734	72,2774	30,3734	67,982	30,3734	65,0326	30,3734	49,1955	30,3734	46,0441	30,3734	43,77	
30,5374	72,2792	30,5374	67,9793	30,5374	65,0339	30,5374	49,1955	30,5374	46,0428	30,5374	43,7704	
30,7014	72,2775	30,7014	67,9799	30,7014	65,033	30,7014	49,1952	30,7014	46,0424	30,7014	43,77	
30,8653	72,2769	30,8653	67,9813	30,8653	65,0327	30,8653	49,1926	30,8653	46,0409	30,8653	43,7693	
31,0293	72,2782	31,0293	67,9794	31,0293	65,0326	31,0293	49,1894	31,0293	46,0402	31,0293	43,7682	
31,1933	72,2786	31,1933	67,9803	31,1933	65,0326	31,1933	49,185	31,1933	46,0396	31,1933	43,7671	
31,3583	72,2805	31,3583	67,9819	31,3583	65,033	31,3583	49,1836	31,3583	46,0384	31,3583	43,7662	
31,5229	72,2783	31,5229	67,9812	31,5229	65,0327	31,5229	49,1795	31,5229	46,0339	31,5229	43,7645	
31,6877	72,2777	31,6877	67,9819	31,6877	65,0326	31,6877	49,176	31,6877	46,0332	31,6877	43,7642	
31,8514	72,2677	31,8514	67,9794	31,8514	65,0326	31,8514	49,1746	31,8514	46,031	31,8514	43,7626	
32,0157	72,2669	32,0157	67,9802	32,0157	65,0324	32,0157	49,17	32,0157	46,0294	32,0157	43,762	
32,1797	72,2801	32,1797	67,9816	32,1797	65,0326	32,1797	49,1667	32,1797	46,0279	32,1797	43,7612	
32,3442	72,274	32,3442	67,9786	32,3442	65,0327	32,3442	49,1666	32,3442	46,0266	32,3442	43,7608	
32,5084	72,2756	32,5084	67,9818	32,5084	65,0325	32,5084	49,164	32,5084	46,0257	32,5084	43,7596	
32,6726	72,2775	32,6726	67,9796	32,6726	65,0325	32,6726	49,1639	32,6726	46,025	32,6726	43,7595	
32,8363	72,2815	32,8363	67,9825	32,8363	65,0328	32,8363	49,1598	32,8363	46,0229	32,8363	43,7579	
33,0003	72,2797	33,0003	67,9797	33,0003	65,0326	33,0003	49,1571	33,0003	46,0195	33,0003	43,7571	
33,1651	72,2781	33,1651	67,9816	33,1651	65,0326	33,1651	49,1497	33,1651	46,0179	33,1651	43,7556	
33,3293	72,2815	33,3293	67,9809	33,3293	65,0327	33,3293	49,1491	33,3293	46,0158	33,3293	43,7548	
33,493	72,2799	33,493	67,9809	33,493	65,0325	33,493	49,1436	33,493	46,0144	33,493	43,7535	
33,6576	72,2789	33,6576	67,9796	33,6576	65,0325	33,6576	49,1451	33,6576	46,0144	33,6576	43,7532	
33,8215	72,2782	33,8215	67,9808	33,8215	65,0322	33,8215	49,1442	33,8215	46,0128	33,8215	43,753	
33,9855	72,2801	33,9855	67,9808	33,9855	65,0328	33,9855	49,1442	33,9855	46,0129	33,9855	43,7537	
34,1495	72,2782	34,1495	67,9813	34,1495	65,0326	34,1495	49,1411	34,1495	46,0138	34,1495	43,753	
34,3135	72,2786	34,3135	67,9798	34,3135	65,0325	34,3135	49,1429	34,3135	46,0149	34,3135	43,7531	
34,4775	72,2778	34,4775	67,982	34,4775	65,0325	34,4775	49,1417	34,4775	46,0129	34,4775	43,7524	
34,6423	72,2796	34,6423	67,9804	34,6423	65,0328	34,6423	49,1378	34,6423	46,0106	34,6423	43,752	
34,806	72,2779	34,806	67,9818	34,806	65,0326	34,806	49,1347	34,806	46,0088	34,806	43,7501	
34,97	72,2774	34,97	67,9819	34,97	65,0328	34,97	49,1331	34,97	46,0061	34,97	43,7492	
35,1337	72,279	35,1337	67,9805	35,1337	65,0329	35,1337	49,1303	35,1337	46,0055	35,1337	43,7491	
35,2977	72,2788	35,2977	67,9799	35,2977	65,0322	35,2977	49,1306	35,2977	46,0057	35,2977	43,7487	
35,462	72,279	35,462	67,9811	35,462	65,0332	35,462	49,1279	35,462	46,0046	35,462	43,7487	
35,626	72,2776	35,626	67,981	35,626	65,0327	35,626	49,128	35,626	46,0046	35,626	43,7486	
35,7905	72,2781	35,7905	67,9796	35,7905	65,0327	35,7905	49,1276	35,7905	46,0051	35,7905	43,7484	
35,9545	72,2785	35,9545	67,9816	35,9545	65,0331	35,9545	49,1277	35,9545	46,0034	35,9545	43,7482	
36,1188	72,2678	36,1188	67,9799	36,1188	65,0328	36,1188	49,1257	36,1188	46,0057	36,1188	43,7481	
36,2827	72,2784	36,2827	67,981	36,2827	65,0328	36,2827	49,1262	36,2827	46,0023	36,2827	43,7471	
36,4462	72,2788	36,4462	67,9797	36,4462	65,0326	36,4462	49,1245	36,4462	46,0019	36,4462	43,7471	
36,6099	72,2687	36,6099	67,9807	36,6099	65,0329	36,6099	49,1233	36,6099	46,0023	36,6099	43,747	
36,7736	72,279	36,7736	67,9807	36,7736	65,0329	36,7736	49,1216	36,7736	46,0007	36,7736	43,7468	
36,9381	72,2694	36,9381	67,9811	36,9381	65,0327	36,9381	49,1197	36,9381	45,9999	36,9381	43,7454	
37,1021	72,2763	37,1021	67,982	37,1021	65,0331	37,1021	49,1198	37,1021	46,0003	37,1021	43,7457	
37,2664	72,2794	37,2664	67,9809	37,2664	65,0326	37,2664	49,1212	37,2664	45,9995	37,2664	43,7453	
37,4304	72,2788	37,4304	67,9809	37,4304	65,0325	37,4304	49,1159	37,4304	45,9985	37,4304	43,7445	
37,5944	72,2781	37,5944	67,9827	37,5944	65,0329	37,5944	49,1143	37,5944	45,9978	37,5944	43,7442	
37,7589	72,2785	37,7589	67,9805	37,7589	65,0326	37,7589	49,1129	37,7589	45,9963	37,7589	43,7433	
37,9232	72,278	37,9232	67,9804	37,9232	65,0326	37,9232	49,1096	37,9232	45,9935	37,9232	43,7428	
38,088	72,2692	38,088	67,9807	38,088	65,0329	38,088	49,1068	38,088	45,9918	38,088	43,7416	
38,2517	72,2795	38,2517	67,9788	38,2517	65,0323	38,2517	49,1066	38,2517	45,9911	38,2517	43,7412	
38,4162	72,2775	38,4162	67,9822	38,4162	65,0333	38,4162	49,107	38,4162	45,9919	38,4162	43,7416	
38,5805	72,2791	38,5805	67,9806	38,5805	65,0325	38,5805	49,1079	38,5805	45,9924	38,5805	43,7416	
38,7448	72,2756	38,7448	67,9804	38,7448	65,0328	38,7448	49,1075	38,7448	45,9915	38,7448	43,7414	
38,909	72,2794	38,909	67,9823	38,909	65,0326	38,909	49,1087	38,909	45,993	38,909	43,7414	
39,0732	72,2789	39,0732	67,9805	39,0732	65,0327	39,0732	49,1096	39,0732	45,9924	39,0732	43,7415	
39,2372	72,279	39,2372	67,9811	39,2372	65,0331	39,2372	49,1074	39,2372	45,9934	39,2372	43,7413	
39,4009	72,2806	39,4009	67,9823	39,4009	65,0333	39,4009	49,1079	39,4009	45,9917	39,4009	43,7407	
39,565	72,2797	39,565	67,9811	39,565	65,0324	39,565	49,1071	39,565	45,9926	39,565	43,7407	
39,729	72,2777	39,729	67,9829	39,729	65,0326	39,729	49,1077	39,729	45,9905	39,729	43,7409	
39,8927	72,2787	39,8927	67,9806	39,8927	65,0326	39,8927	49,1055	39,8927	45,9909	39,8927	43,7402	
40,0569	72,271	40,0569	67,981	40,0569	65,0329	40,0569	49,1014	40,0569	45,9901	40,0569	43,7395	
40,2207	72,2818	40,2207	67,9807	40,2207	65,0327	40,2207	49,1006	40,2207	45,9875	40,2207	43,7391	
40,3844	72,2816	40,3844	67,9822	40,3844	65,0326	40,3844	49,1009	40,3844	45,9877	40,3844	43,7391	
40,5484	72,2785	40,5484	67,9806	40,5484	65,0328	40,5484	49,0988	40,5484	45,9872	40,5484	43,7383	
40,7127	72,2786	40,7127	67,9801	40,7127	65,0324	40,7127	49,0959	40,7127	45,9855	40,7127	43,738	
40,8772	72,2821	40,8772	67,9806	40,8772	65,0328	40,8772	49,0969	40,8772	45,9868	40,8772	43,7373	
41,0418	72,2789	41,0418	67,9812	41,0418	65,0327	41,0418	49,099	41,0418	45,9869	41,0418	43,7379	
41,206	72,278	41,206	67,9808	41,206	65,0332	41,206	49,0958	41,206	45,986	41,206	43,7373	
41,3707	72,2684	41,3707	67,9811	41,3707	65,0331	41,3707	49,095	41,3707	45,9851	41,3707	43,737	
41,535	72,2788	41,535	67,9802	41,535	65,0327	41,535	49,0947	41,535	45,9849	41,535	43,7366	
41,699	72,2801	41,699	67,9814	41,699	65,033	41,699	49,0951	41,699	45,985	41,699	43,7373	
41,8638	72,2815	41,8638	67,9819	41,8638	65,0323	41,8638	49,0942	41,8638	45,9842	41,8638	43,7361	
42,0275	72,2806	42,0275	67,981	42,0275	65,0332	42,0275	49,0911	42,0275	45,9821	42,0275	43,7357	
42,1924	72,2789	42,1924	67,9811	42,1924	65,0326	42,1924	49,0914	42,1924	45,9817	42,1924	43,7355	
42,3566	72,2808	42,3566	67,983	42,3566	65,0326	42,3566	49,09	42,3566	45,9805	42,3566	43,7353	
42,5206	72,2808	42,5206	67,9805	42,5206	65,0331	42,5206	49,0859	42,5206	45,9802	42,5206	43,7338	
42,6848	72,2794	42,6848	67,9812	42,6848	65,0325	42,6848	49,0866	42,6848	45,9796	42,6848	43,7338	
42,8496	72,2699	42,8496	67,9828	42,8496	65,0331	42,8496	49,0857	42,8496	45,9789	42,8496	43,7335	
43,0139	72,2796	43,0139	67,9825	43,0139	65,0329	43,0139	49,0859	43,0139	45,9798	43,0139	43,7332	
43,1773	72,2781	43,1773	67,9813	43,1773	65,0328	43,1773	49,0852	43,1773	45,9811	43,1773	43,7338	
43,3413	72,2795	43,3413	67,9822	43,3413	65,0332	43,3413	49,0869	43,3413	45,9815	43,3413	43,7341	
43,5051	72,2803	43,5051	67,9825	43,5051	65,0329	43,5051	49,0868	43,5051	45,979	43,5051	43,7331	
43,6696	72,2794	43,6696	67,9804	43,6696	65,0328	43,6696	49,0855	43,6696	45,979	43,6696	43,7331	
43,8336	72,28	43,8336	67,9813	43,8336	65,0339	43,8336	49,0865	43,8336	45,9797	43,8336	43,733	
43,9973	72,2783	43,9973	67,9816	43,9973	65,0327	43,9973	49,0866	43,9973	45,9794	43,9973	43,7335	
44,1613	72,2786	44,1613	67,9814	44,1613	65,0328	44,1613	49,0883	44,1613	45,9809	44,1613	43,7335	
44,3256	72,2825	44,3256	67,9819	44,3256	65,033	44,3256	49,088	44,3256	45,9822	44,3256	43,7337	
44,4898	72,2817	44,4898	67,9835	44,4898	65,0326	44,4898	49,0865	44,4898	45,9805	44,4898	43,7334	
44,6538	72,2706	44,6538	67,9825	44,6538	65,0329	44,6538	49,0844	44,6538	45,9788	44,6538	43,7332	
44,818	72,279	44,818	67,982	44,818	65,0327	44,818	49,0829	44,818	45,9762	44,818	43,732	
44,9823	72,2689	44,9823	67,9826	44,9823	65,0331	44,9823	49,0805	44,9823	45,9757	44,9823	43,7314	
45,1463	72,2792	45,1463	67,9827	45,1463	65,0333	45,1463	49,0777	45,1463	45,9744	45,1463	43,7305	
45,3107	72,2792	45,3107	67,9842	45,3107	65,0331	45,3107	49,0768	45,3107	45,9733	45,3107	43,7305	
45,4752	72,2784	45,4752	67,9807	45,4752	65,0333	45,4752	49,0784	45,4752	45,9746	45,4752	43,7301	
45,6395	72,273	45,6395	67,9819	45,6395	65,0327	45,6395	49,0762	45,6395	45,9721	45,6395	43,7301	
45,8038	72,2801	45,8038	67,9821	45,8038	65,033	45,8038	49,0749	45,8038	45,9722	45,8038	43,7297	
45,9678	72,2785	45,9678	67,9816	45,9678	65,0332	45,9678	49,0731	45,9678	45,9711	45,9678	43,7295	
46,132	72,2839	46,132	67,9825	46,132	65,0332	46,132	49,0724	46,132	45,9692	46,132	43,7288	
46,296	72,2802	46,296	67,9833	46,296	65,0334	46,296	49,0705	46,296	45,9709	46,296	43,7285	
46,4602	72,281	46,4602	67,9817	46,4602	65,0332	46,4602	49,0707	46,4602	45,9696	46,4602	43,7279	
46,6247	72,2805	46,6247	67,9815	46,6247	65,0335	46,6247	49,0713	46,6247	45,9692	46,6247	43,7282	
46,7887	72,2799	46,7887	67,9802	46,7887	65,0328	46,7887	49,0722	46,7887	45,9697	46,7887	43,7284	
46,9538	72,2788	46,9538	67,9809	46,9538	65,0329	46,9538	49,0694	46,9538	45,9687	46,9538	43,728	
47,1175	72,2815	47,1175	67,9812	47,1175	65,0333	47,1175	49,0683	47,1175	45,9676	47,1175	43,7276	
47,2814	72,2777	47,2814	67,9819	47,2814	65,0329	47,2814	49,066	47,2814	45,9663	47,2814	43,7269	
47,4457	72,2801	47,4457	67,9823	47,4457	65,033	47,4457	49,0653	47,4457	45,9664	47,4457	43,7272	
47,6096	72,2804	47,6096	67,9816	47,6096	65,0331	47,6096	49,065	47,6096	45,9672	47,6096	43,7265	
47,774	72,2802	47,774	67,9814	47,774	65,0327	47,774	49,0637	47,774	45,9654	47,774	43,7267	
47,9382	72,2803	47,9382	67,9822	47,9382	65,033	47,9382	49,0607	47,9382	45,9656	47,9382	43,7262	
48,102	72,2796	48,102	67,9818	48,102	65,0333	48,102	49,0625	48,102	45,965	48,102	43,7256	
48,2657	72,2796	48,2657	67,9823	48,2657	65,0332	48,2657	49,0652	48,2657	45,9658	48,2657	43,7261	
48,43	72,2807	48,43	67,9813	48,43	65,033	48,43	49,0638	48,43	45,9652	48,43	43,7258	
48,5939	72,2805	48,5939	67,9818	48,5939	65,0331	48,5939	49,0619	48,5939	45,9652	48,5939	43,7258	
48,7585	72,2703	48,7585	67,9823	48,7585	65,0331	48,7585	49,0613	48,7585	45,9645	48,7585	43,7255	
48,923	72,2804	48,923	67,9833	48,923	65,0334	48,923	49,0608	48,923	45,963	48,923	43,7253	
49,0869	72,2808	49,0869	67,9831	49,0869	65,0328	49,0869	49,0598	49,0869	45,9635	49,0869	43,725	
49,2515	72,2801	49,2515	67,9821	49,2515	65,0329	49,2515	49,061	49,2515	45,9648	49,2515	43,7249	
49,4152	72,2793	49,4152	67,9816	49,4152	65,0335	49,4152	49,0598	49,4152	45,9634	49,4152	43,7254	
49,58	72,2714	49,58	67,9825	49,58	65,0327	49,58	49,0576	49,58	45,9633	49,58	43,7242	
49,7442	72,2702	49,7442	67,9832	49,7442	65,0328	49,7442	49,0582	49,7442	45,9618	49,7442	43,7239	
49,9076	72,2798	49,9076	67,9804	49,9076	65,0341	49,9076	49,0587	49,9076	45,9631	49,9076	43,7242	
50,0716	72,2724	50,0716	67,9811	50,0716	65,0331	50,0716	49,057	50,0716	45,9628	50,0716	43,7237	
50,2358	72,2825	50,2358	67,9816	50,2358	65,033	50,2358	49,058	50,2358	45,961	50,2358	43,7232	
50,3996	72,2814	50,3996	67,9824	50,3996	65,0333	50,3996	49,0584	50,3996	45,9626	50,3996	43,724	
50,5635	72,2834	50,5635	67,9829	50,5635	65,0332	50,5635	49,0597	50,5635	45,9619	50,5635	43,7236	
50,7283	72,2815	50,7283	67,9825	50,7283	65,0343	50,7283	49,0586	50,7283	45,9636	50,7283	43,724	
50,8932	72,2806	50,8932	67,9819	50,8932	65,0333	50,8932	49,0604	50,8932	45,9623	50,8932	43,7236	
51,0571	72,2811	51,0571	67,982	51,0571	65,033	51,0571	49,0579	51,0571	45,9617	51,0571	43,724	
51,2222	72,2816	51,2222	67,9816	51,2222	65,0329	51,2222	49,0573	51,2222	45,9624	51,2222	43,7234	
51,3862	72,2715	51,3862	67,9832	51,3862	65,0332	51,3862	49,0594	51,3862	45,9619	51,3862	43,7241	
51,5504	72,2814	51,5504	67,9825	51,5504	65,0333	51,5504	49,0581	51,5504	45,9627	51,5504	43,7232	
51,7144	72,2713	51,7144	67,9836	51,7144	65,0328	51,7144	49,0563	51,7144	45,9614	51,7144	43,7232	
51,8787	72,2724	51,8787	67,984	51,8787	65,0334	51,8787	49,0575	51,8787	45,9618	51,8787	43,7235	
52,0435	72,2834	52,0435	67,9839	52,0435	65,0331	52,0435	49,0613	52,0435	45,9644	52,0435	43,7242	
52,2077	72,2793	52,2077	67,9831	52,2077	65,0332	52,2077	49,061	52,2077	45,964	52,2077	43,7241	
52,3717	72,2827	52,3717	67,9827	52,3717	65,0333	52,3717	49,0617	52,3717	45,9639	52,3717	43,7247	
52,536	72,2801	52,536	67,9822	52,536	65,0334	52,536	49,0606	52,536	45,9648	52,536	43,7239	
52,7002	72,2799	52,7002	67,9823	52,7002	65,0335	52,7002	49,0592	52,7002	45,9625	52,7002	43,7234	
52,8647	72,2836	52,8647	67,9831	52,8647	65,0347	52,8647	49,0561	52,8647	45,9604	52,8647	43,7225	
53,029	72,2809	53,029	67,9818	53,029	65,034	53,029	49,0569	53,029	45,9607	53,029	43,722	
53,193	72,2798	53,193	67,9836	53,193	65,0332	53,193	49,055	53,193	45,9596	53,193	43,7216	
53,3575	72,2819	53,3575	67,9839	53,3575	65,0332	53,3575	49,0549	53,3575	45,9609	53,3575	43,7225	
53,5218	72,2702	53,5218	67,9817	53,5218	65,0337	53,5218	49,0538	53,5218	45,9591	53,5218	43,7216	
53,6863	72,283	53,6863	67,9828	53,6863	65,0335	53,6863	49,0512	53,6863	45,9584	53,6863	43,7212	
53,85	72,2724	53,85	67,9831	53,85	65,0337	53,85	49,0525	53,85	45,9584	53,85	43,7207	
54,0145	72,2829	54,0145	67,9845	54,0145	65,034	54,0145	49,0519	54,0145	45,9576	54,0145	43,7208	
54,1782	72,2803	54,1782	67,9827	54,1782	65,0336	54,1782	49,0495	54,1782	45,9566	54,1782	43,7207	
54,3425	72,2806	54,3425	67,9827	54,3425	65,0341	54,3425	49,0492	54,3425	45,9577	54,3425	43,72	
54,507	72,2808	54,507	67,985	54,507	65,0337	54,507	49,0459	54,507	45,9559	54,507	43,7201	
54,671	72,2822	54,671	67,9825	54,671	65,0335	54,671	49,0464	54,671	45,9542	54,671	43,7194	
54,835	72,2827	54,835	67,9824	54,835	65,0342	54,835	49,0459	54,835	45,9545	54,835	43,7189	
54,9995	72,2818	54,9995	67,9835	54,9995	65,033	54,9995	49,0465	54,9995	45,9559	54,9995	43,7192	
55,1635	72,2821	55,1635	67,9847	55,1635	65,0337	55,1635	49,0463	55,1635	45,9546	55,1635	43,7194	
55,3272	72,2844	55,3272	67,984	55,3272	65,0334	55,3272	49,0504	55,3272	45,9581	55,3272	43,7202	
55,4912	72,2709	55,4912	67,9847	55,4912	65,0339	55,4912	49,0526	55,4912	45,9577	55,4912	43,7201	
55,6551	72,2822	55,6551	67,9828	55,6551	65,0341	55,6551	49,0506	55,6551	45,9573	55,6551	43,72	
55,8186	72,2725	55,8186	67,9836	55,8186	65,0336	55,8186	49,0496	55,8186	45,958	55,8186	43,72	
55,9825	72,282	55,9825	67,9838	55,9825	65,0335	55,9825	49,05	55,9825	45,9581	55,9825	43,7198	
56,1468	72,2816	56,1468	67,9839	56,1468	65,034	56,1468	49,0482	56,1468	45,956	56,1468	43,7192	
56,3111	72,2801	56,3111	67,9832	56,3111	65,0337	56,3111	49,0482	56,3111	45,9559	56,3111	43,719	
56,4753	72,2825	56,4753	67,9824	56,4753	65,0335	56,4753	49,0475	56,4753	45,9561	56,4753	43,7193	
56,639	72,2818	56,639	67,9825	56,639	65,0332	56,639	49,0512	56,639	45,9562	56,639	43,7195	
56,8031	72,2837	56,8031	67,9841	56,8031	65,0336	56,8031	49,0496	56,8031	45,9564	56,8031	43,7194	
56,9673	72,2821	56,9673	67,9845	56,9673	65,0336	56,9673	49,0512	56,9673	45,9581	56,9673	43,7199	
57,1324	72,2813	57,1324	67,983	57,1324	65,0342	57,1324	49,0509	57,1324	45,9589	57,1324	43,7202	
57,2963	72,284	57,2963	67,9861	57,2963	65,0339	57,2963	49,0514	57,2963	45,9584	57,2963	43,7197	
57,4598	72,2826	57,4598	67,9841	57,4598	65,0339	57,4598	49,0494	57,4598	45,9573	57,4598	43,7194	
57,6232	72,283	57,6232	67,9833	57,6232	65,0339	57,6232	72,5392	57,6232	68,0103	57,6232	64,9496	
57,7878	72,2734	57,7878	67,9818	57,7878	65,0342	57,7878	72,533	57,7878	68,009	57,7878	64,9487	
57,9518	72,273	57,9518	67,9838	57,9518	65,0339	57,9518	72,5323	57,9518	68,007	57,9518	64,949	
58,1163	72,285	58,1163	67,9842	58,1163	65,0338	58,1163	72,5301	58,1163	68,0074	58,1163	64,9488	
58,2805	72,282	58,2805	67,9844	58,2805	65,0336	58,2805	72,5299	58,2805	68,0052	58,2805	64,9482	
58,4448	72,272	58,4448	67,9847	58,4448	65,0339	58,4448	72,5284	58,4448	68,0074	58,4448	64,9485	
58,6096	72,2838	58,6096	67,9834	58,6096	65,0338	58,6096	72,5266	58,6096	68,0055	58,6096	64,9482	
58,7736	72,2824	58,7736	67,9834	58,7736	65,0341	58,7736	72,525	58,7736	68,0049	58,7736	64,9484	
58,9376	72,2824	58,9376	67,984	58,9376	65,0337	58,9376	72,5262	58,9376	68,006	58,9376	64,9484	
59,1016	72,2839	59,1016	67,9844	59,1016	65,0339	59,1016	72,525	59,1016	68,0056	59,1016	64,9482	
59,2656	72,2833	59,2656	67,9846	59,2656	65,0343	59,2656	72,5266	59,2656	68,006	59,2656	64,9478	
59,4296	72,2734	59,4296	67,9841	59,4296	65,0342	59,4296	72,5246	59,4296	68,0055	59,4296	64,9476	
59,5944	72,2739	59,5944	67,985	59,5944	65,0338	59,5944	72,5239	59,5944	68,0034	59,5944	64,9476	
59,7586	72,2834	59,7586	67,9824	59,7586	65,0338	59,7586	72,5219	59,7586	68,0051	59,7586	64,9475	
59,9226	72,2733	59,9226	67,9833	59,9226	65,0339	59,9226	72,5234	59,9226	68,0045	59,9226	64,9478	
60,0866	72,282	60,0866	67,9832	60,0866	65,0335	60,0866	72,5217	60,0866	68,0037	60,0866	64,9477	
60,2514	72,2825	60,2514	67,9849	60,2514	65,0337	60,2514	72,5226	60,2514	68,0043	60,2514	64,9476	
60,4163	72,2841	60,4163	67,9827	60,4163	65,034	60,4163	72,522	60,4163	68,0046	60,4163	64,9478	
60,5824	72,2853	60,5824	67,9831	60,5824	65,0341	60,5824	72,5221	60,5824	68,0033	60,5824	64,9475	
60,7461	72,2831	60,7461	67,9843	60,7461	65,034	60,7461	72,5213	60,7461	68,0045	60,7461	64,9474	
60,9096	72,2815	60,9096	67,9844	60,9096	65,034	60,9096	72,5224	60,9096	68,0037	60,9096	64,9477	
61,0733	72,2726	61,0733	67,9831	61,0733	65,034	61,0733	72,5239	61,0733	68,0034	61,0733	64,9476	
61,2376	72,2722	61,2376	67,9846	61,2376	65,0337	61,2376	72,5212	61,2376	68,0033	61,2376	64,9474	
61,4019	72,2823	61,4019	67,9839	61,4019	65,0341	61,4019	72,524	61,4019	68,0037	61,4019	64,9475	
61,5656	72,2731	61,5656	67,9834	61,5656	65,0338	61,5656	72,5205	61,5656	68,0022	61,5656	64,9478	
61,7293	72,2852	61,7293	67,984	61,7293	65,0341	61,7293	72,52	61,7293	68,0029	61,7293	64,9474	
61,893	72,2706	61,893	67,9843	61,893	65,0339	61,893	72,5201	61,893	68,002	61,893	64,9476	
62,0573	72,2822	62,0573	67,9835	62,0573	65,0343	62,0573	72,5198	62,0573	68,0043	62,0573	64,9474	
62,2212	72,2819	62,2212	67,9826	62,2212	65,0336	62,2212	72,5227	62,2212	68,0025	62,2212	64,9473	
62,3857	72,272	62,3857	67,9844	62,3857	65,0338	62,3857	72,5205	62,3857	68,0032	62,3857	64,9472	
62,5495	72,2834	62,5495	67,9852	62,5495	65,0338	62,5495	72,5208	62,5495	68,0034	62,5495	64,9472	
62,7135	72,2807	62,7135	67,9823	62,7135	65,0336	62,7135	72,5187	62,7135	68,0037	62,7135	64,9471	
62,8777	72,2818	62,8777	67,983	62,8777	65,0338	62,8777	72,5183	62,8777	68,0023	62,8777	64,9472	
63,0433	72,282	63,0433	67,9836	63,0433	65,0341	63,0433	72,5191	63,0433	68,0029	63,0433	64,9469	
63,2072	72,2825	63,2072	67,983	63,2072	65,0342	63,2072	72,5193	63,2072	68,0027	63,2072	64,9478	
63,3707	72,2823	63,3707	67,9837	63,3707	65,0339	63,3707	72,5211	63,3707	68,0037	63,3707	64,9475	
63,5347	72,2719	63,5347	67,9838	63,5347	65,0335	63,5347	72,5177	63,5347	68,0024	63,5347	64,9472	
63,6986	72,2829	63,6986	67,9832	63,6986	65,0337	63,6986	72,5186	63,6986	68,0019	63,6986	64,9476	
63,8632	72,2732	63,8632	67,9844	63,8632	65,034	63,8632	72,5186	63,8632	68,0018	63,8632	64,947	
64,0273	72,2828	64,0273	67,9836	64,0273	65,0339	64,0273	72,5227	64,0273	68,0025	64,0273	64,9475	
64,1907	72,2829	64,1907	67,9838	64,1907	65,0342	64,1907	72,5227	64,1907	68,0032	64,1907	64,9476	
64,3547	72,2855	64,3547	67,9844	64,3547	65,0339	64,3547	72,5183	64,3547	68,0022	64,3547	64,9477	
64,5187	72,2735	64,5187	67,9838	64,5187	65,0344	64,5187	72,5182	64,5187	68,0023	64,5187	64,9474	
64,6827	72,2795	64,6827	67,9833	64,6827	65,0335	64,6827	72,5228	64,6827	68,0031	64,6827	64,9473	
64,8465	72,2836	64,8465	67,9829	64,8465	65,034	64,8465	72,5175	64,8465	68,0033	64,8465	64,9472	
65,0104	72,2846	65,0104	67,9851	65,0104	65,0342	65,0104	72,5197	65,0104	68,0034	65,0104	64,9474	
65,175	72,2847	65,175	67,9831	65,175	65,0347	65,175	72,5174	65,175	68,0027	65,175	64,9477	
65,339	72,2742	65,339	67,9839	65,339	65,034	65,339	72,5187	65,339	68,0029	65,339	64,9481	
65,5024	72,2839	65,5024	67,9852	65,5024	65,0344	65,5024	72,5205	65,5024	68,0008	65,5024	64,9478	
65,6664	72,2811	65,6664	67,985	65,6664	65,0337	65,6664	72,516	65,6664	68,003	65,6664	64,9473	
65,8306	72,2738	65,8306	67,9839	65,8306	65,0344	65,8306	72,5183	65,8306	68,0022	65,8306	64,9474	
65,9949	72,2831	65,9949	67,9833	65,9949	65,034	65,9949	72,5218	65,9949	68,0019	65,9949	64,9472	
66,1594	72,2743	66,1594	67,9853	66,1594	65,0337	66,1594	72,5173	66,1594	68,0019	66,1594	64,9475	
66,3234	72,2861	66,3234	67,9818	66,3234	65,0339	66,3234	72,5165	66,3234	68,0023	66,3234	64,9475	
66,4874	72,2834	66,4874	67,9841	66,4874	65,0341	66,4874	72,5193	66,4874	68,0016	66,4874	64,9468	
66,6514	72,2737	66,6514	67,9846	66,6514	65,0337	66,6514	72,5153	66,6514	68,0017	66,6514	64,9472	
66,8151	72,2738	66,8151	67,9833	66,8151	65,0339	66,8151	72,5162	66,8151	68,0012	66,8151	64,9473	
66,9786	72,2915	66,9786	67,9906	66,9786	65,0355	66,9786	72,5179	66,9786	68,002	66,9786	64,9474	
67,1426	72,3169	67,1426	68,012	67,1426	65,0473	67,1426	72,5223	67,1426	68,0024	67,1426	64,9473	
67,3066	72,3402	67,3066	68,0331	67,3066	65,0652	67,3066	72,5194	67,3066	68,0014	67,3066	64,9473	
67,4709	72,345	67,4709	68,0401	67,4709	65,0716	67,4709	72,5174	67,4709	68,0014	67,4709	64,9475	
67,6346	72,3498	67,6346	68,0433	67,6346	65,074	67,6346	72,517	67,6346	68,0025	67,6346	64,9474	
67,798	72,3522	67,798	68,0457	67,798	65,0764	67,798	72,5165	67,798	68,0009	67,798	64,9473	
67,9615	72,3538	67,9615	68,0476	67,9615	65,0794	67,9615	72,5163	67,9615	68,0021	67,9615	64,9472	
68,1252	72,3555	68,1252	68,0493	68,1252	65,0792	68,1252	72,5167	68,1252	68,0022	68,1252	64,947	
68,2887	72,3552	68,2887	68,049	68,2887	65,0804	68,2887	72,518	68,2887	68,0019	68,2887	64,9469	
68,4524	72,354	68,4524	68,0505	68,4524	65,0806	68,4524	72,5162	68,4524	68,0018	68,4524	64,9468	
68,6161	72,3582	68,6161	68,0504	68,6161	65,0823	68,6161	72,5168	68,6161	68,0023	68,6161	64,9466	
68,7801	72,3565	68,7801	68,0508	68,7801	65,0813	68,7801	72,5183	68,7801	68,0019	68,7801	64,9471	
68,9438	72,3728	68,9438	68,0508	68,9438	65,0826	68,9438	72,5153	68,9438	68,0016	68,9438	64,947	
69,1075	72,3575	69,1075	68,0521	69,1075	65,0817	69,1075	72,5195	69,1075	68,001	69,1075	64,9478	
69,2715	72,3577	69,2715	68,0513	69,2715	65,0818	69,2715	72,5166	69,2715	68,0028	69,2715	64,9475	
69,4352	72,3586	69,4352	68,0516	69,4352	65,0821	69,4352	72,5157	69,4352	68,0019	69,4352	64,9476	
69,5992	72,3577	69,5992	68,0517	69,5992	65,0835	69,5992	72,5197	69,5992	68,0014	69,5992	64,9473	
69,7629	72,3568	69,7629	68,0514	69,7629	65,0824	69,7629	72,52	69,7629	68,0018	69,7629	64,9473	
69,9267	72,3589	69,9267	68,0519	69,9267	65,0831	69,9267	72,5153	69,9267	68,0012	69,9267	64,9475	
70,0904	72,3577	70,0904	68,0523	70,0904	65,0816	70,0904	72,5214	70,0904	68,0015	70,0904	64,9467	
70,2541	72,358	70,2541	68,0513	70,2541	65,0817	70,2541	72,5182	70,2541	68,002	70,2541	64,9472	
70,4182	72,3576	70,4182	68,0522	70,4182	65,082	70,4182	72,516	70,4182	68,0011	70,4182	64,9471	
70,5822	72,3581	70,5822	68,0522	70,5822	65,0817	70,5822	72,5161	70,5822	68,0025	70,5822	64,947	
70,7464	72,3578	70,7464	68,0519	70,7464	65,0837	70,7464	72,5176	70,7464	68,0028	70,7464	64,947	
70,9101	72,3579	70,9101	68,0521	70,9101	65,0834	70,9101	72,5157	70,9101	68,0011	70,9101	64,9474	
71,0741	72,3562	71,0741	68,0521	71,0741	65,0822	71,0741	72,5155	71,0741	68,0021	71,0741	64,9471	
71,2381	72,3555	71,2381	68,0518	71,2381	65,0819	71,2381	72,5196	71,2381	68,002	71,2381	64,947	
71,4017	72,3575	71,4017	68,0526	71,4017	65,0823	71,4017	72,5156	71,4017	68,0009	71,4017	64,9471	
71,5658	72,3555	71,5658	68,0521	71,5658	65,0831	71,5658	72,5201	71,5658	67,9994	71,5658	64,9473	
71,7297	72,356	71,7297	68,0522	71,7297	65,0822	71,7297	72,5165	71,7297	68,0017	71,7297	64,9475	
71,8934	72,3561	71,8934	68,0528	71,8934	65,0821	71,8934	72,5185	71,8934	68,0019	71,8934	64,9473	
72,0569	72,3577	72,0569	68,0519	72,0569	65,0836	72,0569	72,5163	72,0569	68,0013	72,0569	64,9468	
72,2206	72,3582	72,2206	68,0524	72,2206	65,0838	72,2206	72,5165	72,2206	68,0026	72,2206	64,9471	
72,3846	72,3574	72,3846	68,0529	72,3846	65,0832	72,3846	72,5215	72,3846	68,0029	72,3846	64,9475	
72,5491	72,3579	72,5491	68,052	72,5491	65,0833	72,5491	72,5156	72,5491	68,0031	72,5491	64,9472	
72,7134	72,3561	72,7134	68,0517	72,7134	65,082	72,7134	72,5171	72,7134	68,0016	72,7134	64,9472	
72,8776	72,3565	72,8776	68,0518	72,8776	65,0823	72,8776	72,5155	72,8776	68,0006	72,8776	64,9474	
73,0414	72,3562	73,0414	68,0516	73,0414	65,0822	73,0414	72,5178	73,0414	68,0022	73,0414	64,9474	
73,2054	72,3559	73,2054	68,0499	73,2054	65,081	73,2054	72,5153	73,2054	68,0019	73,2054	64,9472	
73,3691	72,3553	73,3691	68,0511	73,3691	65,0822	73,3691	72,516	73,3691	68,0019	73,3691	64,9474	
73,5331	72,3565	73,5331	68,0504	73,5331	65,0808	73,5331	72,5157	73,5331	68,0019	73,5331	64,9475	
73,6968	72,3546	73,6968	68,0514	73,6968	65,0819	73,6968	72,5148	73,6968	68,002	73,6968	64,9473	
73,8608	72,3561	73,8608	68,0501	73,8608	65,0802	73,8608	72,516	73,8608	68,0024	73,8608	64,9473	
74,025	72,355	74,025	68,0496	74,025	65,08	74,025	72,5148	74,025	68,0029	74,025	64,9469	
74,189	72,3545	74,189	68,0497	74,189	65,0798	74,189	72,5201	74,189	68,002	74,189	64,9474	
74,3528	72,3524	74,3528	68,0494	74,3528	65,0806	74,3528	72,5148	74,3528	68,0018	74,3528	64,9474	
74,5167	72,3519	74,5167	68,0485	74,5167	65,0795	74,5167	72,5165	74,5167	68,0018	74,5167	64,9472	
74,6818	72,3515	74,6818	68,0478	74,6818	65,0799	74,6818	72,5151	74,6818	68,0016	74,6818	64,9472	
74,8452	72,3494	74,8452	68,0476	74,8452	65,0785	74,8452	72,5151	74,8452	68,0017	74,8452	64,9474	
75,0087	72,3493	75,0087	68,0453	75,0087	65,0771	75,0087	72,5164	75,0087	68,0016	75,0087	64,9472	
75,1727	72,3458	75,1727	68,0418	75,1727	65,0726	75,1727	72,5208	75,1727	68,0016	75,1727	64,9471	
75,3372	72,3416	75,3372	68,0385	75,3372	65,0709	75,3372	72,5152	75,3372	68,002	75,3372	64,9468	
75,5012	72,34	75,5012	68,0351	75,5012	65,0688	75,5012	72,5152	75,5012	68,0019	75,5012	64,9476	
75,6652	72,3341	75,6652	68,0313	75,6652	65,0657	75,6652	72,5164	75,6652	68,0012	75,6652	64,9475	
75,83	72,3463	75,83	68,0298	75,83	65,0627	75,83	72,5149	75,83	68,0024	75,83	64,9475	
75,994	72,3201	75,994	68,0224	75,994	65,0582	75,994	72,515	75,994	68,0015	75,994	64,9472	
76,16	72,3098	76,16	68,0064	76,16	65,0475	76,16	72,519	76,16	68,0013	76,16	64,9473	
76,324	72,2834	76,324	67,9946	76,324	65,0411	76,324	72,5145	76,324	68,001	76,324	64,9472	
76,4875	72,2779	76,4875	67,9905	76,4875	65,0375	76,4875	72,5169	76,4875	68,002	76,4875	64,9474	
76,6512	72,2748	76,6512	67,9873	76,6512	65,0358	76,6512	72,5147	76,6512	68,0024	76,6512	64,947	
76,8155	72,2815	76,8155	67,9859	76,8155	65,0348	76,8155	72,5145	76,8155	68,0004	76,8155	64,947	
76,9789	72,2822	76,9789	67,9851	76,9789	65,0345	76,9789	72,5155	76,9789	68,0015	76,9789	64,9471	
77,1432	72,281	77,1432	67,9822	77,1432	65,0329	77,1432	72,5192	77,1432	68,0004	77,1432	64,9463	
77,308	72,2697	77,308	67,9809	77,308	65,0326	77,308	72,5174	77,308	68,0007	77,308	64,9458	
77,4725	72,2814	77,4725	67,982	77,4725	65,0322	77,4725	72,5124	77,4725	67,9988	77,4725	64,9454	
77,6375	72,2715	77,6375	67,9828	77,6375	65,032	77,6375	72,5212	77,6375	67,9665	77,6375	64,9214	
77,802	72,2789	77,802	67,9818	77,802	65,0322	77,802	72,5223	77,802	68,0051	77,802	64,9483	
77,9665	72,2777	77,9665	67,9813	77,9665	65,0324	77,9665	72,5215	77,9665	68,0076	77,9665	64,9512	
78,1302	72,278	78,1302	67,9813	78,1302	65,0327	78,1302	72,5211	78,1302	68,0098	78,1302	64,9503	
78,2942	72,27	78,2942	67,9825	78,2942	65,0328	78,2942	72,5259	78,2942	68,0078	78,2942	64,9505	
78,4585	72,2685	78,4585	67,9827	78,4585	65,0328	78,4585	72,5227	78,4585	68,0092	78,4585	64,9509	
78,623	72,2794	78,623	67,9815	78,623	65,0322	78,623	72,5276	78,623	68,0093	78,623	64,9512	
78,7867	72,2809	78,7867	67,9817	78,7867	65,0325	78,7867	72,5255	78,7867	68,0077	78,7867	64,9513	
78,9504	72,2707	78,9504	67,9845	78,9504	65,0327	78,9504	72,5257	78,9504	68,0097	78,9504	64,9508	
79,115	72,2794	79,115	67,9818	79,115	65,0328	79,115	72,5236	79,115	68,0107	79,115	64,9508	
79,2792	72,2827	79,2792	67,9832	79,2792	65,033	79,2792	72,5248	79,2792	68,0105	79,2792	64,9512	
79,4432	72,2819	79,4432	67,9831	79,4432	65,0324	79,4432	72,5245	79,4432	68,0085	79,4432	64,9508	
79,6072	72,281	79,6072	67,982	79,6072	65,0323	79,6072	72,5248	79,6072	68,0101	79,6072	64,9513	
79,7723	72,2713	79,7723	67,983	79,7723	65,0327	79,7723	72,5247	79,7723	68,0098	79,7723	64,9513	
