Time (min) - L1 670nm	 - L1 670nm	Time (min) - L2 785nm	 - L2 785nm	Time (min) - L3 980nm	 - L3 980nm	Time (min) - L5 670nm	 - L5 670nm	Time (min) - L6 785nm	 - L6 785nm	Time (min) - L7 980nm	 - L7 980nm	
0,174217	75,7101	0,174217	73,2788	0,174217	67,5874	0,174217	77,4982	0,174217	73,3517	0,174217	67,475	
0,33875	76,1578	0,33875	73,2768	0,33875	67,5871	0,33875	78,1141	0,33875	73,3501	0,33875	67,4748	
0,503	76,2077	0,503	73,2785	0,503	67,5871	0,503	73,5516	0,503	73,3515	0,503	67,474	
0,667	76,2087	0,667	73,2787	0,667	67,587	0,667	78,1063	0,667	73,3499	0,667	67,474	
0,830983	76,1637	0,830983	73,279	0,830983	67,5871	0,830983	78,067	0,830983	73,3512	0,830983	67,4744	
0,994933	75,7154	0,994933	73,2772	0,994933	67,5866	0,994933	76,7752	0,994933	73,3492	0,994933	67,4742	
1,1586	76,2079	1,1586	73,2784	1,1586	67,5868	1,1586	78,05	1,1586	73,3504	1,1586	67,474	
1,3223	76,2109	1,3223	73,2768	1,3223	67,587	1,3223	78,8443	1,3223	73,3509	1,3223	67,4745	
1,4866	76,2064	1,4866	73,2785	1,4866	67,5866	1,4866	78,4117	1,4866	73,3504	1,4866	67,4744	
1,65083	76,2106	1,65083	73,2771	1,65083	67,5869	1,65083	78,1067	1,65083	73,3495	1,65083	67,4743	
1,81482	76,2144	1,81482	73,2783	1,81482	67,5871	1,81482	79,8499	1,81482	73,3509	1,81482	67,4748	
1,97877	76,2138	1,97877	73,2786	1,97877	67,5871	1,97877	78,9443	1,97877	73,3509	1,97877	67,4741	
2,14248	76,1594	2,14248	73,2772	2,14248	67,5866	2,14248	77,1779	2,14248	73,3507	2,14248	67,4747	
2,30702	76,2084	2,30702	73,2782	2,30702	67,5871	2,30702	78,0353	2,30702	73,3513	2,30702	67,4743	
2,47102	76,2169	2,47102	73,277	2,47102	67,5864	2,47102	77,5224	2,47102	73,35	2,47102	67,4741	
2,6353	76,1794	2,6353	73,2766	2,6353	67,587	2,6353	78,0175	2,6353	73,3501	2,6353	67,4744	
2,79902	76,2154	2,79902	73,2778	2,79902	67,5874	2,79902	78,4363	2,79902	73,3507	2,79902	67,4748	
2,9635	76,2103	2,9635	73,2777	2,9635	67,5867	2,9635	76,5464	2,9635	73,3503	2,9635	67,4742	
3,12827	76,1732	3,12827	73,2777	3,12827	67,587	3,12827	78,0792	3,12827	73,35	3,12827	67,4745	
3,2933	76,2081	3,2933	73,2777	3,2933	67,5868	3,2933	78,4151	3,2933	73,349	3,2933	67,474	
3,4573	76,2106	3,4573	73,2783	3,4573	67,5866	3,4573	75,8482	3,4573	73,3511	3,4573	67,4746	
3,6213	76,1831	3,6213	73,2776	3,6213	67,5869	3,6213	78,0828	3,6213	73,3521	3,6213	67,4745	
3,78473	76,2111	3,78473	73,2781	3,78473	67,5862	3,78473	78,1272	3,78473	73,3499	3,78473	67,4743	
3,94843	76,2059	3,94843	73,2763	3,94843	67,5865	3,94843	78,2891	3,94843	73,3502	3,94843	67,4741	
4,1127	76,2087	4,1127	73,2783	4,1127	67,5868	4,1127	77,2533	4,1127	73,3499	4,1127	67,4743	
4,27777	76,2159	4,27777	73,2789	4,27777	67,5861	4,27777	78,1478	4,27777	73,3504	4,27777	67,4745	
4,4423	76,2109	4,4423	73,2777	4,4423	67,5865	4,4423	78,1604	4,4423	73,3507	4,4423	67,4743	
4,606	76,2114	4,606	73,2784	4,606	67,5865	4,606	83,1261	4,606	73,3503	4,606	67,4741	
4,77107	76,2097	4,77107	73,2785	4,77107	67,5866	4,77107	78,0219	4,77107	73,3502	4,77107	67,4741	
4,93475	76,1736	4,93475	73,2761	4,93475	67,5868	4,93475	78,9945	4,93475	73,3498	4,93475	67,4744	
5,09818	76,2085	5,09818	73,2781	5,09818	67,5866	5,09818	78,5487	5,09818	73,3496	5,09818	67,4745	
5,26278	76,1699	5,26278	73,2765	5,26278	67,5861	5,26278	78,1021	5,26278	73,3502	5,26278	67,4744	
5,42622	76,2091	5,42622	73,2766	5,42622	67,5868	5,42622	78,2148	5,42622	73,3509	5,42622	67,4746	
5,59123	76,2093	5,59123	73,2785	5,59123	67,5861	5,59123	77,0555	5,59123	73,3503	5,59123	67,4747	
5,7552	76,2102	5,7552	73,2771	5,7552	67,5867	5,7552	78,0287	5,7552	73,3504	5,7552	67,4742	
5,91922	76,2089	5,91922	73,2779	5,91922	67,5865	5,91922	78,1944	5,91922	73,3507	5,91922	67,4743	
6,08318	76,1699	6,08318	73,2759	6,08318	67,5865	6,08318	78,0258	6,08318	73,3491	6,08318	67,4744	
6,24748	76,2127	6,24748	73,2778	6,24748	67,5869	6,24748	80,3034	6,24748	73,3506	6,24748	67,4742	
6,412	76,2099	6,412	73,277	6,412	67,5863	6,412	78,2439	6,412	73,3502	6,412	67,4745	
6,576	76,2094	6,576	73,276	6,576	67,5861	6,576	78,104	6,576	73,3503	6,576	67,4742	
6,73972	76,2021	6,73972	73,2772	6,73972	67,5869	6,73972	78,1675	6,73972	73,3485	6,73972	67,4744	
6,9034	76,1746	6,9034	73,2778	6,9034	67,5865	6,9034	76,1921	6,9034	73,3504	6,9034	67,4738	
7,06717	76,2071	7,06717	73,2778	7,06717	67,5866	7,06717	78,0867	7,06717	73,3496	7,06717	67,4738	
7,23115	76,2156	7,23115	73,278	7,23115	67,5869	7,23115	78,2589	7,23115	73,3499	7,23115	67,4738	
7,39538	76,2113	7,39538	73,2773	7,39538	67,5867	7,39538	76,7434	7,39538	73,3505	7,39538	67,4734	
7,55882	76,2014	7,55882	73,2752	7,55882	67,5863	7,55882	77,2189	7,55882	73,3513	7,55882	67,4743	
7,72287	76,2074	7,72287	73,2786	7,72287	67,5862	7,72287	76,523	7,72287	73,3486	7,72287	67,4743	
7,88683	75,7153	7,88683	73,276	7,88683	67,5866	7,88683	78,0566	7,88683	73,3479	7,88683	67,4734	
8,05105	76,2108	8,05105	73,278	8,05105	67,5863	8,05105	78,0473	8,05105	73,3501	8,05105	67,4737	
8,21502	76,2094	8,21502	73,2781	8,21502	67,5863	8,21502	78,1338	8,21502	73,3509	8,21502	67,4739	
8,37968	76,2082	8,37968	73,278	8,37968	67,586	8,37968	77,0549	8,37968	73,3505	8,37968	67,4741	
8,5442	76,204	8,5442	73,279	8,5442	67,5868	8,5442	78,1038	8,5442	73,3509	8,5442	67,4736	
8,70872	76,21	8,70872	73,2778	8,70872	67,5866	8,70872	78,076	8,70872	73,3501	8,70872	67,474	
8,87297	76,2115	8,87297	73,2772	8,87297	67,5859	8,87297	76,2537	8,87297	73,3502	8,87297	67,4738	
9,03723	76,207	9,03723	73,2778	9,03723	67,5869	9,03723	78,095	9,03723	73,3491	9,03723	67,4735	
9,20148	76,2121	9,20148	73,2778	9,20148	67,5866	9,20148	77,5878	9,20148	73,3482	9,20148	67,4743	
9,36545	76,2082	9,36545	73,2763	9,36545	67,5862	9,36545	78,2285	9,36545	73,3502	9,36545	67,4742	
9,52998	76,2121	9,52998	73,2776	9,52998	67,5862	9,52998	79,754	9,52998	73,3505	9,52998	67,4743	
9,69397	76,1978	9,69397	73,2779	9,69397	67,5866	9,69397	77,4187	9,69397	73,3506	9,69397	67,4733	
9,85773	76,1654	9,85773	73,2778	9,85773	67,586	9,85773	78,0725	9,85773	73,3495	9,85773	67,4737	
10,0217	76,1747	10,0217	73,2785	10,0217	67,5862	10,0217	78,0542	10,0217	73,3497	10,0217	67,4741	
10,1862	76,2089	10,1862	73,2774	10,1862	67,5861	10,1862	81,3163	10,1862	73,35	10,1862	67,4745	
10,3502	76,1712	10,3502	73,2773	10,3502	67,5865	10,3502	78,0898	10,3502	73,3492	10,3502	67,4739	
10,5151	76,1598	10,5151	73,2757	10,5151	67,5867	10,5151	78,2281	10,5151	73,3501	10,5151	67,474	
10,6791	76,2063	10,6791	73,2772	10,6791	67,5863	10,6791	77,6129	10,6791	73,3498	10,6791	67,474	
10,8428	76,2096	10,8428	73,2744	10,8428	67,5865	10,8428	77,1165	10,8428	73,3482	10,8428	67,4736	
11,0063	76,2085	11,0063	73,2787	11,0063	67,5862	11,0063	78,0657	11,0063	73,35	11,0063	67,474	
11,1724	76,213	11,1724	73,2759	11,1724	67,5858	11,1724	78,0373	11,1724	73,3505	11,1724	67,4738	
11,3364	76,2096	11,3364	73,2782	11,3364	67,5863	11,3364	78,9702	11,3364	73,35	11,3364	67,4743	
11,4998	76,2142	11,4998	73,2771	11,4998	67,5866	11,4998	80,8395	11,4998	73,3505	11,4998	67,4734	
11,6635	76,2068	11,6635	73,2777	11,6635	67,5862	11,6635	78,2761	11,6635	73,349	11,6635	67,474	
11,828	76,2104	11,828	73,2766	11,828	67,5861	11,828	76,8178	11,828	73,3495	11,828	67,4738	
11,9922	76,2117	11,9922	73,2762	11,9922	67,586	11,9922	78,8109	11,9922	73,3506	11,9922	67,474	
12,1567	76,2136	12,1567	73,2781	12,1567	67,586	12,1567	78,2047	12,1567	73,3498	12,1567	67,4739	
12,3207	76,2073	12,3207	73,2777	12,3207	67,5862	12,3207	77,3724	12,3207	73,3493	12,3207	67,4743	
12,4845	75,7041	12,4845	73,2779	12,4845	67,586	12,4845	78,081	12,4845	73,3492	12,4845	67,4736	
12,6483	76,2069	12,6483	73,2777	12,6483	67,5862	12,6483	78,0227	12,6483	73,3485	12,6483	67,474	
12,812	76,1697	12,812	73,2766	12,812	67,5863	12,812	77,3759	12,812	73,3496	12,812	67,4738	
12,9757	76,1732	12,9757	73,277	12,9757	67,5863	12,9757	81,9074	12,9757	73,3479	12,9757	67,4738	
13,1392	76,2086	13,1392	73,278	13,1392	67,5865	13,1392	78,3768	13,1392	73,3497	13,1392	67,474	
13,3031	76,1671	13,3031	73,2775	13,3031	67,5862	13,3031	78,2821	13,3031	73,3495	13,3031	67,4736	
13,4671	76,209	13,4671	73,2756	13,4671	67,5858	13,4671	81,5853	13,4671	73,3494	13,4671	67,474	
13,6314	76,1766	13,6314	73,2772	13,6314	67,5863	13,6314	79,6992	13,6314	73,3508	13,6314	67,4743	
13,7959	76,2086	13,7959	73,2757	13,7959	67,5863	13,7959	78,1085	13,7959	73,3493	13,7959	67,4738	
13,9597	76,175	13,9597	73,2782	13,9597	67,5861	13,9597	78,0226	13,9597	73,3494	13,9597	67,4736	
14,1234	76,1755	14,1234	73,2768	14,1234	67,5863	14,1234	78,1031	14,1234	73,3494	14,1234	67,4736	
14,2871	76,2154	14,2871	73,277	14,2871	67,5861	14,2871	78,1304	14,2871	73,3499	14,2871	67,4733	
14,451	76,2111	14,451	73,277	14,451	67,5865	14,451	85,2219	14,451	73,3499	14,451	67,4735	
14,6144	76,207	14,6144	73,2772	14,6144	67,5863	14,6144	78,1283	14,6144	73,349	14,6144	67,4735	
14,7784	76,2088	14,7784	73,2783	14,7784	67,5861	14,7784	78,0913	14,7784	73,349	14,7784	67,4734	
14,9424	76,2138	14,9424	73,2762	14,9424	67,5859	14,9424	78,0581	14,9424	73,3498	14,9424	67,4738	
15,1061	76,1619	15,1061	73,2771	15,1061	67,5867	15,1061	77,9986	15,1061	73,3481	15,1061	67,474	
15,2701	76,2094	15,2701	73,2772	15,2701	67,5861	15,2701	78,2601	15,2701	73,3501	15,2701	67,4736	
15,4341	76,1772	15,4341	73,2774	15,4341	67,5859	15,4341	78,1777	15,4341	73,3495	15,4341	67,4739	
15,5984	76,2105	15,5984	73,2754	15,5984	67,5862	15,5984	78,0317	15,5984	73,3474	15,5984	67,4738	
15,7627	76,1586	15,7627	73,2772	15,7627	67,5862	15,7627	77,6059	15,7627	73,3484	15,7627	67,4735	
15,9272	76,1724	15,9272	73,2742	15,9272	67,5858	15,9272	78,5944	15,9272	73,3498	15,9272	67,4741	
16,0912	76,2157	16,0912	73,2773	16,0912	67,5863	16,0912	78,0837	16,0912	73,3503	16,0912	67,4736	
16,2549	76,2027	16,2549	73,2769	16,2549	67,586	16,2549	77,1934	16,2549	73,3477	16,2549	67,4737	
16,4186	76,209	16,4186	73,2754	16,4186	67,5864	16,4186	78,1613	16,4186	73,3493	16,4186	67,4735	
16,5826	76,2135	16,5826	73,277	16,5826	67,586	16,5826	78,0244	16,5826	73,3501	16,5826	67,4733	
16,7461	76,2108	16,7461	73,2772	16,7461	67,5875	16,7461	78,0442	16,7461	73,3484	16,7461	67,4738	
16,9098	76,1562	16,9098	73,2858	16,9098	67,5904	16,9098	78,2763	16,9098	73,3496	16,9098	67,4737	
17,0738	76,205	17,0738	73,2927	17,0738	67,5948	17,0738	69,0176	17,0738	73,3499	17,0738	67,4741	
17,2378	76,21	17,2378	73,2992	17,2378	67,5995	17,2378	77,6037	17,2378	73,3496	17,2378	67,4742	
17,4018	76,2058	17,4018	73,3065	17,4018	67,6044	17,4018	78,0351	17,4018	73,349	17,4018	67,4745	
17,5655	76,2033	17,5655	73,3168	17,5655	67,6097	17,5655	76,8253	17,5655	73,3495	17,5655	67,474	
17,7295	75,6944	17,7295	73,3237	17,7295	67,6135	17,7295	78,0966	17,7295	73,3487	17,7295	67,4741	
17,8935	76,1562	17,8935	73,3297	17,8935	67,6178	17,8935	78,0454	17,8935	73,3503	17,8935	67,4742	
18,0572	76,1993	18,0572	73,3371	18,0572	67,6204	18,0572	83,149	18,0572	73,3493	18,0572	67,474	
18,2214	76,1634	18,2214	73,344	18,2214	67,624	18,2214	78,0745	18,2214	73,3499	18,2214	67,4745	
18,3854	76,1993	18,3854	73,3501	18,3854	67,6287	18,3854	78,0237	18,3854	73,35	18,3854	67,4743	
18,5488	76,2035	18,5488	73,3554	18,5488	67,6311	18,5488	78,095	18,5488	73,348	18,5488	67,474	
18,7126	76,2027	18,7126	73,3621	18,7126	67,6332	18,7126	78,1485	18,7126	73,3513	18,7126	67,4737	
18,8768	76,1554	18,8768	73,3678	18,8768	67,6367	18,8768	78,0586	18,8768	73,3509	18,8768	67,4742	
19,0405	76,1982	19,0405	73,3716	19,0405	67,6389	19,0405	77,6335	19,0405	73,3506	19,0405	67,4745	
19,2045	76,1924	19,2045	73,3762	19,2045	67,6415	19,2045	78,8271	19,2045	73,3514	19,2045	67,4739	
19,3682	75,6735	19,3682	73,3808	19,3682	67,6447	19,3682	78,059	19,3682	73,3498	19,3682	67,4741	
19,5319	76,197	19,5319	73,3864	19,5319	67,6475	19,5319	77,6037	19,5319	73,3519	19,5319	67,4741	
19,696	76,1924	19,696	73,3901	19,696	67,6503	19,696	78,078	19,696	73,3494	19,696	67,4741	
19,86	76,1471	19,86	73,3962	19,86	67,6526	19,86	79,1754	19,86	73,3502	19,86	67,4738	
20,0239	76,1892	20,0239	73,4008	20,0239	67,6553	20,0239	78,1743	20,0239	73,3489	20,0239	67,4739	
20,1877	76,1914	20,1877	73,4052	20,1877	67,6579	20,1877	76,8372	20,1877	73,3503	20,1877	67,4735	
20,3514	76,195	20,3514	73,4089	20,3514	67,6605	20,3514	75,29	20,3514	73,3506	20,3514	67,4744	
20,5151	75,6715	20,5151	73,4127	20,5151	67,6631	20,5151	80,2397	20,5151	73,3501	20,5151	67,4748	
20,6793	76,1968	20,6793	73,4191	20,6793	67,6651	20,6793	78,1346	20,6793	73,3509	20,6793	67,4745	
20,8436	76,1866	20,8436	73,4219	20,8436	67,6676	20,8436	78,3089	20,8436	73,3509	20,8436	67,4745	
21,0073	76,1435	21,0073	73,4264	21,0073	67,6698	21,0073	78,0448	21,0073	73,3499	21,0073	67,4746	
21,171	75,6662	21,171	73,4327	21,171	67,6725	21,171	78,0417	21,171	73,3486	21,171	67,4748	
21,3344	76,1912	21,3344	73,4341	21,3344	67,6748	21,3344	78,2643	21,3344	73,3482	21,3344	67,4743	
21,4981	76,1851	21,4981	73,4387	21,4981	67,6772	21,4981	78,1889	21,4981	73,3504	21,4981	67,4748	
21,6618	76,1335	21,6618	73,4426	21,6618	67,6785	21,6618	80,3704	21,6618	73,3497	21,6618	67,4743	
21,8258	76,1811	21,8258	73,4463	21,8258	67,6806	21,8258	78,4124	21,8258	73,3511	21,8258	67,4746	
21,9895	76,1908	21,9895	73,4505	21,9895	67,6824	21,9895	78,1178	21,9895	73,3502	21,9895	67,4743	
22,1532	76,185	22,1532	73,4564	22,1532	67,6847	22,1532	78,0495	22,1532	73,3492	22,1532	67,4747	
22,3174	76,186	22,3174	73,4577	22,3174	67,6865	22,3174	78,1764	22,3174	73,3506	22,3174	67,4745	
22,4809	75,6556	22,4809	73,4618	22,4809	67,6887	22,4809	78,953	22,4809	73,351	22,4809	67,4744	
22,6446	76,1843	22,6446	73,4664	22,6446	67,6903	22,6446	78,0741	22,6446	73,3506	22,6446	67,4745	
22,8081	76,1352	22,8081	73,4689	22,8081	67,6921	22,8081	77,4495	22,8081	73,351	22,8081	67,4749	
22,972	76,185	22,972	73,4715	22,972	67,694	22,972	78,0419	22,972	73,3501	22,972	67,4743	
23,136	76,1418	23,136	73,4722	23,136	67,6954	23,136	75,5397	23,136	73,3505	23,136	67,4743	
23,2997	76,1821	23,2997	73,4756	23,2997	67,6965	23,2997	74,7308	23,2997	73,3506	23,2997	67,4741	
23,4634	76,1769	23,4634	73,4781	23,4634	67,6971	23,4634	78,2383	23,4634	73,3508	23,4634	67,4745	
23,6273	76,186	23,6273	73,4817	23,6273	67,699	23,6273	77,6507	23,6273	73,3489	23,6273	67,4746	
23,7911	76,1805	23,7911	73,4818	23,7911	67,7003	23,7911	77,3531	23,7911	73,3505	23,7911	67,4747	
23,9545	76,1874	23,9545	73,484	23,9545	67,7009	23,9545	78,2681	23,9545	73,3514	23,9545	67,4743	
24,1187	76,1766	24,1187	73,4874	24,1187	67,7019	24,1187	78,065	24,1187	73,3513	24,1187	67,4746	
24,2827	75,6477	24,2827	73,4882	24,2827	67,7028	24,2827	77,5411	24,2827	73,3507	24,2827	67,4749	
24,447	76,1873	24,447	73,49	24,447	67,7034	24,447	78,2245	24,447	73,351	24,447	67,4746	
24,6107	76,1825	24,6107	73,4923	24,6107	67,7049	24,6107	78,1086	24,6107	73,349	24,6107	67,4746	
24,7744	76,1868	24,7744	73,4931	24,7744	67,7059	24,7744	78,0839	24,7744	73,3494	24,7744	67,4745	
24,9384	76,1878	24,9384	73,4935	24,9384	67,7062	24,9384	77,1668	24,9384	73,3516	24,9384	67,4741	
25,1026	76,1267	25,1026	73,4934	25,1026	67,7059	25,1026	78,0177	25,1026	73,3511	25,1026	67,4742	
25,2672	75,6542	25,2672	73,4931	25,2672	67,7061	25,2672	78,7321	25,2672	73,3513	25,2672	67,4745	
25,4313	76,1799	25,4313	73,4924	25,4313	67,7059	25,4313	78,1824	25,4313	73,3512	25,4313	67,4747	
25,595	75,6476	25,595	73,4939	25,595	67,7051	25,595	78,0039	25,595	73,3505	25,595	67,4741	
25,7598	76,1871	25,7598	73,4935	25,7598	67,7047	25,7598	78,2132	25,7598	73,3498	25,7598	67,4746	
25,9243	75,647	25,9243	73,4922	25,9243	67,705	25,9243	78,0345	25,9243	73,3512	25,9243	67,4746	
26,0891	76,1765	26,0891	73,4918	26,0891	67,7054	26,0891	78,04	26,0891	73,3505	26,0891	67,4743	
26,2537	76,1852	26,2537	73,4936	26,2537	67,7042	26,2537	67,9768	26,2537	73,3524	26,2537	67,4742	
26,4182	75,6468	26,4182	73,4938	26,4182	67,7046	26,4182	78,0566	26,4182	73,3506	26,4182	67,474	
26,5824	76,1807	26,5824	73,4943	26,5824	67,7056	26,5824	79,6324	26,5824	73,3509	26,5824	67,4743	
26,7464	76,1322	26,7464	73,4921	26,7464	67,7052	26,7464	78,2842	26,7464	73,3514	26,7464	67,4746	
26,9101	76,1801	26,9101	73,4933	26,9101	67,7051	26,9101	77,2668	26,9101	73,3505	26,9101	67,4742	
27,0738	75,6539	27,0738	73,4937	27,0738	67,7053	27,0738	78,0373	27,0738	73,3491	27,0738	67,4743	
27,2381	75,646	27,2381	73,4923	27,2381	67,7055	27,2381	78,0855	27,2381	73,3502	27,2381	67,4743	
27,4023	76,1881	27,4023	73,494	27,4023	67,7049	27,4023	78,017	27,4023	73,3511	27,4023	67,4743	
27,5663	76,1749	27,5663	73,4923	27,5663	67,7059	27,5663	78,0196	27,5663	73,3507	27,5663	67,4744	
27,7303	75,6495	27,7303	73,4941	27,7303	67,7051	27,7303	84,0551	27,7303	73,3503	27,7303	67,4743	
27,894	76,1787	27,894	73,495	27,894	67,7052	27,894	77,4951	27,894	73,3505	27,894	67,4748	
28,059	75,6436	28,059	73,4924	28,059	67,7059	28,059	78,0453	28,059	73,35	28,059	67,4747	
28,2238	76,1833	28,2238	73,4938	28,2238	67,7056	28,2238	78,0276	28,2238	73,3496	28,2238	67,474	
28,3891	76,115	28,3891	73,4937	28,3891	67,7062	28,3891	78,0009	28,3891	73,3497	28,3891	67,4743	
28,5536	75,6466	28,5536	73,4939	28,5536	67,706	28,5536	78,9431	28,5536	73,3498	28,5536	67,4741	
28,7184	76,1119	28,7184	73,4937	28,7184	67,7064	28,7184	77,3218	28,7184	73,3504	28,7184	67,4743	
28,8824	76,1866	28,8824	73,4944	28,8824	67,7063	28,8824	76,4034	28,8824	73,3499	28,8824	67,4745	
29,0463	76,1779	29,0463	73,4932	29,0463	67,7052	29,0463	78,5716	29,0463	73,3497	29,0463	67,4744	
29,2111	75,6439	29,2111	73,495	29,2111	67,7058	29,2111	78,0612	29,2111	73,3497	29,2111	67,4744	
29,3745	76,1808	29,3745	73,4952	29,3745	67,7058	29,3745	66,3704	29,3745	73,3492	29,3745	67,474	
29,5388	76,183	29,5388	73,495	29,5388	67,7058	29,5388	72,8865	29,5388	73,3493	29,5388	67,4747	
29,7028	76,1805	29,7028	73,4941	29,7028	67,7061	29,7028	78,2409	29,7028	73,3506	29,7028	67,4748	
29,8668	75,6494	29,8668	73,4934	29,8668	67,7062	29,8668	77,1517	29,8668	73,3519	29,8668	67,4742	
30,0305	76,132	30,0305	73,4957	30,0305	67,7064	30,0305	78,0513	30,0305	73,3492	30,0305	67,4747	
30,195	76,1839	30,195	73,4945	30,195	67,7064	30,195	78,0351	30,195	73,3496	30,195	67,474	
30,3593	76,1827	30,3593	73,4942	30,3593	67,7063	30,3593	78,3212	30,3593	73,3511	30,3593	67,4743	
30,5233	76,1838	30,5233	73,4958	30,5233	67,7056	30,5233	78,0424	30,5233	73,3508	30,5233	67,4743	
30,6878	76,1784	30,6878	73,4958	30,6878	67,7058	30,6878	78,1951	30,6878	73,3503	30,6878	67,4741	
30,8521	76,1794	30,8521	73,4941	30,8521	67,7053	30,8521	78,0447	30,8521	73,3506	30,8521	67,4741	
31,0161	76,179	31,0161	73,494	31,0161	67,706	31,0161	78,2023	31,0161	73,3507	31,0161	67,4747	
31,1798	75,6462	31,1798	73,4947	31,1798	67,7064	31,1798	78,1013	31,1798	73,3495	31,1798	67,4736	
31,3438	76,1855	31,3438	73,4951	31,3438	67,7054	31,3438	78,038	31,3438	73,3495	31,3438	67,4741	
31,5078	75,6476	31,5078	73,4951	31,5078	67,7057	31,5078	78,2887	31,5078	73,35	31,5078	67,4742	
31,6716	76,1798	31,6716	73,4963	31,6716	67,7061	31,6716	78,0817	31,6716	73,3491	31,6716	67,4742	
31,8355	76,185	31,8355	73,495	31,8355	67,7063	31,8355	78,9598	31,8355	73,3505	31,8355	67,4747	
31,9992	76,1791	31,9992	73,4957	31,9992	67,7063	31,9992	78,1282	31,9992	73,3501	31,9992	67,474	
32,1635	76,1202	32,1635	73,4954	32,1635	67,7062	32,1635	75,5451	32,1635	73,3498	32,1635	67,4744	
32,3274	76,1861	32,3274	73,4962	32,3274	67,7068	32,3274	64,6913	32,3274	73,3498	32,3274	67,4745	
32,4925	76,1865	32,4925	73,4962	32,4925	67,7068	32,4925	78,4388	32,4925	73,3498	32,4925	67,4742	
32,6562	76,1384	32,6562	73,4943	32,6562	67,7066	32,6562	77,1477	32,6562	73,3495	32,6562	67,4742	
32,8196	76,1834	32,8196	73,4943	32,8196	67,707	32,8196	77,2681	32,8196	73,3506	32,8196	67,4743	
32,9842	76,1822	32,9842	73,4947	32,9842	67,7069	32,9842	78,3133	32,9842	73,3501	32,9842	67,4744	
33,1479	76,1833	33,1479	73,4955	33,1479	67,7059	33,1479	78,0085	33,1479	73,3502	33,1479	67,4746	
33,3116	76,1801	33,3116	73,4953	33,3116	67,7063	33,3116	78,1266	33,3116	73,3504	33,3116	67,4746	
33,4761	76,1895	33,4761	73,4939	33,4761	67,7057	33,4761	77,1578	33,4761	73,3492	33,4761	67,4744	
33,6401	76,1748	33,6401	73,4956	33,6401	67,7058	33,6401	78,0341	33,6401	73,3505	33,6401	67,4745	
33,8043	76,1782	33,8043	73,4943	33,8043	67,7062	33,8043	78,0201	33,8043	73,3487	33,8043	67,4745	
33,9688	76,1221	33,9688	73,4947	33,9688	67,7063	33,9688	77,3174	33,9688	73,3494	33,9688	67,4738	
34,1332	75,6502	34,1332	73,4964	34,1332	67,7058	34,1332	77,0443	34,1332	73,3497	34,1332	67,4743	
34,2972	76,1784	34,2972	73,4945	34,2972	67,7062	34,2972	77,4485	34,2972	73,3505	34,2972	67,4745	
34,4615	76,1171	34,4615	73,494	34,4615	67,706	34,4615	78,5781	34,4615	73,3493	34,4615	67,4741	
34,6263	75,6446	34,6263	73,4946	34,6263	67,7051	34,6263	78,1562	34,6263	73,3502	34,6263	67,4745	
34,7899	76,1762	34,7899	73,4958	34,7899	67,7054	34,7899	78,0302	34,7899	73,3493	34,7899	67,4745	
34,9539	76,1852	34,9539	73,4956	34,9539	67,7066	34,9539	78,2514	34,9539	73,3502	34,9539	67,4742	
35,1176	75,6537	35,1176	73,496	35,1176	67,7054	35,1176	78,5429	35,1176	73,349	35,1176	67,4744	
35,2813	76,181	35,2813	73,4955	35,2813	67,7066	35,2813	79,561	35,2813	73,3505	35,2813	67,4741	
35,4455	76,1832	35,4455	73,4955	35,4455	67,7056	35,4455	78,0837	35,4455	73,3497	35,4455	67,4744	
35,6098	76,1823	35,6098	73,4938	35,6098	67,7063	35,6098	78,0303	35,6098	73,349	35,6098	67,4745	
35,7741	76,1781	35,7741	73,4938	35,7741	67,7054	35,7741	79,6606	35,7741	73,3503	35,7741	67,4744	
35,938	76,1825	35,938	73,4942	35,938	67,7055	35,938	78,1134	35,938	73,3502	35,938	67,4739	
36,1025	76,1777	36,1025	73,493	36,1025	67,7052	36,1025	78,0367	36,1025	73,3499	36,1025	67,4743	
36,2668	76,1792	36,2668	73,4941	36,2668	67,7054	36,2668	78,7634	36,2668	73,3503	36,2668	67,474	
36,4308	76,1754	36,4308	73,4947	36,4308	67,7057	36,4308	75,1274	36,4308	73,351	36,4308	67,4742	
36,5945	76,1856	36,5945	73,4944	36,5945	67,7058	36,5945	78,1768	36,5945	73,35	36,5945	67,4744	
36,7587	76,1236	36,7587	73,494	36,7587	67,7063	36,7587	78,3403	36,7587	73,3507	36,7587	67,4741	
36,9229	75,6467	36,9229	73,4952	36,9229	67,7058	36,9229	78,0309	36,9229	73,3493	36,9229	67,4744	
37,0872	76,1359	37,0872	73,4963	37,0872	67,7046	37,0872	76,9037	37,0872	73,35	37,0872	67,4743	
37,2523	76,1812	37,2523	73,4955	37,2523	67,7059	37,2523	78,6105	37,2523	73,3487	37,2523	67,4746	
37,4168	75,6449	37,4168	73,4942	37,4168	67,7051	37,4168	78,5225	37,4168	73,3509	37,4168	67,4741	
37,5805	76,1356	37,5805	73,4951	37,5805	67,7056	37,5805	76,8526	37,5805	73,3495	37,5805	67,4744	
37,745	76,1846	37,745	73,4932	37,745	67,7061	37,745	78,1056	37,745	73,35	37,745	67,4744	
37,9093	76,1338	37,9093	73,4943	37,9093	67,7055	37,9093	78,0465	37,9093	73,3501	37,9093	67,474	
38,0733	76,184	38,0733	73,4937	38,0733	67,7058	38,0733	78,4107	38,0733	73,3508	38,0733	67,4738	
38,2372	76,1837	38,2372	73,494	38,2372	67,7057	38,2372	78,1214	38,2372	73,3485	38,2372	67,474	
38,4015	76,1793	38,4015	73,4941	38,4015	67,7062	38,4015	78,4623	38,4015	73,3505	38,4015	67,4748	
38,5652	76,1235	38,5652	73,4952	38,5652	67,7058	38,5652	78,0854	38,5652	73,3504	38,5652	67,4743	
38,7291	76,1194	38,7291	73,4937	38,7291	67,706	38,7291	78,147	38,7291	73,3493	38,7291	67,4741	
38,8934	76,1849	38,8934	73,4928	38,8934	67,7059	38,8934	78,021	38,8934	73,3492	38,8934	67,4742	
39,0577	76,1881	39,0577	73,4936	39,0577	67,7059	39,0577	78,1469	39,0577	73,3489	39,0577	67,4743	
39,2217	76,1796	39,2217	73,4942	39,2217	67,7053	39,2217	78,1276	39,2217	73,3493	39,2217	67,4742	
39,3857	76,1792	39,3857	73,4936	39,3857	67,7061	39,3857	76,963	39,3857	73,3503	39,3857	67,4746	
39,5494	76,1868	39,5494	73,4941	39,5494	67,7063	39,5494	79,1831	39,5494	73,3504	39,5494	67,4743	
39,7134	75,6418	39,7134	73,4936	39,7134	67,705	39,7134	78,1546	39,7134	73,3494	39,7134	67,4739	
39,8774	76,1791	39,8774	73,4935	39,8774	67,7061	39,8774	78,0289	39,8774	73,3486	39,8774	67,4746	
40,0419	76,1801	40,0419	73,4944	40,0419	67,7061	40,0419	81,8304	40,0419	73,3508	40,0419	67,4741	
40,2071	75,6548	40,2071	73,4937	40,2071	67,7056	40,2071	78,2669	40,2071	73,3501	40,2071	67,4738	
40,3708	76,133	40,3708	73,4948	40,3708	67,7049	40,3708	78,0696	40,3708	73,3495	40,3708	67,4738	
40,5356	76,181	40,5356	73,4938	40,5356	67,7058	40,5356	78,0851	40,5356	73,3502	40,5356	67,4741	
40,6998	76,1913	40,6998	73,4948	40,6998	67,7049	40,6998	78,2018	40,6998	73,3503	40,6998	67,4745	
40,8638	76,1334	40,8638	73,4936	40,8638	67,7058	40,8638	78,0029	40,8638	73,3502	40,8638	67,4747	
41,0275	76,183	41,0275	73,4931	41,0275	67,7059	41,0275	77,3324	41,0275	73,3507	41,0275	67,4736	
41,1918	76,1782	41,1918	73,4932	41,1918	67,7055	41,1918	78,2369	41,1918	73,3504	41,1918	67,4746	
41,3563	76,1852	41,3563	73,4932	41,3563	67,7054	41,3563	78,0614	41,3563	73,3496	41,3563	67,4742	
41,5203	76,1824	41,5203	73,4928	41,5203	67,706	41,5203	75,6854	41,5203	73,3505	41,5203	67,4744	
41,684	76,184	41,684	73,4936	41,684	67,7055	41,684	78,052	41,684	73,3495	41,684	67,4741	
41,8482	75,6472	41,8482	73,4929	41,8482	67,7045	41,8482	81,1431	41,8482	73,3491	41,8482	67,4742	
42,0127	75,6534	42,0127	73,4937	42,0127	67,7044	42,0127	78,4191	42,0127	73,3507	42,0127	67,4744	
42,1772	76,1826	42,1772	73,493	42,1772	67,7048	42,1772	79,0473	42,1772	73,3507	42,1772	67,4738	
42,3412	76,1858	42,3412	73,4924	42,3412	67,7052	42,3412	78,1322	42,3412	73,3494	42,3412	67,4747	
42,5051	75,6507	42,5051	73,494	42,5051	67,7044	42,5051	78,0436	42,5051	73,35	42,5051	67,4743	
42,6689	76,1883	42,6689	73,4938	42,6689	67,7052	42,6689	77,3146	42,6689	73,3496	42,6689	67,4743	
42,8328	76,121	42,8328	73,4936	42,8328	67,7049	42,8328	78,1072	42,8328	73,3506	42,8328	67,4741	
42,9963	76,1823	42,9963	73,493	42,9963	67,7048	42,9963	78,4189	42,9963	73,3502	42,9963	67,4735	
43,1603	76,1264	43,1603	73,4918	43,1603	67,7055	43,1603	77,6356	43,1603	73,3498	43,1603	67,4745	
43,3248	76,1822	43,3248	73,4926	43,3248	67,7047	43,3248	78,1315	43,3248	73,3501	43,3248	67,4744	
43,4891	76,1885	43,4891	73,4941	43,4891	67,7051	43,4891	78,0794	43,4891	73,3504	43,4891	67,4742	
43,6528	76,1889	43,6528	73,4925	43,6528	67,7051	43,6528	78,8319	43,6528	73,3504	43,6528	67,4743	
43,8171	76,1881	43,8171	73,4923	43,8171	67,7039	43,8171	78,068	43,8171	73,3509	43,8171	67,4742	
43,9808	75,651	43,9808	73,4934	43,9808	67,7048	43,9808	77,6212	43,9808	73,3507	43,9808	67,4747	
44,145	76,1811	44,145	73,4942	44,145	67,7048	44,145	78,0131	44,145	73,3512	44,145	67,4745	
44,3087	76,1294	44,3087	73,492	44,3087	67,7047	44,3087	78,1672	44,3087	73,3492	44,3087	67,4747	
44,4724	76,1394	44,4724	73,4921	44,4724	67,7044	44,4724	78,0717	44,4724	73,3495	44,4724	67,4744	
44,6364	76,1346	44,6364	73,4933	44,6364	67,7047	44,6364	78,0173	44,6364	73,3487	44,6364	67,4742	
44,8004	76,1875	44,8004	73,4931	44,8004	67,7048	44,8004	78,0178	44,8004	73,3488	44,8004	67,4741	
44,9649	76,1859	44,9649	73,4921	44,9649	67,7045	44,9649	79,5498	44,9649	73,3498	44,9649	67,4744	
45,1289	76,1874	45,1289	73,4932	45,1289	67,7037	45,1289	76,9207	45,1289	73,3484	45,1289	67,474	
45,2934	76,1824	45,2934	73,4926	45,2934	67,7038	45,2934	78,1244	45,2934	73,3497	45,2934	67,4745	
45,4583	76,1819	45,4583	73,4919	45,4583	67,7044	45,4583	78,0614	45,4583	73,3496	45,4583	67,4739	
45,6229	76,1889	45,6229	73,491	45,6229	67,7044	45,6229	76,8772	45,6229	73,3504	45,6229	67,474	
45,7866	76,1849	45,7866	73,4924	45,7866	67,7042	45,7866	78,0007	45,7866	73,3486	45,7866	67,4743	
45,9503	76,1862	45,9503	73,4925	45,9503	67,7032	45,9503	80,9833	45,9503	73,3481	45,9503	67,474	
46,1148	76,1402	46,1148	73,4912	46,1148	67,7041	46,1148	78,0886	46,1148	73,3489	46,1148	67,4743	
46,2793	75,6525	46,2793	73,4913	46,2793	67,7045	46,2793	78,0633	46,2793	73,3495	46,2793	67,4747	
46,4436	76,1868	46,4436	73,4926	46,4436	67,7034	46,4436	78,1075	46,4436	73,3495	46,4436	67,4742	
46,6081	76,1888	46,6081	73,4913	46,6081	67,7036	46,6081	78,0798	46,6081	73,3485	46,6081	67,4742	
46,7721	76,1853	46,7721	73,4914	46,7721	67,7041	46,7721	77,547	46,7721	73,3487	46,7721	67,4744	
46,9363	76,1343	46,9363	73,492	46,9363	67,7033	46,9363	78,0621	46,9363	73,3499	46,9363	67,474	
47,1003	76,1785	47,1003	73,4921	47,1003	67,7043	47,1003	78,2512	47,1003	73,35	47,1003	67,4743	
47,2643	76,184	47,2643	73,4907	47,2643	67,7039	47,2643	78,4903	47,2643	73,3499	47,2643	67,474	
47,4288	76,1836	47,4288	73,4912	47,4288	67,7036	47,4288	78,0935	47,4288	73,349	47,4288	67,4743	
47,5928	76,1805	47,5928	73,4903	47,5928	67,7037	47,5928	73,8461	47,5928	73,3491	47,5928	67,4742	
47,7568	75,6481	47,7568	73,4923	47,7568	67,703	47,7568	78,2326	47,7568	73,3507	47,7568	67,4738	
47,9205	76,1834	47,9205	73,4908	47,9205	67,704	47,9205	78,0728	47,9205	73,3493	47,9205	67,4745	
48,0848	76,1786	48,0848	73,4914	48,0848	67,7031	48,0848	78,6484	48,0848	73,349	48,0848	67,4741	
48,249	75,6512	48,249	73,4907	48,249	67,7035	48,249	75,901	48,249	73,3495	48,249	67,4742	
48,4138	76,1893	48,4138	73,4935	48,4138	67,7026	48,4138	78,0113	48,4138	73,3486	48,4138	67,4738	
48,5781	76,1799	48,5781	73,4914	48,5781	67,7028	48,5781	78,1428	48,5781	73,3495	48,5781	67,4741	
48,7421	76,1347	48,7421	73,4922	48,7421	67,7025	48,7421	76,9148	48,7421	73,3495	48,7421	67,4738	
48,9061	76,1289	48,9061	73,4903	48,9061	67,7034	48,9061	78,0428	48,9061	73,3475	48,9061	67,4744	
49,07	76,1826	49,07	73,4902	49,07	67,7034	49,07	78,027	49,07	73,3486	49,07	67,4741	
49,2344	76,193	49,2344	73,4902	49,2344	67,703	49,2344	78,1165	49,2344	73,3495	49,2344	67,4742	
49,3983	76,189	49,3983	73,4897	49,3983	67,7026	49,3983	78,5327	49,3983	73,3503	49,3983	67,4746	
49,5623	75,6478	49,5623	73,4892	49,5623	67,7033	49,5623	79,5469	49,5623	73,35	49,5623	67,4742	
49,7271	76,123	49,7271	73,4902	49,7271	67,7035	49,7271	78,0596	49,7271	73,3499	49,7271	67,474	
49,8913	76,1856	49,8913	73,4906	49,8913	67,7034	49,8913	78,064	49,8913	73,3494	49,8913	67,4744	
50,0553	76,1805	50,0553	73,4916	50,0553	67,7031	50,0553	78,1128	50,0553	73,3485	50,0553	67,4744	
50,2193	76,1863	50,2193	73,4908	50,2193	67,7035	50,2193	78,0123	50,2193	73,3482	50,2193	67,4741	
50,3835	76,1387	50,3835	73,4893	50,3835	67,7034	50,3835	78,0205	50,3835	73,3487	50,3835	67,4743	
50,5475	76,1824	50,5475	73,491	50,5475	67,7023	50,5475	78,2039	50,5475	73,3485	50,5475	67,4742	
50,7115	76,1832	50,7115	73,4894	50,7115	67,703	50,7115	78,3834	50,7115	73,3491	50,7115	67,4741	
50,8755	76,1786	50,8755	73,49	50,8755	67,7025	50,8755	79,1992	50,8755	73,3498	50,8755	67,4747	
51,0395	76,1348	51,0395	73,4891	51,0395	67,7029	51,0395	78,0454	51,0395	73,3487	51,0395	67,474	
51,2034	76,1876	51,2034	73,489	51,2034	67,7033	51,2034	78,2939	51,2034	73,3509	51,2034	67,4745	
51,3669	75,648	51,3669	73,4894	51,3669	67,7029	51,3669	78,1073	51,3669	73,3506	51,3669	67,4743	
51,5307	76,1834	51,5307	73,4884	51,5307	67,7016	51,5307	78,0718	51,5307	73,3475	51,5307	67,4741	
51,6944	76,1833	51,6944	73,4902	51,6944	67,7031	51,6944	86,316	51,6944	73,349	51,6944	67,4742	
51,8589	76,1906	51,8589	73,4884	51,8589	67,7027	51,8589	78,3195	51,8589	73,3503	51,8589	67,4743	
52,0234	76,1825	52,0234	73,4884	52,0234	67,7028	52,0234	78,0092	52,0234	73,3505	52,0234	67,4747	
52,1874	76,183	52,1874	73,4884	52,1874	67,7024	52,1874	78,3229	52,1874	73,3497	52,1874	67,4741	
52,352	76,194	52,352	73,4892	52,352	67,7022	52,352	78,0553	52,352	73,3479	52,352	67,474	
52,5162	76,187	52,5162	73,4899	52,5162	67,7022	52,5162	78,0374	52,5162	73,3496	52,5162	67,474	
52,6799	76,1907	52,6799	73,488	52,6799	67,7021	52,6799	78,0422	52,6799	73,3497	52,6799	67,4742	
52,8436	76,1895	52,8436	73,4888	52,8436	67,7031	52,8436	78,2368	52,8436	73,3491	52,8436	67,4742	
53,0085	76,1899	53,0085	73,4901	53,0085	67,7023	53,0085	78,6711	53,0085	73,3488	53,0085	67,4744	
53,1732	76,1848	53,1732	73,4885	53,1732	67,7025	53,1732	78,1402	53,1732	73,3473	53,1732	67,4745	
53,3375	76,1376	53,3375	73,4897	53,3375	67,7022	53,3375	80,5896	53,3375	73,3485	53,3375	67,4739	
53,5018	76,1802	53,5018	73,4884	53,5018	67,7019	53,5018	77,3776	53,5018	73,3498	53,5018	67,4743	
53,6663	76,1882	53,6663	73,4877	53,6663	67,7025	53,6663	78,1694	53,6663	73,3492	53,6663	67,4741	
53,8303	76,142	53,8303	73,4896	53,8303	67,7024	53,8303	78,1207	53,8303	73,3494	53,8303	67,474	
53,9948	76,1375	53,9948	73,4875	53,9948	67,7016	53,9948	78,0146	53,9948	73,3496	53,9948	67,4739	
54,1591	76,1842	54,1591	73,4894	54,1591	67,7018	54,1591	77,1675	54,1591	73,3498	54,1591	67,4739	
54,3233	76,1813	54,3233	73,4885	54,3233	67,702	54,3233	78,0299	54,3233	73,3484	54,3233	67,4743	
54,4873	76,1878	54,4873	73,4876	54,4873	67,7028	54,4873	77,2726	54,4873	73,3483	54,4873	67,4744	
54,6513	75,6527	54,6513	73,4871	54,6513	67,7012	54,6513	76,1319	54,6513	73,3492	54,6513	67,4745	
54,8156	76,1818	54,8156	73,4887	54,8156	67,7023	54,8156	78,0449	54,8156	73,3494	54,8156	67,4738	
54,9801	76,1843	54,9801	73,4892	54,9801	67,7022	54,9801	77,0995	54,9801	73,35	54,9801	67,4736	
55,1443	76,1904	55,1443	73,4886	55,1443	67,7024	55,1443	77,4345	55,1443	73,349	55,1443	67,4743	
55,3088	76,1911	55,3088	73,4865	55,3088	67,7016	55,3088	78,0412	55,3088	73,3482	55,3088	67,4742	
55,4734	76,1825	55,4734	73,489	55,4734	67,7016	55,4734	78,1267	55,4734	73,3482	55,4734	67,4735	
55,6382	76,1903	55,6382	73,4872	55,6382	67,7017	55,6382	78,0499	55,6382	73,3484	55,6382	67,4742	
55,8024	76,1849	55,8024	73,4871	55,8024	67,7015	55,8024	74,4483	55,8024	73,3482	55,8024	67,4744	
55,9664	75,6511	55,9664	73,4866	55,9664	67,7017	55,9664	77,4616	55,9664	73,3492	55,9664	67,4739	
56,1304	76,1874	56,1304	73,4883	56,1304	67,7017	56,1304	78,0801	56,1304	73,3495	56,1304	67,4736	
56,2954	76,1794	56,2954	73,4869	56,2954	67,7016	56,2954	78,0735	56,2954	73,3488	56,2954	67,474	
56,4598	76,1899	56,4598	73,4867	56,4598	67,7006	56,4598	77,496	56,4598	73,3527	56,4598	67,4736	
56,6238	76,1868	56,6238	73,4876	56,6238	67,7008	56,6238	78,3042	56,6238	73,3492	56,6238	67,474	
56,788	75,6558	56,788	73,487	56,788	67,701	56,788	78,0302	56,788	73,3471	56,788	67,474	
56,9526	76,1838	56,9526	73,4876	56,9526	67,7008	56,9526	78,102	56,9526	73,348	56,9526	67,4738	
57,1163	76,1854	57,1163	73,488	57,1163	67,7005	57,1163	78,0781	57,1163	73,3478	57,1163	67,4741	
57,2808	76,187	57,2808	73,4879	57,2808	67,701	57,2808	78,0604	57,2808	73,3481	57,2808	67,4736	
57,4448	76,1874	57,4448	73,4875	57,4448	67,7008	57,4448	78,0907	57,4448	73,3486	57,4448	67,474	
57,6091	76,1824	57,6091	73,4864	57,6091	67,701	57,6091	78,0625	57,6091	73,3479	57,6091	67,4741	
57,7737	76,1886	57,7737	73,4876	57,7737	67,7016	57,7737	78,1002	57,7737	73,3476	57,7737	67,4741	
57,9381	76,1838	57,9381	73,4867	57,9381	67,7012	57,9381	77,5195	57,9381	73,3481	57,9381	67,4741	
58,1021	76,1803	58,1021	73,488	58,1021	67,7008	58,1021	78,0942	58,1021	73,3469	58,1021	67,4739	
58,2663	76,1817	58,2663	73,4867	58,2663	67,7003	58,2663	78,0465	58,2663	73,348	58,2663	67,4741	
58,4309	76,1392	58,4309	73,4868	58,4309	67,7011	58,4309	78,1604	58,4309	73,3498	58,4309	67,4736	
58,5948	76,1905	58,5948	73,487	58,5948	67,7005	58,5948	79,9244	58,5948	73,35	58,5948	67,4737	
58,7591	76,1834	58,7591	73,4856	58,7591	67,6998	58,7591	77,466	58,7591	73,3488	58,7591	67,4739	
58,9231	76,1864	58,9231	73,4854	58,9231	67,6995	58,9231	77,4663	58,9231	73,3472	58,9231	67,4737	
59,0876	76,1811	59,0876	73,4857	59,0876	67,7005	59,0876	78,0878	59,0876	73,3489	59,0876	67,4739	
59,2516	76,1926	59,2516	73,4867	59,2516	67,7006	59,2516	78,1057	59,2516	73,3481	59,2516	67,4742	
59,4156	76,1805	59,4156	73,4854	59,4156	67,7009	59,4156	78,1008	59,4156	73,348	59,4156	67,4739	
59,5799	75,6541	59,5799	73,4848	59,5799	67,7005	59,5799	78,1254	59,5799	73,3483	59,5799	67,4738	
59,7447	76,1826	59,7447	73,4873	59,7447	67,7002	59,7447	78,4946	59,7447	73,3499	59,7447	67,4743	
59,9087	76,1349	59,9087	73,4852	59,9087	67,7005	59,9087	78,0777	59,9087	73,3483	59,9087	67,474	
60,0737	76,1913	60,0737	73,4864	60,0737	67,6999	60,0737	78,0657	60,0737	73,349	60,0737	67,4738	
60,2388	76,1873	60,2388	73,4854	60,2388	67,6997	60,2388	78,1752	60,2388	73,3483	60,2388	67,474	
60,4033	75,652	60,4033	73,4848	60,4033	67,7006	60,4033	183,71	60,4033	73,3497	60,4033	67,4742	
60,5678	76,1367	60,5678	73,4847	60,5678	67,7	60,5678	78,0966	60,5678	73,3481	60,5678	67,474	
60,7323	75,63	60,7323	73,4851	60,7323	67,7004	60,7323	76,0782	60,7323	73,3475	60,7323	67,4742	
60,8968	76,1889	60,8968	73,4863	60,8968	67,699	60,8968	77,525	60,8968	73,3473	60,8968	67,4738	
61,061	75,6528	61,061	73,4852	61,061	67,6996	61,061	78,074	61,061	73,3482	61,061	67,4738	
61,2248	76,1853	61,2248	73,4842	61,2248	67,7002	61,2248	77,2202	61,2248	73,3483	61,2248	67,4742	
61,389	76,1839	61,389	73,4849	61,389	67,7	61,389	78,0337	61,389	73,3493	61,389	67,474	
61,5544	75,6577	61,5544	73,4856	61,5544	67,7005	61,5544	78,0491	61,5544	73,3491	61,5544	67,4741	
61,7187	76,1862	61,7187	73,4848	61,7187	67,7002	61,7187	78,0537	61,7187	73,3493	61,7187	67,4738	
61,8827	75,6551	61,8827	73,485	61,8827	67,6999	61,8827	78,599	61,8827	73,3499	61,8827	67,4742	
62,0465	76,1857	62,0465	73,4842	62,0465	67,6997	62,0465	75,3024	62,0465	73,3489	62,0465	67,4736	
62,2102	76,1162	62,2102	73,4843	62,2102	67,6993	62,2102	76,7293	62,2102	73,3497	62,2102	67,4735	
62,3736	76,1254	62,3736	73,4856	62,3736	67,6995	62,3736	78,4792	62,3736	73,3487	62,3736	67,4737	
62,5376	76,1832	62,5376	73,485	62,5376	67,7	62,5376	76,7835	62,5376	73,3492	62,5376	67,4737	
62,7021	76,189	62,7021	73,4823	62,7021	67,6975	62,7021	78,0396	62,7021	73,3487	62,7021	67,4729	
62,8661	76,1791	62,8661	73,4815	62,8661	67,698	62,8661	78,1589	62,8661	73,3457	62,8661	67,4726	
63,0296	75,6522	63,0296	73,4812	63,0296	67,6975	63,0296	71,771	63,0296	73,3464	63,0296	67,4721	
63,1933	76,1875	63,1933	73,4808	63,1933	67,6975	63,1933	79,5543	63,1933	73,3469	63,1933	67,4724	
63,3567	76,1205	63,3567	73,4833	63,3567	67,6971	63,3567	78,1684	63,3567	73,3474	63,3567	67,4721	
63,5205	76,1877	63,5205	73,4824	63,5205	67,6985	63,5205	78,1633	63,5205	73,3474	63,5205	67,4728	
63,6844	76,1936	63,6844	73,4837	63,6844	67,6986	63,6844	78,7452	63,6844	73,3463	63,6844	67,4731	
63,8492	76,1852	63,8492	73,4838	63,8492	67,6987	63,8492	78,1329	63,8492	73,3493	63,8492	67,4732	
64,0129	76,1848	64,0129	73,483	64,0129	67,6987	64,0129	78,1444	64,0129	73,3488	64,0129	67,4734	
64,1777	76,1877	64,1777	73,4832	64,1777	67,6994	64,1777	78,0686	64,1777	73,3496	64,1777	67,4729	
64,3411	76,1385	64,3411	73,4826	64,3411	67,698	64,3411	78,027	64,3411	73,3479	64,3411	67,4727	
64,5051	76,1812	64,5051	73,4825	64,5051	67,6987	64,5051	78,0324	64,5051	73,349	64,5051	67,473	
64,6685	76,1815	64,6685	73,484	64,6685	67,699	64,6685	78,0517	64,6685	73,3486	64,6685	67,4737	
64,8351	76,184	64,8351	73,4839	64,8351	67,6987	64,8351	79,3049	64,8351	73,3488	64,8351	67,4734	
64,9986	76,1953	64,9986	73,484	64,9986	67,6981	64,9986	78,169	64,9986	73,3476	64,9986	67,4735	
65,1623	75,6549	65,1623	73,4841	65,1623	67,6983	65,1623	78,0723	65,1623	73,3483	65,1623	67,4734	
65,3257	76,1958	65,3257	73,4836	65,3257	67,6985	65,3257	78,1991	65,3257	73,3492	65,3257	67,4737	
65,4894	76,1891	65,4894	73,4822	65,4894	67,6981	65,4894	78,3498	65,4894	73,3492	65,4894	67,4736	
65,6532	76,1852	65,6532	73,4815	65,6532	67,6986	65,6532	78,0497	65,6532	73,3479	65,6532	67,474	
65,8177	76,1927	65,8177	73,4838	65,8177	67,6988	65,8177	78,0535	65,8177	73,3491	65,8177	67,4737	
65,9822	76,1883	65,9822	73,4818	65,9822	67,6981	65,9822	71,0441	65,9822	73,3484	65,9822	67,4734	
66,1461	76,1885	66,1461	73,4821	66,1461	67,6977	66,1461	77,2078	66,1461	73,3481	66,1461	67,4737	
66,3098	76,1286	66,3098	73,4824	66,3098	67,6986	66,3098	78,9826	66,3098	73,3463	66,3098	67,474	
66,4735	76,1918	66,4735	73,483	66,4735	67,6986	66,4735	79,3633	66,4735	73,3477	66,4735	67,4737	
66,637	75,6543	66,637	73,4833	66,637	67,6983	66,637	78,24	66,637	73,3477	66,637	67,4734	
66,8007	76,1854	66,8007	73,4814	66,8007	67,6979	66,8007	79,4083	66,8007	73,3482	66,8007	67,4731	
66,9644	76,1889	66,9644	73,4833	66,9644	67,6983	66,9644	78,7791	66,9644	73,3488	66,9644	67,4736	
67,1287	76,1846	67,1287	73,482	67,1287	67,6987	67,1287	66,7199	67,1287	73,3493	67,1287	67,4736	
67,2922	76,1959	67,2922	73,4831	67,2922	67,6982	67,2922	78,2706	67,2922	73,3484	67,2922	67,4735	
67,4559	76,1439	67,4559	73,4827	67,4559	67,698	67,4559	78,0013	67,4559	73,3496	67,4559	67,4736	
67,6201	76,1982	67,6201	73,4811	67,6201	67,6982	67,6201	78,2835	67,6201	73,3491	67,6201	67,4734	
67,7839	76,1899	67,7839	73,4827	67,7839	67,698	67,7839	78,0957	67,7839	73,3479	67,7839	67,4735	
67,9478	76,126	67,9478	73,4813	67,9478	67,6983	67,9478	79,1587	67,9478	73,3473	67,9478	67,4735	
68,1124	76,1406	68,1124	73,4818	68,1124	67,6968	68,1124	78,042	68,1124	73,3503	68,1124	67,4735	
68,2761	76,1861	68,2761	73,481	68,2761	67,6978	68,2761	78,0159	68,2761	73,349	68,2761	67,4731	
68,44	76,1397	68,44	73,4835	68,44	67,6979	68,44	75,2614	68,44	73,349	68,44	67,4737	
68,6038	76,1339	68,6038	73,4829	68,6038	67,6975	68,6038	78,0161	68,6038	73,3485	68,6038	67,4735	
68,7672	76,131	68,7672	73,5008	68,7672	67,7069	68,7672	78,1905	68,7672	73,3488	68,7672	67,4735	
68,9315	76,1278	68,9315	73,5312	68,9315	67,7297	68,9315	78,0462	68,9315	73,3496	68,9315	67,4736	
69,0952	76,1372	69,0952	73,4917	69,0952	67,7104	69,0952	78,9792	69,0952	73,3482	69,0952	67,4737	
69,2592	76,1875	69,2592	73,4883	69,2592	67,7096	69,2592	77,3618	69,2592	73,348	69,2592	67,474	
69,4229	76,1844	69,4229	73,4825	69,4229	67,7088	69,4229	78,5663	69,4229	73,3487	69,4229	67,4734	
69,5866	76,1945	69,5866	73,4767	69,5866	67,7063	69,5866	78,103	69,5866	73,3478	69,5866	67,4741	
69,7506	76,1873	69,7506	73,4716	69,7506	67,7045	69,7506	78,0802	69,7506	73,3476	69,7506	67,4739	
69,9141	76,1853	69,9141	73,4651	69,9141	67,701	69,9141	78,0535	69,9141	73,3489	69,9141	67,4741	
70,0783	76,1502	70,0783	73,4594	70,0783	67,6991	70,0783	78,0435	70,0783	73,3487	70,0783	67,4741	
70,2423	76,1983	70,2423	73,4533	70,2423	67,6951	70,2423	78,0553	70,2423	73,3474	70,2423	67,4741	
70,4069	76,1891	70,4069	73,4475	70,4069	67,692	70,4069	78,0287	70,4069	73,3479	70,4069	67,4745	
70,5705	75,6683	70,5705	73,4413	70,5705	67,6891	70,5705	78,3519	70,5705	73,3486	70,5705	67,4744	
70,7345	76,1997	70,7345	73,4357	70,7345	67,686	70,7345	78,0967	70,7345	73,3484	70,7345	67,4738	
70,8985	76,1917	70,8985	73,4342	70,8985	67,684	70,8985	78,2463	70,8985	73,35	70,8985	67,4741	
71,0625	76,1552	71,0625	73,428	71,0625	67,6814	71,0625	78,1277	71,0625	73,3493	71,0625	67,474	
71,2262	76,201	71,2262	73,4259	71,2262	67,6788	71,2262	78,2869	71,2262	73,3494	71,2262	67,4738	
71,3896	76,1942	71,3896	73,4222	71,3896	67,677	71,3896	78,1941	71,3896	73,3488	71,3896	67,4739	
71,5533	76,1398	71,5533	73,4153	71,5533	67,6763	71,5533	78,5319	71,5533	73,3501	71,5533	67,474	
71,7168	76,2011	71,7168	73,4132	71,7168	67,6746	71,7168	78,9248	71,7168	73,3499	71,7168	67,4746	
71,881	76,2031	71,881	73,4125	71,881	67,6711	71,881	77,4194	71,881	73,3508	71,881	67,474	
72,0447	76,2025	72,0447	73,407	72,0447	67,6712	72,0447	77,2535	72,0447	73,3502	72,0447	67,4744	
72,2081	76,1968	72,2081	73,4026	72,2081	67,6689	72,2081	78,1366	72,2081	73,349	72,2081	67,474	
72,3718	76,1996	72,3718	73,4016	72,3718	67,668	72,3718	79,7495	72,3718	73,3497	72,3718	67,4742	
72,5358	76,1994	72,5358	73,3979	72,5358	67,6671	72,5358	78,0171	72,5358	73,3479	72,5358	67,4741	
72,6995	76,2044	72,6995	73,3971	72,6995	67,6651	72,6995	78,2121	72,6995	73,3486	72,6995	67,4743	
72,8633	76,2062	72,8633	73,3945	72,8633	67,6642	72,8633	76,8687	72,8633	73,3499	72,8633	67,4746	
73,0273	76,1589	73,0273	73,3939	73,0273	67,663	73,0273	78,0749	73,0273	73,3487	73,0273	67,4742	
73,191	76,1994	73,191	73,3917	73,191	67,6617	73,191	71,6797	73,191	73,3489	73,191	67,4741	
73,3547	76,1978	73,3547	73,3897	73,3547	67,661	73,3547	78,0394	73,3547	73,3495	73,3547	67,474	
73,5184	76,1979	73,5184	73,3884	73,5184	67,6599	73,5184	78,0895	73,5184	73,3482	73,5184	67,4744	
73,6822	76,2045	73,6822	73,3868	73,6822	67,6589	73,6822	78,2868	73,6822	73,3509	73,6822	67,4744	
73,8458	76,1988	73,8458	73,3879	73,8458	67,6587	73,8458	78,0452	73,8458	73,3499	73,8458	67,4738	
74,0104	76,2032	74,0104	73,3857	74,0104	67,6581	74,0104	78,048	74,0104	73,3491	74,0104	67,4739	
74,1741	76,2028	74,1741	73,3831	74,1741	67,6577	74,1741	79,5035	74,1741	73,3502	74,1741	67,4744	
74,3381	76,199	74,3381	73,3834	74,3381	67,657	74,3381	76,9932	74,3381	73,3499	74,3381	67,4744	
74,5018	76,1618	74,5018	73,3829	74,5018	67,6563	74,5018	78,0573	74,5018	73,3504	74,5018	67,474	
74,6655	76,2025	74,6655	73,38	74,6655	67,6553	74,6655	78,2113	74,6655	73,3495	74,6655	67,4746	
74,8289	76,2026	74,8289	73,3797	74,8289	67,6549	74,8289	78,5905	74,8289	73,3489	74,8289	67,4744	
74,9929	76,1624	74,9929	73,3781	74,9929	67,654	74,9929	78,9465	74,9929	73,3508	74,9929	67,4743	
75,1572	76,2071	75,1572	73,3777	75,1572	67,6537	75,1572	78,4006	75,1572	73,3496	75,1572	67,4747	
75,3212	76,2095	75,3212	73,3764	75,3212	67,6529	75,3212	77,4506	75,3212	73,35	75,3212	67,4739	
75,4852	76,2007	75,4852	73,3756	75,4852	67,6523	75,4852	78,153	75,4852	73,3511	75,4852	67,4744	
75,6491	76,2108	75,6491	73,3746	75,6491	67,6507	75,6491	78,0432	75,6491	73,3493	75,6491	67,4746	
75,8125	76,1575	75,8125	73,3739	75,8125	67,6505	75,8125	78,1092	75,8125	73,3496	75,8125	67,4738	
75,9762	76,2027	75,9762	73,3726	75,9762	67,6495	75,9762	78,0354	75,9762	73,3496	75,9762	67,4739	
76,1402	76,2022	76,1402	73,3729	76,1402	67,6499	76,1402	78,3318	76,1402	73,351	76,1402	67,4745	
76,3037	76,1474	76,3037	73,3704	76,3037	67,6484	76,3037	78,1199	76,3037	73,3502	76,3037	67,474	
76,468	76,2004	76,468	73,3701	76,468	67,6486	76,468	78,1307	76,468	73,3502	76,468	67,4744	
76,6317	76,1655	76,6317	73,3699	76,6317	67,6471	76,6317	78,2287	76,6317	73,3486	76,6317	67,4742	
76,7956	76,2023	76,7956	73,3662	76,7956	67,6453	76,7956	78,1937	76,7956	73,3506	76,7956	67,4741	
76,9596	76,2056	76,9596	73,3625	76,9596	67,6406	76,9596	78,0236	76,9596	73,3493	76,9596	67,4741	
77,1242	76,2044	77,1242	73,3583	77,1242	67,6376	77,1242	78,2654	77,1242	73,3497	77,1242	67,4744	
77,2881	76,2088	77,2881	73,3553	77,2881	67,6358	77,2881	78,6369	77,2881	73,3498	77,2881	67,4744	
77,4521	76,2101	77,4521	73,3527	77,4521	67,6326	77,4521	77,3567	77,4521	73,3501	77,4521	67,4745	
77,6161	76,2048	77,6161	73,3505	77,6161	67,6304	77,6161	75,3483	77,6161	73,3483	77,6161	67,4742	
77,7801	76,1925	77,7801	73,3399	77,7801	67,6244	77,7801	78,14	77,7801	73,3495	77,7801	67,4744	
77,9443	76,2088	77,9443	73,3126	77,9443	67,6089	77,9443	80,4744	77,9443	73,35	77,9443	67,4737	
78,1083	76,1804	78,1083	73,2939	78,1083	67,5962	78,1083	77,4354	78,1083	73,349	78,1083	67,4737	
78,2725	76,2181	78,2725	73,2857	78,2725	67,5918	78,2725	73,2291	78,2725	73,3491	78,2725	67,4738	
78,4365	76,2218	78,4365	73,2824	78,4365	67,5898	78,4365	78,2147	78,4365	73,3482	78,4365	67,474	
78,6007	76,1797	78,6007	73,2823	78,6007	67,5893	78,6007	76,1651	78,6007	73,3502	78,6007	67,4738	
78,7653	76,1692	78,7653	73,282	78,7653	67,5885	78,7653	78,2055	78,7653	73,3492	78,7653	67,4734	
78,9295	76,2202	78,9295	73,28	78,9295	67,5883	78,9295	78,0274	78,9295	73,3477	78,9295	67,4739	
79,0943	76,216	79,0943	73,2808	79,0943	67,5885	79,0943	77,4886	79,0943	73,3491	79,0943	67,4736	
79,2583	76,22	79,2583	73,2804	79,2583	67,5878	79,2583	78,6281	79,2583	73,3483	79,2583	67,4736	
79,4222	76,2216	79,4222	73,2799	79,4222	67,5882	79,4222	78,0355	79,4222	73,3471	79,4222	67,4737	
79,5859	76,1837	79,5859	73,2801	79,5859	67,5885	79,5859	77,0845	79,5859	73,35	79,5859	67,474	
79,751	76,2192	79,751	73,2801	79,751	67,588	79,751	78,1136	79,751	73,3473	79,751	67,4737	
79,9155	76,2192	79,9155	73,2787	79,9155	67,5875	79,9155	77,438	79,9155	73,3489	79,9155	67,4739	
80,0796	76,2237	80,0796	73,2806	80,0796	67,5886	80,0796	78,0531	80,0796	73,3494	80,0796	67,4736	
80,2446	76,2208	80,2446	73,2798	80,2446	67,5883	80,2446	78,1287	80,2446	73,3493	80,2446	67,4738	
80,4089	76,2217	80,4089	73,2803	80,4089	67,5883	80,4089	78,2391	80,4089	73,3484	80,4089	67,4735	
80,5731	76,2199	80,5731	73,2803	80,5731	67,5878	80,5731	77,3921	80,5731	73,3489	80,5731	67,4738	
80,7375	76,219	80,7375	73,2799	80,7375	67,5879	80,7375	75,2448	80,7375	73,3492	80,7375	67,4734	
80,9018	76,2216	80,9018	73,2799	80,9018	67,5875	80,9018	78,0799	80,9018	73,3478	80,9018	67,4737	
81,0666	76,2162	81,0666	73,2775	81,0666	67,5876	81,0666	78,0778	81,0666	73,3477	81,0666	67,4734	
81,2311	76,2164	81,2311	73,2783	81,2311	67,5873	81,2311	70,5921	81,2311	73,3487	81,2311	67,4738	
81,3959	76,2228	81,3959	73,2776	81,3959	67,5872	81,3959	77,6028	81,3959	73,3464	81,3959	67,4734	
81,5602	76,214	81,5602	73,2783	81,5602	67,5872	81,5602	78,1398	81,5602	73,3483	81,5602	67,4734	
81,7236	76,185	81,7236	73,2791	81,7236	67,587	81,7236	77,6597	81,7236	73,3486	81,7236	67,4734	
81,8876	76,2189	81,8876	73,2795	81,8876	67,5872	81,8876	81,2083	81,8876	73,3467	81,8876	67,4739	
82,0518	76,2179	82,0518	73,2789	82,0518	67,5871	82,0518	78,1178	82,0518	73,3486	82,0518	67,473	
82,2163	76,2188	82,2163	73,2789	82,2163	67,5874	82,2163	78,1662	82,2163	73,3495	82,2163	67,4732	
82,3798	76,2205	82,3798	73,2771	82,3798	67,587	82,3798	78,0352	82,3798	73,3481	82,3798	67,4735	
82,5435	76,2176	82,5435	73,2791	82,5435	67,5866	82,5435	74,1785	82,5435	73,3466	82,5435	67,4735	
82,7072	76,2168	82,7072	73,2772	82,7072	67,5872	82,7072	77,586	82,7072	73,348	82,7072	67,4728	
82,8714	76,2238	82,8714	73,2769	82,8714	67,5872	82,8714	78,1433	82,8714	73,3468	82,8714	67,473	
83,0357	76,22	83,0357	73,2784	83,0357	67,5867	83,0357	78,173	83,0357	73,3499	83,0357	67,4736	
83,1996	76,2158	83,1996	73,2781	83,1996	67,5871	83,1996	77,5421	83,1996	73,3469	83,1996	67,4736	
83,3639	76,2179	83,3639	73,2779	83,3639	67,5874	83,3639	78,3874	83,3639	73,3475	83,3639	67,474	
83,5273	76,2226	83,5273	73,2792	83,5273	67,5869	83,5273	78,0783	83,5273	73,3469	83,5273	67,4734	
83,6908	76,2223	83,6908	73,2762	83,6908	67,5868	83,6908	77,1989	83,6908	73,3478	83,6908	67,4734	
83,8547	76,1943	83,8547	73,2782	83,8547	67,5867	83,8547	78,1682	83,8547	73,3479	83,8547	67,4733	
84,0187	76,217	84,0187	73,278	84,0187	67,5864	84,0187	78,555	84,0187	73,3484	84,0187	67,473	
84,1822	76,172	84,1822	73,2776	84,1822	67,5868	84,1822	79,6274	84,1822	73,3485	84,1822	67,4734	
84,3475	76,2205	84,3475	73,2788	84,3475	67,5868	84,3475	78,2899	84,3475	73,3476	84,3475	67,4735	
84,5115	76,185	84,5115	73,2778	84,5115	67,5866	84,5115	75,2707	84,5115	73,348	84,5115	67,473	
84,6747	76,2185	84,6747	73,2775	84,6747	67,587	84,6747	78,0882	84,6747	73,3483	84,6747	67,4736	
84,8384	76,2234	84,8384	73,2753	84,8384	67,5869	84,8384	78,1852	84,8384	73,3469	84,8384	67,4734	
85,0018	76,215	85,0018	73,2775	85,0018	67,5869	85,0018	78,0924	85,0018	73,3481	85,0018	67,4737	
85,1656	76,2197	85,1656	73,2761	85,1656	67,5864	85,1656	77,5128	85,1656	73,3475	85,1656	67,4733	
85,3296	76,2141	85,3296	73,2765	85,3296	67,5868	85,3296	78,5381	85,3296	73,3477	85,3296	67,4731	
85,4933	76,2215	85,4933	73,2761	85,4933	67,5863	85,4933	78,9196	85,4933	73,3481	85,4933	67,4738	
85,6583	75,72	85,6583	73,2763	85,6583	67,5866	85,6583	80,0467	85,6583	73,3463	85,6583	67,473	
85,8226	76,2186	85,8226	73,278	85,8226	67,5871	85,8226	78,2905	85,8226	73,347	85,8226	67,4733	
85,9865	76,2135	85,9865	73,2756	85,9865	67,5863	85,9865	78,1424	85,9865	73,3467	85,9865	67,4733	
86,1503	76,222	86,1503	73,2771	86,1503	67,5866	86,1503	78,0882	86,1503	73,3479	86,1503	67,4733	
86,3148	76,2152	86,3148	73,2772	86,3148	67,5865	86,3148	78,272	86,3148	73,3481	86,3148	67,4735	
86,4788	76,2161	86,4788	73,2783	86,4788	67,5868	86,4788	78,0639	86,4788	73,3467	86,4788	67,4736	
86,6425	76,2232	86,6425	73,2766	86,6425	67,5867	86,6425	77,2378	86,6425	73,3478	86,6425	67,4733	
86,8059	76,2249	86,8059	73,2776	86,8059	67,5871	86,8059	78,1926	86,8059	73,3487	86,8059	67,4732	
86,9694	76,2239	86,9694	73,2769	86,9694	67,5868	86,9694	79,1094	86,9694	73,3479	86,9694	67,473	
87,1329	76,2183	87,1329	73,2781	87,1329	67,5869	87,1329	78,3947	87,1329	73,3481	87,1329	67,4733	
87,2965	76,217	87,2965	73,2761	87,2965	67,5865	87,2965	77,5077	87,2965	73,3483	87,2965	67,4728	
87,46	76,1721	87,46	73,2778	87,46	67,5863	87,46	77,2509	87,46	73,3477	87,46	67,4735	
87,6237	76,2151	87,6237	73,277	87,6237	67,5863	87,6237	78,114	87,6237	73,3483	87,6237	67,4732	
87,7871	75,7231	87,7871	73,2769	87,7871	67,5859	87,7871	77,4254	87,7871	73,3488	87,7871	67,4731	
87,9514	76,2135	87,9514	73,2773	87,9514	67,5865	87,9514	77,6439	87,9514	73,347	87,9514	67,4738	
88,1148	76,2198	88,1148	73,2773	88,1148	67,5867	88,1148	79,0185	88,1148	73,3475	88,1148	67,4731	
88,2785	76,2207	88,2785	73,281	88,2785	67,5873	88,2785	77,1524	88,2785	73,3478	88,2785	67,4723	
88,4425	76,2101	88,4425	73,3219	88,4425	67,6095	88,4425	76,6568	88,4425	73,3468	88,4425	67,4734	
88,6065	76,2073	88,6065	73,3577	88,6065	67,6352	88,6065	78,0695	88,6065	73,3481	88,6065	67,4738	
88,7699	76,2121	88,7699	73,3565	88,7699	67,638	88,7699	77,2654	88,7699	73,3484	88,7699	67,4737	
88,9339	76,2016	88,9339	73,3627	88,9339	67,6412	88,9339	76,8756	88,9339	73,3477	88,9339	67,4733	
89,0973	76,2023	89,0973	73,3652	89,0973	67,6446	89,0973	77,0795	89,0973	73,3483	89,0973	67,4739	
89,261	76,2038	89,261	73,3646	89,261	67,6466	89,261	78,3178	89,261	73,3484	89,261	67,474	
89,4253	76,2051	89,4253	73,3658	89,4253	67,6476	89,4253	77,7199	89,4253	73,348	89,4253	67,4734	
89,5896	76,1641	89,5896	73,3681	89,5896	67,6482	89,5896	78,0491	89,5896	73,3475	89,5896	67,4731	
89,7533	76,2069	89,7533	73,3701	89,7533	67,6492	89,7533	78,81	89,7533	73,3468	89,7533	67,4737	
89,9173	76,2067	89,9173	73,3704	89,9173	67,6492	89,9173	78,0491	89,9173	73,3479	89,9173	67,4736	
90,081	76,2036	90,081	73,3705	90,081	67,65	90,081	78,069	90,081	73,349	90,081	67,4735	
90,2444	76,2023	90,2444	73,3698	90,2444	67,6501	90,2444	77,4494	90,2444	73,3483	90,2444	67,4734	
90,4079	76,2089	90,4079	73,3714	90,4079	67,65	90,4079	78,0606	90,4079	73,3488	90,4079	67,4735	
90,5718	76,2159	90,5718	73,3712	90,5718	67,65	90,5718	77,3814	90,5718	73,349	90,5718	67,4738	
90,7355	76,2063	90,7355	73,3712	90,7355	67,65	90,7355	78,1708	90,7355	73,3498	90,7355	67,4735	
90,8996	76,205	90,8996	73,3705	90,8996	67,6496	90,8996	78,2091	90,8996	73,3479	90,8996	67,4731	
91,0638	76,1671	91,0638	73,3699	91,0638	67,6501	91,0638	78,1074	91,0638	73,3498	91,0638	67,4738	
91,2278	76,2056	91,2278	73,3706	91,2278	67,65	91,2278	78,1374	91,2278	73,3495	91,2278	67,4738	
91,3918	76,1526	91,3918	73,3704	91,3918	67,6497	91,3918	76,5124	91,3918	73,3476	91,3918	67,474	
91,5558	76,2003	91,5558	73,3694	91,5558	67,6494	91,5558	78,0265	91,5558	73,3488	91,5558	67,4738	
91,7197	76,2064	91,7197	73,3711	91,7197	67,65	91,7197	78,0523	91,7197	73,3491	91,7197	67,4736	
91,8835	76,2013	91,8835	73,3703	91,8835	67,6501	91,8835	78,0676	91,8835	73,3492	91,8835	67,4736	
92,0475	76,2051	92,0475	73,3706	92,0475	67,6499	92,0475	77,3658	92,0475	73,3492	92,0475	67,4743	
92,2115	76,2066	92,2115	73,3708	92,2115	67,6496	92,2115	78,3896	92,2115	73,3493	92,2115	67,4738	
92,3752	76,1599	92,3752	73,37	92,3752	67,6499	92,3752	77,4599	92,3752	73,3482	92,3752	67,4735	
92,5386	76,2047	92,5386	73,3699	92,5386	67,6499	92,5386	78,0895	92,5386	73,348	92,5386	67,4736	
92,7026	76,2067	92,7026	73,3706	92,7026	67,6488	92,7026	77,54	92,7026	73,3491	92,7026	67,4735	
92,8666	75,698	92,8666	73,3696	92,8666	67,6491	92,8666	78,2319	92,8666	73,3501	92,8666	67,4734	
93,0306	76,2012	93,0306	73,3706	93,0306	67,6493	93,0306	77,5277	93,0306	73,3492	93,0306	67,4736	
93,1943	76,203	93,1943	73,3705	93,1943	67,6496	93,1943	78,1096	93,1943	73,3483	93,1943	67,4739	
93,3586	76,2043	93,3586	73,3705	93,3586	67,649	93,3586	79,2742	93,3586	73,3485	93,3586	67,4739	
93,5226	76,1695	93,5226	73,3693	93,5226	67,6492	93,5226	78,067	93,5226	73,3478	93,5226	67,4739	
93,6865	76,206	93,6865	73,3708	93,6865	67,6491	93,6865	78,1031	93,6865	73,3481	93,6865	67,4735	
93,8505	76,2094	93,8505	73,3698	93,8505	67,6491	93,8505	78,1178	93,8505	73,3498	93,8505	67,4737	
94,0147	76,2135	94,0147	73,3692	94,0147	67,6488	94,0147	78,1667	94,0147	73,348	94,0147	67,4738	
94,1787	76,2047	94,1787	73,3702	94,1787	67,6492	94,1787	78,0573	94,1787	73,3487	94,1787	67,4739	
94,3427	76,2133	94,3427	73,3692	94,3427	67,6485	94,3427	76,9737	94,3427	73,3489	94,3427	67,4737	
94,5064	76,1648	94,5064	73,3701	94,5064	67,6483	94,5064	78,0583	94,5064	73,3487	94,5064	67,4738	
94,6702	76,2114	94,6702	73,3685	94,6702	67,6482	94,6702	78,1337	94,6702	73,3487	94,6702	67,4736	
94,8344	76,2116	94,8344	73,3682	94,8344	67,6478	94,8344	77,0703	94,8344	73,3488	94,8344	67,474	
94,9987	75,6968	94,9987	73,3675	94,9987	67,6468	94,9987	78,3949	94,9987	73,3502	94,9987	67,4741	
95,1627	76,1679	95,1627	73,3671	95,1627	67,647	95,1627	83,4754	95,1627	73,3494	95,1627	67,4737	
95,3264	76,208	95,3264	73,3665	95,3264	67,6467	95,3264	77,5797	95,3264	73,3487	95,3264	67,474	
95,4902	76,2047	95,4902	73,3678	95,4902	67,6462	95,4902	78,0861	95,4902	73,3498	95,4902	67,4743	
95,6539	76,1508	95,6539	73,3662	95,6539	67,6457	95,6539	74,5826	95,6539	73,3497	95,6539	67,4742	
95,8176	76,1678	95,8176	73,3668	95,8176	67,646	95,8176	77,3905	95,8176	73,3478	95,8176	67,4736	
95,9816	76,2167	95,9816	73,3655	95,9816	67,6452	95,9816	77,558	95,9816	73,3499	95,9816	67,4739	
96,1461	75,7003	96,1461	73,3653	96,1461	67,6449	96,1461	77,6616	96,1461	73,3502	96,1461	67,4738	
96,3098	76,2071	96,3098	73,3643	96,3098	67,6437	96,3098	78,4188	96,3098	73,3498	96,3098	67,4737	
96,474	76,2093	96,474	73,3607	96,474	67,6399	96,474	78,3467	96,474	73,3485	96,474	67,4738	
96,6399	76,2128	96,6399	73,3572	96,6399	67,6371	96,6399	78,1395	96,6399	73,3492	96,6399	67,4739	
96,8036	76,2119	96,8036	73,3533	96,8036	67,634	96,8036	78,0811	96,8036	73,3499	96,8036	67,474	
96,967	76,2137	96,967	73,3496	96,967	67,6309	96,967	78,4294	96,967	73,348	96,967	67,4737	
97,1315	76,2072	97,1315	73,3472	97,1315	67,6303	97,1315	77,6632	97,1315	73,3495	97,1315	67,4736	
97,296	76,2141	97,296	73,3439	97,296	67,6261	97,296	78,0603	97,296	73,3489	97,296	67,4736	
97,4614	76,2109	97,4614	73,3209	97,4614	67,6136	97,4614	78,1016	97,4614	73,3471	97,4614	67,4733	
97,6256	76,2162	97,6256	73,2965	97,6256	67,5981	97,6256	79,7057	97,6256	73,3482	97,6256	67,4735	
97,7894	76,2187	97,7894	73,2827	97,7894	67,5899	97,7894	78,1203	97,7894	73,346	97,7894	67,4734	
97,953	76,2193	97,953	73,2795	97,953	67,5872	97,953	78,1475	97,953	73,3491	97,953	67,4734	
98,1173	76,2215	98,1173	73,2778	98,1173	67,5869	98,1173	78,2768	98,1173	73,3469	98,1173	67,4734	
98,2826	76,221	98,2826	73,2779	98,2826	67,5864	98,2826	77,5915	98,2826	73,3487	98,2826	67,4733	
98,4469	76,2223	98,4469	73,2765	98,4469	67,5853	98,4469	71,2837	98,4469	73,3472	98,4469	67,4734	
98,6109	76,2221	98,6109	73,2763	98,6109	67,586	98,6109	77,6514	98,6109	73,3479	98,6109	67,4734	
98,7754	76,2269	98,7754	73,2756	98,7754	67,5857	98,7754	78,0981	98,7754	73,3477	98,7754	67,4731	
98,9393	76,2179	98,9393	73,2764	98,9393	67,5852	98,9393	77,6134	98,9393	73,348	98,9393	67,4731	
99,1039	76,1699	99,1039	73,2758	99,1039	67,5856	99,1039	75,0116	99,1039	73,3482	99,1039	67,4728	
99,2684	76,1776	99,2684	73,2758	99,2684	67,5855	99,2684	77,2698	99,2684	73,3478	99,2684	67,4734	
99,4326	76,2253	99,4326	73,2764	99,4326	67,5856	99,4326	77,4359	99,4326	73,3487	99,4326	67,4728	
99,5968	76,1743	99,5968	73,2743	99,5968	67,585	99,5968	78,4499	99,5968	73,3488	99,5968	67,4733	
99,7608	76,2214	99,7608	73,276	99,7608	67,5853	99,7608	78,1478	99,7608	73,3488	99,7608	67,4728	
99,9248	76,2224	99,9248	73,2748	99,9248	67,5856	99,9248	78,031	99,9248	73,3467	99,9248	67,4732	
100,09	76,2243	100,09	73,2751	100,09	67,5855	100,09	77,4755	100,09	73,3471	100,09	67,473	
100,254	76,2184	100,254	73,276	100,254	67,5855	100,254	77,4863	100,254	73,3477	100,254	67,4734	
100,418	76,2193	100,418	73,2757	100,418	67,585	100,418	78,1634	100,418	73,3459	100,418	67,4733	
100,582	76,2225	100,582	73,2742	100,582	67,5851	100,582	77,2504	100,582	73,3476	100,582	67,4734	
