Time (min) - L1 670nm	 - L1 670nm	Time (min) - L2 785nm	 - L2 785nm	Time (min) - L3 980nm	 - L3 980nm	Time (min) - L5 670nm	 - L5 670nm	Time (min) - L6 785nm	 - L6 785nm	Time (min) - L7 980nm	 - L7 980nm	
0,173767	76,1974	0,173767	73,2875	0,173767	67,5884	0,173767	78,6246	0,173767	73,3015	0,173767	67,4507	
0,337767	75,6966	0,337767	73,2886	0,337767	67,5882	0,337767	81,0093	0,337767	73,3002	0,337767	67,4507	
0,502017	76,1977	0,502017	73,2875	0,502017	67,5881	0,502017	78,4161	0,502017	73,2992	0,502017	67,4502	
0,665733	76,1992	0,665733	73,2879	0,665733	67,5882	0,665733	78,0157	0,665733	73,2986	0,665733	67,4505	
0,830317	76,2046	0,830317	73,2879	0,830317	67,5881	0,830317	75,958	0,830317	73,2988	0,830317	67,4502	
0,994317	76,1985	0,994317	73,2878	0,994317	67,589	0,994317	79,0191	0,994317	73,2978	0,994317	67,4495	
1,15892	76,1975	1,15892	73,2873	1,15892	67,5881	1,15892	78,0407	1,15892	73,2973	1,15892	67,4502	
2,94513	76,2055	2,94513	73,2872	2,94513	67,5884	2,94513	77,0357	2,94513	73,2963	2,94513	67,4494	
3,10942	76,2046	3,10942	73,2875	3,10942	67,5887	3,10942	78,1824	3,10942	73,2952	3,10942	67,4489	
3,27392	75,69	3,27392	73,2872	3,27392	67,588	3,27392	77,4132	3,27392	73,2957	3,27392	67,4484	
3,43792	75,6869	3,43792	73,2876	3,43792	67,589	3,43792	78,0427	3,43792	73,296	3,43792	67,4489	
3,60278	76,202	3,60278	73,2883	3,60278	67,5883	3,60278	78,6544	3,60278	73,2952	3,60278	67,4484	
3,76732	76,1986	3,76732	73,2864	3,76732	67,589	3,76732	78,0992	3,76732	73,2951	3,76732	67,4485	
3,93132	76,2029	3,93132	73,2873	3,93132	67,5885	3,93132	78,1852	3,93132	73,2947	3,93132	67,4488	
4,09505	76,2049	4,09505	73,2867	4,09505	67,5879	4,09505	79,4155	4,09505	73,2954	4,09505	67,4486	
4,25953	76,2049	4,25953	73,2873	4,25953	67,588	4,25953	78,0885	4,25953	73,2938	4,25953	67,4488	
4,42352	76,2009	4,42352	73,2868	4,42352	67,5883	4,42352	78,3771	4,42352	73,295	4,42352	67,4481	
4,58693	76,1484	4,58693	73,2874	4,58693	67,5881	4,58693	76,6072	4,58693	73,2952	4,58693	67,4485	
4,75143	76,2034	4,75143	73,2869	4,75143	67,5875	4,75143	78,0769	4,75143	73,2937	4,75143	67,4487	
4,91542	75,6906	4,91542	73,287	4,91542	67,5886	4,91542	78,0676	4,91542	73,2952	4,91542	67,448	
5,07943	75,688	5,07943	73,2869	5,07943	67,5878	5,07943	69,1283	5,07943	73,2935	5,07943	67,449	
5,24418	76,2066	5,24418	73,2862	5,24418	67,5885	5,24418	76,7825	5,24418	73,2942	5,24418	67,4485	
5,4087	76,207	5,4087	73,287	5,4087	67,5885	5,4087	80,3917	5,4087	73,2964	5,4087	67,4481	
5,57322	75,6855	5,57322	73,2874	5,57322	67,5882	5,57322	78,088	5,57322	73,294	5,57322	67,4488	
5,7372	75,6898	5,7372	73,287	5,7372	67,5884	5,7372	79,4876	5,7372	73,2946	5,7372	67,4469	
5,90175	76,2056	5,90175	73,2872	5,90175	67,5885	5,90175	78,0605	5,90175	73,2943	5,90175	67,4481	
6,06518	75,686	6,06518	73,2871	6,06518	67,5884	6,06518	75,3386	6,06518	73,2936	6,06518	67,4482	
6,22887	76,2004	6,22887	73,2876	6,22887	67,588	6,22887	78,0722	6,22887	73,2939	6,22887	67,4482	
6,39255	75,6906	6,39255	73,2876	6,39255	67,5882	6,39255	78,1007	6,39255	73,2941	6,39255	67,4478	
6,55687	75,6872	6,55687	73,2874	6,55687	67,5882	6,55687	78,0876	6,55687	73,2936	6,55687	67,4484	
6,7206	75,6877	6,7206	73,2876	6,7206	67,5883	6,7206	78,0678	6,7206	73,2946	6,7206	67,4482	
6,8846	76,1994	6,8846	73,2872	6,8846	67,588	6,8846	77,0397	6,8846	73,2944	6,8846	67,4478	
7,04965	76,2043	7,04965	73,2862	7,04965	67,5885	7,04965	78,3792	7,04965	73,2937	7,04965	67,4482	
7,21337	76,2067	7,21337	73,2866	7,21337	67,5876	7,21337	78,2397	7,21337	73,2937	7,21337	67,4481	
7,37707	76,2031	7,37707	73,2862	7,37707	67,5876	7,37707	77,262	7,37707	73,2937	7,37707	67,4478	
7,54132	76,1974	7,54132	73,2873	7,54132	67,5883	7,54132	78,0549	7,54132	73,2934	7,54132	67,4481	
7,70533	75,6869	7,70533	73,2872	7,70533	67,5882	7,70533	78,0817	7,70533	73,2935	7,70533	67,4476	
7,86907	76,1525	7,86907	73,2877	7,86907	67,5877	7,86907	77,5906	7,86907	73,2942	7,86907	67,4472	
8,03332	76,2072	8,03332	73,2878	8,03332	67,5874	8,03332	78,1897	8,03332	73,2936	8,03332	67,4475	
8,19757	76,1977	8,19757	73,2878	8,19757	67,5879	8,19757	78,8957	8,19757	73,295	8,19757	67,447	
8,36127	76,2018	8,36127	73,2864	8,36127	67,5884	8,36127	78,7923	8,36127	73,2931	8,36127	67,4476	
8,5256	76,2047	8,5256	73,2882	8,5256	67,5875	8,5256	78,0233	8,5256	73,2947	8,5256	67,4477	
8,68983	75,69	8,68983	73,2871	8,68983	67,5887	8,68983	70,0196	8,68983	73,292	8,68983	67,4468	
8,85463	76,2052	8,85463	73,2866	8,85463	67,5879	8,85463	78,1836	8,85463	73,2928	8,85463	67,4471	
9,01833	75,6932	9,01833	73,2878	9,01833	67,5873	9,01833	78,5651	9,01833	73,2955	9,01833	67,447	
9,18312	75,6872	9,18312	73,2871	9,18312	67,5883	9,18312	78,1812	9,18312	73,2924	9,18312	67,4471	
9,34818	75,6814	9,34818	73,2868	9,34818	67,5875	9,34818	78,0707	9,34818	73,2932	9,34818	67,4475	
9,5124	76,2021	9,5124	73,288	9,5124	67,588	9,5124	78,1636	9,5124	73,2946	9,5124	67,4469	
9,6772	75,6819	9,6772	73,2874	9,6772	67,5888	9,6772	78,0677	9,6772	73,2934	9,6772	67,4474	
9,84118	75,688	9,84118	73,2876	9,84118	67,5873	9,84118	79,0508	9,84118	73,292	9,84118	67,4469	
10,0049	76,2002	10,0049	73,2868	10,0049	67,5879	10,0049	76,9798	10,0049	73,2921	10,0049	67,4472	
10,1691	75,6895	10,1691	73,2869	10,1691	67,5883	10,1691	78,1566	10,1691	73,2938	10,1691	67,4476	
10,3331	76,1972	10,3331	73,2871	10,3331	67,5886	10,3331	79,181	10,3331	73,2937	10,3331	67,447	
10,4975	76,1487	10,4975	73,2871	10,4975	67,5889	10,4975	78,3996	10,4975	73,293	10,4975	67,4471	
10,6615	76,2041	10,6615	73,2875	10,6615	67,5876	10,6615	78,0626	10,6615	73,2926	10,6615	67,4474	
10,8268	76,2051	10,8268	73,2873	10,8268	67,5881	10,8268	72,5915	10,8268	73,2914	10,8268	67,4473	
10,9908	75,6809	10,9908	73,2868	10,9908	67,5881	10,9908	78,0579	10,9908	73,2913	10,9908	67,447	
11,1553	76,2128	11,1553	73,2851	11,1553	67,5881	11,1553	77,3642	11,1553	73,2927	11,1553	67,4469	
11,319	75,6893	11,319	73,2854	11,319	67,5879	11,319	78,0805	11,319	73,2924	11,319	67,4473	
11,4828	76,205	11,4828	73,2866	11,4828	67,5877	11,4828	77,4299	11,4828	73,2916	11,4828	67,4463	
11,6468	76,1986	11,6468	73,2861	11,6468	67,5878	11,6468	78,1388	11,6468	73,2917	11,6468	67,4466	
11,8105	75,6846	11,8105	73,2868	11,8105	67,588	11,8105	78,1851	11,8105	73,2917	11,8105	67,4469	
11,9747	76,1578	11,9747	73,2872	11,9747	67,5887	11,9747	78,3037	11,9747	73,2942	11,9747	67,4471	
12,1382	76,2046	12,1382	73,2836	12,1382	67,588	12,1382	81,4741	12,1382	73,2925	12,1382	67,4467	
12,3022	76,1443	12,3022	73,2865	12,3022	67,5882	12,3022	79,4697	12,3022	73,295	12,3022	67,4471	
12,4662	76,2039	12,4662	73,286	12,4662	67,588	12,4662	78,0269	12,4662	73,2927	12,4662	67,4469	
12,6301	76,198	12,6301	73,2875	12,6301	67,5877	12,6301	75,6055	12,6301	73,2927	12,6301	67,4476	
12,7941	76,2049	12,7941	73,2879	12,7941	67,5882	12,7941	78,0548	12,7941	73,2916	12,7941	67,4468	
12,958	75,6866	12,958	73,2879	12,958	67,5882	12,958	77,678	12,958	73,2918	12,958	67,4467	
13,1215	76,2045	13,1215	73,2879	13,1215	67,588	13,1215	78,3624	13,1215	73,2927	13,1215	67,4471	
13,2866	76,196	13,2866	73,2853	13,2866	67,5875	13,2866	83,2486	13,2866	73,2914	13,2866	67,4467	
13,4506	75,6829	13,4506	73,2868	13,4506	67,5877	13,4506	78,0853	13,4506	73,2926	13,4506	67,447	
13,6145	76,1982	13,6145	73,2863	13,6145	67,5886	13,6145	77,344	13,6145	73,292	13,6145	67,447	
13,7782	76,1992	13,7782	73,2863	13,7782	67,5892	13,7782	74,5938	13,7782	73,2918	13,7782	67,4462	
13,9425	76,1992	13,9425	73,2876	13,9425	67,588	13,9425	78,3058	13,9425	73,2927	13,9425	67,447	
14,107	75,6835	14,107	73,2871	14,107	67,5885	14,107	78,0358	14,107	73,293	14,107	67,4469	
14,2713	75,6888	14,2713	73,2867	14,2713	67,5884	14,2713	77,3192	14,2713	73,2922	14,2713	67,4465	
14,4347	76,2033	14,4347	73,2859	14,4347	67,5878	14,4347	61,9037	14,4347	73,2904	14,4347	67,4469	
14,5987	76,2033	14,5987	73,2873	14,5987	67,5882	14,5987	78,4003	14,5987	73,2919	14,5987	67,4472	
14,7624	76,2013	14,7624	73,2878	14,7624	67,5889	14,7624	76,6088	14,7624	73,2911	14,7624	67,4467	
14,9264	76,1529	14,9264	73,2872	14,9264	67,5879	14,9264	78,4395	14,9264	73,2913	14,9264	67,447	
15,0901	75,6833	15,0901	73,287	15,0901	67,5881	15,0901	77,6907	15,0901	73,291	15,0901	67,4473	
15,2535	76,2056	15,2535	73,2872	15,2535	67,5888	15,2535	78,0587	15,2535	73,2908	15,2535	67,4471	
15,417	76,1532	15,417	73,2873	15,417	67,5885	15,417	76,059	15,417	73,2905	15,417	67,4473	
15,5809	76,1571	15,5809	73,2878	15,5809	67,5884	15,5809	78,5711	15,5809	73,2928	15,5809	67,4464	
15,7447	76,2059	15,7447	73,2872	15,7447	67,5887	15,7447	78,4111	15,7447	73,2894	15,7447	67,4464	
15,9084	76,1978	15,9084	73,2877	15,9084	67,5887	15,9084	78,2537	15,9084	73,2919	15,9084	67,4463	
16,0721	76,1976	16,0721	73,2868	16,0721	67,5883	16,0721	77,5611	16,0721	73,2904	16,0721	67,4464	
16,2364	75,6831	16,2364	73,2874	16,2364	67,5891	16,2364	78,1176	16,2364	73,2898	16,2364	67,4467	
16,4001	76,2049	16,4001	73,2867	16,4001	67,5891	16,4001	77,5933	16,4001	73,2928	16,4001	67,4467	
16,564	76,1928	16,564	73,2877	16,564	67,5882	16,564	78,1645	16,564	73,2915	16,564	67,4466	
16,7275	75,6852	16,7275	73,2857	16,7275	67,5881	16,7275	75,2854	16,7275	73,2907	16,7275	67,4465	
16,8909	75,6844	16,8909	73,2883	16,8909	67,5884	16,8909	78,0269	16,8909	73,2914	16,8909	67,4467	
17,0546	76,1969	17,0546	73,2874	17,0546	67,5891	17,0546	76,3365	17,0546	73,2922	17,0546	67,4475	
17,2189	76,198	17,2189	73,2872	17,2189	67,5891	17,2189	79,6833	17,2189	73,2918	17,2189	67,4462	
17,3826	76,1983	17,3826	73,2922	17,3826	67,5913	17,3826	71,1539	17,3826	73,2913	17,3826	67,4467	
17,5463	76,1956	17,5463	73,3035	17,5463	67,598	17,5463	78,0444	17,5463	73,2919	17,5463	67,4464	
17,71	76,1893	17,71	73,3168	17,71	67,6051	17,71	78,0733	17,71	73,2903	17,71	67,4468	
17,8742	76,196	17,8742	73,3303	17,8742	67,6128	17,8742	78,6283	17,8742	73,2907	17,8742	67,4464	
18,0382	76,1876	18,0382	73,3419	18,0382	67,6192	18,0382	80,2878	18,0382	83,3405	18,0382	78,2823	
18,2022	75,6634	18,2022	73,3535	18,2022	67,6265	18,2022	78,0532	18,2022	73,2993	18,2022	67,4448	
18,3662	76,1917	18,3662	73,3642	18,3662	67,6307	18,3662	78,0759	18,3662	73,2993	18,3662	67,4446	
18,5299	76,188	18,5299	73,3739	18,5299	67,6365	18,5299	78,1197	18,5299	73,2999	18,5299	67,4444	
18,6936	75,6588	18,6936	73,3815	18,6936	67,6412	18,6936	77,4113	18,6936	73,2997	18,6936	67,4448	
18,8576	76,1952	18,8576	73,3923	18,8576	67,6468	18,8576	78,2492	18,8576	73,2998	18,8576	67,4452	
19,0215	76,1943	19,0215	73,3992	19,0215	67,6521	19,0215	78,4843	19,0215	73,3002	19,0215	67,4456	
19,1856	75,6577	19,1856	73,4078	19,1856	67,6566	19,1856	77,2518	19,1856	73,3005	19,1856	67,4451	
19,3493	76,1191	19,3493	73,4174	19,3493	67,6615	19,3493	77,3631	19,3493	73,3014	19,3493	67,4457	
19,5132	76,1841	19,5132	73,4249	19,5132	67,666	19,5132	77,5941	19,5132	73,3014	19,5132	67,4457	
19,6769	75,638	19,6769	73,4357	19,6769	67,6717	19,6769	78,0816	19,6769	73,3021	19,6769	67,446	
19,8406	75,6369	19,8406	73,4444	19,8406	67,6764	19,8406	78,0839	19,8406	73,3025	19,8406	67,4458	
20,0041	76,1787	20,0041	73,4539	20,0041	67,6814	20,0041	78,3322	20,0041	73,303	20,0041	67,4461	
20,1681	76,1266	20,1681	73,4637	20,1681	67,6863	20,1681	78,0493	20,1681	73,303	20,1681	67,4462	
20,3318	75,6346	20,3318	73,474	20,3318	67,6914	20,3318	76,7264	20,3318	73,3014	20,3318	67,4462	
20,4955	75,627	20,4955	73,4863	20,4955	67,6978	20,4955	78,0697	20,4955	73,3045	20,4955	67,4464	
20,6592	76,1124	20,6592	73,4959	20,6592	67,7042	20,6592	78,081	20,6592	73,3046	20,6592	67,4466	
20,8232	75,6135	20,8232	73,5079	20,8232	67,7104	20,8232	77,6767	20,8232	73,3077	20,8232	67,4467	
20,9875	76,165	20,9875	73,519	20,9875	67,7169	20,9875	78,4122	20,9875	73,3047	20,9875	67,4467	
21,1509	75,6173	21,1509	73,5328	21,1509	67,7238	21,1509	78,0587	21,1509	73,3036	21,1509	67,4471	
21,3149	76,1671	21,3149	73,5457	21,3149	67,7294	21,3149	78,7425	21,3149	73,3062	21,3149	67,4469	
21,4788	76,1141	21,4788	73,5603	21,4788	67,7366	21,4788	78,0518	21,4788	73,306	21,4788	67,4473	
21,6423	76,167	21,6423	73,5709	21,6423	67,7417	21,6423	78,0742	21,6423	73,305	21,6423	67,4472	
21,806	75,5976	21,806	73,5809	21,806	67,7453	21,806	78,0975	21,806	73,3046	21,806	67,4471	
21,9699	75,5968	21,9699	73,5861	21,9699	67,749	21,9699	78,144	21,9699	73,3065	21,9699	67,4477	
22,1334	75,6018	22,1334	73,5926	22,1334	67,7508	22,1334	78,1472	22,1334	72,6014	22,1334	67,4471	
22,2974	76,0799	22,2974	73,5953	22,2974	67,7517	22,2974	75,1999	22,2974	74,1138	22,2974	68,3929	
22,4619	76,1494	22,4619	73,5974	22,4619	67,7537	22,4619	77,4167	22,4619	73,3026	22,4619	67,4468	
22,6264	76,103	22,6264	73,6011	22,6264	67,754	22,6264	78,1021	22,6264	73,3043	22,6264	67,4469	
22,7907	76,1588	22,7907	73,5999	22,7907	67,7545	22,7907	76,7363	22,7907	73,3034	22,7907	67,4466	
22,9541	75,5942	22,9541	73,6036	22,9541	67,7567	22,9541	78,5712	22,9541	73,3026	22,9541	67,4468	
23,1178	75,5978	23,1178	73,6046	23,1178	67,7558	23,1178	78,0624	23,1178	73,3036	23,1178	67,4469	
23,2813	76,1636	23,2813	73,6047	23,2813	67,757	23,2813	80,0283	23,2813	73,3043	23,2813	67,4464	
23,4456	75,5902	23,4456	73,605	23,4456	67,758	23,4456	78,0761	23,4456	73,3034	23,4456	67,4467	
23,6096	75,5894	23,6096	73,6057	23,6096	67,7578	23,6096	77,2761	23,6096	73,3036	23,6096	67,4466	
23,7733	75,5934	23,7733	73,6085	23,7733	67,7581	23,7733	88,5379	23,7733	73,3042	23,7733	67,4475	
23,937	75,5889	23,937	73,6046	23,937	67,7582	23,937	78,078	23,937	73,3047	23,937	67,4466	
24,1011	76,0954	24,1011	73,6084	24,1011	67,7591	24,1011	78,0652	24,1011	73,3048	24,1011	67,447	
24,2645	75,5972	24,2645	73,6097	24,2645	67,7594	24,2645	76,6243	24,2645	73,3039	24,2645	67,4468	
24,4282	76,0828	24,4282	73,6061	24,4282	67,7591	24,4282	78,2847	24,4282	73,3037	24,4282	67,4468	
24,5919	76,159	24,5919	73,6106	24,5919	67,7595	24,5919	77,5042	24,5919	73,3031	24,5919	67,4466	
24,7553	75,5911	24,7553	73,6112	24,7553	67,7601	24,7553	82,0491	24,7553	73,3042	24,7553	67,4469	
24,9191	75,5994	24,9191	73,6099	24,9191	67,7605	24,9191	78,2058	24,9191	73,3041	24,9191	67,447	
25,0825	75,5918	25,0825	73,6038	25,0825	67,7609	25,0825	77,5725	25,0825	73,3041	25,0825	67,4471	
25,2465	75,5912	25,2465	73,6105	25,2465	67,7607	25,2465	77,3229	25,2465	73,3041	25,2465	67,4467	
25,4105	75,5922	25,4105	73,609	25,4105	67,7603	25,4105	78,0491	25,4105	73,3046	25,4105	67,4469	
25,5746	75,5928	25,5746	73,6051	25,5746	67,7597	25,5746	78,0896	25,5746	73,306	25,5746	67,4472	
25,7399	76,0994	25,7399	73,6085	25,7399	67,7587	25,7399	78,0679	25,7399	73,304	25,7399	67,4474	
25,9047	75,5923	25,9047	73,6042	25,9047	67,7569	25,9047	78,0545	25,9047	73,3034	25,9047	67,4477	
26,0692	75,5817	26,0692	73,6028	26,0692	67,7546	26,0692	78,0479	26,0692	73,3044	26,0692	67,4474	
26,2335	75,5966	26,2335	73,5984	26,2335	67,7526	26,2335	81,591	26,2335	73,3042	26,2335	67,4466	
26,3978	75,5938	26,3978	73,5976	26,3978	67,752	26,3978	78,0795	26,3978	73,3041	26,3978	67,4462	
26,5614	76,0937	26,5614	73,5947	26,5614	67,751	26,5614	75,0987	26,5614	73,3038	26,5614	67,4467	
26,7252	76,0982	26,7252	73,5928	26,7252	67,7496	26,7252	75,1784	26,7252	73,3038	26,7252	67,4464	
26,8905	75,5914	26,8905	73,5913	26,8905	67,7484	26,8905	78,1064	26,8905	73,3048	26,8905	67,4467	
27,0545	76,0939	27,0545	73,5898	27,0545	67,7479	27,0545	73,2973	27,0545	73,3037	27,0545	67,4465	
27,2187	75,5956	27,2187	73,5876	27,2187	67,7468	27,2187	78,5649	27,2187	73,3047	27,2187	67,4471	
27,3821	75,6003	27,3821	73,5847	27,3821	67,7466	27,3821	78,2996	27,3821	73,3039	27,3821	67,4476	
27,5466	75,6003	27,5466	73,5832	27,5466	67,7458	27,5466	78,3345	27,5466	73,3043	27,5466	67,4468	
27,7111	75,5964	27,7111	73,5836	27,7111	67,745	27,7111	78,0383	27,7111	73,305	27,7111	67,4473	
27,875	75,601	27,875	73,5828	27,875	67,7449	27,875	78,1399	27,875	73,3049	27,875	67,4474	
28,039	75,5963	28,039	73,5798	28,039	67,7433	28,039	77,488	28,039	73,3044	28,039	67,4473	
28,2036	76,1583	28,2036	73,5804	28,2036	67,7425	28,2036	78,0191	28,2036	73,304	28,2036	67,4473	
28,3678	76,1008	28,3678	73,5781	28,3678	67,7418	28,3678	78,0681	28,3678	73,304	28,3678	67,4469	
28,5331	75,596	28,5331	73,5769	28,5331	67,7417	28,5331	77,2483	28,5331	73,3043	28,5331	67,4471	
28,6979	75,5943	28,6979	73,5781	28,6979	67,7418	28,6979	78,1495	28,6979	73,3047	28,6979	67,4467	
28,8624	76,0878	28,8624	73,575	28,8624	67,7411	28,8624	78,8592	28,8624	73,3049	28,8624	67,4465	
29,027	76,0967	29,027	73,5725	29,027	67,741	29,027	77,4342	29,027	73,3037	29,027	67,4472	
29,191	76,1009	29,191	73,5738	29,191	67,7405	29,191	78,0269	29,191	73,3033	29,191	67,4476	
29,355	76,1682	29,355	73,5732	29,355	67,7396	29,355	78,0805	29,355	73,3041	29,355	67,4467	
29,519	75,6019	29,519	73,5709	29,519	67,7392	29,519	78,2288	29,519	73,305	29,519	67,4469	
29,6835	75,5997	29,6835	73,5714	29,6835	67,7393	29,6835	78,1549	29,6835	73,3031	29,6835	67,4472	
29,8477	75,6028	29,8477	73,5674	29,8477	67,7383	29,8477	78,07	29,8477	73,3051	29,8477	67,4476	
30,0128	75,6029	30,0128	73,5691	30,0128	67,7378	30,0128	78,0478	30,0128	73,3045	30,0128	67,4472	
30,1768	76,1629	30,1768	73,5693	30,1768	67,7375	30,1768	78,1126	30,1768	73,3041	30,1768	67,4475	
30,3405	75,5962	30,3405	73,5676	30,3405	67,7369	30,3405	78,4544	30,3405	73,3084	30,3405	67,4468	
30,5042	76,1592	30,5042	73,5658	30,5042	67,7375	30,5042	78,1288	30,5042	73,3084	30,5042	67,447	
30,6687	75,5994	30,6687	73,5639	30,6687	67,737	30,6687	78,0782	30,6687	73,3043	30,6687	67,4473	
30,8324	76,1576	30,8324	73,5653	30,8324	67,736	30,8324	77,5531	30,8324	73,3045	30,8324	67,447	
30,9967	75,6009	30,9967	73,5661	30,9967	67,7356	30,9967	78,0947	30,9967	73,3044	30,9967	67,4473	
31,1604	75,6013	31,1604	73,5641	31,1604	67,7347	31,1604	78,7905	31,1604	73,3033	31,1604	67,4476	
31,3246	75,5993	31,3246	73,5641	31,3246	67,7356	31,3246	77,2839	31,3246	73,3041	31,3246	67,4472	
31,4887	75,6008	31,4887	73,5641	31,4887	67,7357	31,4887	78,8438	31,4887	73,3046	31,4887	67,4475	
31,6529	75,6001	31,6529	73,5635	31,6529	67,7348	31,6529	78,0705	31,6529	73,3047	31,6529	67,4468	
31,8177	76,1592	31,8177	73,5625	31,8177	67,7344	31,8177	78,0834	31,8177	73,3049	31,8177	67,4475	
31,9817	76,1603	31,9817	73,5618	31,9817	67,7337	31,9817	78,0373	31,9817	73,3038	31,9817	67,4469	
32,1459	75,6016	32,1459	73,5601	32,1459	67,7339	32,1459	77,4764	32,1459	73,3034	32,1459	67,4468	
32,3101	75,6033	32,3101	73,5582	32,3101	67,7333	32,3101	78,4647	32,3101	73,3046	32,3101	67,4472	
32,4747	75,6012	32,4747	73,562	32,4747	67,7336	32,4747	78,1693	32,4747	73,3042	32,4747	67,4475	
32,6384	76,1647	32,6384	73,5594	32,6384	67,7328	32,6384	78,0361	32,6384	73,3044	32,6384	67,4471	
32,8027	75,6021	32,8027	73,5593	32,8027	67,7329	32,8027	78,3153	32,8027	73,3048	32,8027	67,4472	
32,9677	75,6056	32,9677	73,5613	32,9677	67,7332	32,9677	78,0406	32,9677	73,3037	32,9677	67,447	
33,1317	76,0736	33,1317	73,5585	33,1317	67,7319	33,1317	78,2166	33,1317	73,3038	33,1317	67,4467	
33,2957	75,6033	33,2957	73,5575	33,2957	67,7326	33,2957	78,081	33,2957	73,3049	33,2957	67,4462	
33,4599	75,6	33,4599	73,5557	33,4599	67,7313	33,4599	78,0287	33,4599	73,3042	33,4599	67,4462	
33,6244	76,1616	33,6244	73,5575	33,6244	67,7308	33,6244	78,0323	33,6244	73,3031	33,6244	67,4472	
33,7882	75,6009	33,7882	73,5572	33,7882	67,7327	33,7882	78,213	33,7882	73,3047	33,7882	67,4477	
33,9532	75,6025	33,9532	73,5562	33,9532	67,7308	33,9532	78,7334	33,9532	73,304	33,9532	67,447	
34,117	75,6067	34,117	73,5576	34,117	67,7312	34,117	78,5808	34,117	73,3053	34,117	67,447	
34,2809	75,6029	34,2809	73,5549	34,2809	67,7307	34,2809	78,0823	34,2809	73,3075	34,2809	67,4474	
34,4454	75,6031	34,4454	73,5533	34,4454	67,7301	34,4454	78,1146	34,4454	73,306	34,4454	67,4472	
34,6094	75,6033	34,6094	73,5549	34,6094	67,7298	34,6094	78,0527	34,6094	73,3033	34,6094	67,4471	
34,7731	75,6034	34,7731	73,5542	34,7731	67,7295	34,7731	78,8851	34,7731	73,305	34,7731	67,447	
34,9368	75,6026	34,9368	73,5516	34,9368	67,7296	34,9368	78,0388	34,9368	73,3054	34,9368	67,4475	
35,1012	75,6071	35,1012	73,5519	35,1012	67,7307	35,1012	76,2202	35,1012	73,3061	35,1012	67,4473	
35,2653	76,1679	35,2653	73,552	35,2653	67,7292	35,2653	78,2174	35,2653	73,3053	35,2653	67,4469	
35,4293	76,166	35,4293	73,5495	35,4293	67,7302	35,4293	79,3416	35,4293	73,3043	35,4293	67,4474	
35,5933	76,0984	35,5933	73,5522	35,5933	67,7283	35,5933	78,1387	35,5933	73,3051	35,5933	67,4476	
35,7575	76,1706	35,7575	73,5525	35,7575	67,7282	35,7575	78,047	35,7575	73,3045	35,7575	67,4474	
35,9215	76,1648	35,9215	73,5528	35,9215	67,7291	35,9215	78,0679	35,9215	73,3048	35,9215	67,4471	
36,086	75,6048	36,086	73,5471	36,086	67,7283	36,086	78,0699	36,086	73,303	36,086	67,4471	
36,2503	75,6004	36,2503	73,5514	36,2503	67,7284	36,2503	78,0207	36,2503	73,304	36,2503	67,4472	
36,4143	76,1575	36,4143	73,5516	36,4143	67,7277	36,4143	78,1401	36,4143	73,3048	36,4143	67,4476	
36,578	75,6035	36,578	73,5493	36,578	67,7282	36,578	78,0597	36,578	73,3044	36,578	67,4466	
36,7421	75,5864	36,7421	73,5491	36,7421	67,7277	36,7421	78,1018	36,7421	73,3045	36,7421	67,4475	
36,9064	75,6064	36,9064	73,5483	36,9064	67,7281	36,9064	78,0387	36,9064	73,3046	36,9064	67,447	
37,0699	75,6058	37,0699	73,546	37,0699	67,7266	37,0699	78,9178	37,0699	73,3041	37,0699	67,4468	
37,2336	75,6051	37,2336	73,5462	37,2336	67,726	37,2336	77,0246	37,2336	73,304	37,2336	67,4467	
37,3981	76,1627	37,3981	73,545	37,3981	67,7262	37,3981	78,0823	37,3981	73,3042	37,3981	67,4467	
37,5623	75,6	37,5623	73,5472	37,5623	67,7267	37,5623	78,1492	37,5623	73,3041	37,5623	67,4471	
37,7271	75,6015	37,7271	73,545	37,7271	67,7256	37,7271	77,414	37,7271	73,3052	37,7271	67,4471	
37,891	75,6089	37,891	73,5462	37,891	67,7256	37,891	76,6949	37,891	73,3041	37,891	67,4472	
38,0554	75,5974	38,0554	73,5435	38,0554	67,726	38,0554	77,3436	38,0554	73,3041	38,0554	67,447	
38,2193	75,6038	38,2193	73,5456	38,2193	67,7265	38,2193	78,0897	38,2193	73,303	38,2193	67,4471	
38,3836	75,6117	38,3836	73,5445	38,3836	67,7248	38,3836	78,0589	38,3836	73,3052	38,3836	67,4466	
38,5472	75,6003	38,5472	73,5446	38,5472	67,7258	38,5472	78,2533	38,5472	73,3032	38,5472	67,447	
38,7115	75,6059	38,7115	73,5422	38,7115	67,7243	38,7115	78,1677	38,7115	73,3049	38,7115	67,4469	
38,8754	75,6057	38,8754	73,5452	38,8754	67,7258	38,8754	77,2055	38,8754	73,3026	38,8754	67,4471	
39,04	76,153	39,04	73,5417	39,04	67,726	39,04	78,0635	39,04	73,3037	39,04	67,4471	
39,2043	75,6062	39,2043	73,5443	39,2043	67,7246	39,2043	76,109	39,2043	73,3053	39,2043	67,4471	
39,3683	75,6095	39,3683	73,5418	39,3683	67,7254	39,3683	78,0439	39,3683	73,3043	39,3683	67,4466	
39,5325	75,6026	39,5325	73,5439	39,5325	67,7246	39,5325	78,2041	39,5325	73,304	39,5325	67,4464	
39,6968	76,1683	39,6968	73,5457	39,6968	67,7238	39,6968	78,0792	39,6968	73,3041	39,6968	67,4469	
39,8608	76,0876	39,8608	73,5436	39,8608	67,7249	39,8608	78,1816	39,8608	73,3048	39,8608	67,4466	
40,025	75,6054	40,025	73,5401	40,025	67,7254	40,025	80,3751	40,025	73,3048	40,025	67,4471	
40,1889	76,1662	40,1889	73,5431	40,1889	67,7234	40,1889	78,0669	40,1889	73,3034	40,1889	67,4468	
40,3527	76,1658	40,3527	73,5423	40,3527	67,7242	40,3527	76,99	40,3527	73,3067	40,3527	67,4471	
40,5172	75,6067	40,5172	73,5413	40,5172	67,7247	40,5172	77,5783	40,5172	73,3046	40,5172	67,4469	
40,6811	75,5913	40,6811	73,5425	40,6811	67,7247	40,6811	78,1396	40,6811	73,3077	40,6811	67,4471	
40,8448	75,5985	40,8448	73,5406	40,8448	67,7243	40,8448	78,1749	40,8448	73,3043	40,8448	67,4472	
41,0085	75,6048	41,0085	73,5431	41,0085	67,7229	41,0085	78,1787	41,0085	73,3033	41,0085	67,4473	
41,1739	76,16	41,1739	73,5393	41,1739	67,7231	41,1739	78,3489	41,1739	73,3043	41,1739	67,4471	
41,3381	75,6073	41,3381	73,5413	41,3381	67,7227	41,3381	76,9388	41,3381	73,3044	41,3381	67,4469	
41,503	75,6034	41,503	73,5403	41,503	67,7236	41,503	78,5731	41,503	73,3042	41,503	67,4469	
41,6672	75,6039	41,6672	73,5405	41,6672	67,7239	41,6672	78,2768	41,6672	73,3034	41,6672	67,4471	
41,8312	75,6069	41,8312	73,5396	41,8312	67,7223	41,8312	78,1046	41,8312	73,3042	41,8312	67,4472	
41,9962	75,6076	41,9962	73,5385	41,9962	67,7224	41,9962	78,0328	41,9962	73,3036	41,9962	67,4468	
42,1604	76,0893	42,1604	73,5383	42,1604	67,7227	42,1604	79,2483	42,1604	73,3037	42,1604	67,4472	
42,3246	75,6026	42,3246	73,5394	42,3246	67,7231	42,3246	78,0374	42,3246	73,3036	42,3246	67,4471	
42,4889	75,6033	42,4889	73,5393	42,4889	67,7224	42,4889	78,8368	42,4889	73,3039	42,4889	67,4469	
42,654	75,6103	42,654	73,5373	42,654	67,7228	42,654	78,4764	42,654	73,3042	42,654	67,447	
42,8183	75,6025	42,8183	73,5378	42,8183	67,7226	42,8183	78,4239	42,8183	73,3071	42,8183	67,4472	
42,982	75,6045	42,982	73,5384	42,982	67,7226	42,982	78,1224	42,982	73,3071	42,982	67,4468	
43,146	76,1635	43,146	73,5378	43,146	67,7224	43,146	78,0598	43,146	73,3054	43,146	67,4473	
43,3103	75,6013	43,3103	73,5353	43,3103	67,7213	43,3103	78,1139	43,3103	73,3032	43,3103	67,4476	
43,474	75,6031	43,474	73,5339	43,474	67,7205	43,474	78,1385	43,474	73,3026	43,474	67,4462	
43,6385	75,6043	43,6385	73,5329	43,6385	67,72	43,6385	80,405	43,6385	73,3019	43,6385	67,4454	
43,8044	75,5992	43,8044	73,5339	43,8044	67,7199	43,8044	78,3309	43,8044	73,3038	43,8044	67,4453	
43,9689	76,0998	43,9689	73,5326	43,9689	67,7203	43,9689	78,0238	43,9689	73,3037	43,9689	67,4456	
44,1332	76,0976	44,1332	73,5367	44,1332	67,7201	44,1332	78,1176	44,1332	73,3032	44,1332	67,4464	
44,2971	75,6002	44,2971	73,5335	44,2971	67,7208	44,2971	78,022	44,2971	73,3026	44,2971	67,4462	
44,4611	75,6053	44,4611	73,5349	44,4611	67,7204	44,4611	78,0546	44,4611	73,3013	44,4611	67,4464	
44,6256	75,6055	44,6256	73,5332	44,6256	67,721	44,6256	78,1374	44,6256	73,3023	44,6256	67,4463	
44,7899	76,1646	44,7899	73,5331	44,7899	67,7207	44,7899	78,1299	44,7899	73,304	44,7899	67,4466	
44,9539	75,6037	44,9539	73,5336	44,9539	67,7206	44,9539	78,1015	44,9539	73,3035	44,9539	67,4465	
45,1176	75,6035	45,1176	73,5332	45,1176	67,7207	45,1176	77,1444	45,1176	73,3034	45,1176	67,4463	
45,2825	75,6076	45,2825	73,5335	45,2825	67,7208	45,2825	79,5537	45,2825	73,3029	45,2825	67,4465	
45,4468	76,1663	45,4468	73,5326	45,4468	67,7207	45,4468	78,0645	45,4468	73,3038	45,4468	67,447	
45,611	75,6083	45,611	73,5373	45,611	67,7212	45,611	78,8035	45,611	73,3049	45,611	67,4466	
45,7747	75,6077	45,7747	73,534	45,7747	67,7206	45,7747	78,1308	45,7747	73,3055	45,7747	67,447	
45,9381	75,6084	45,9381	73,5349	45,9381	67,7205	45,9381	78,3895	45,9381	73,3033	45,9381	67,4472	
46,1029	75,6012	46,1029	73,5334	46,1029	67,7199	46,1029	78,118	46,1029	73,305	46,1029	67,4472	
46,2674	76,1605	46,2674	73,5328	46,2674	67,7206	46,2674	78,5786	46,2674	73,3054	46,2674	67,4468	
46,4316	75,6135	46,4316	73,5313	46,4316	67,7192	46,4316	76,5417	46,4316	73,304	46,4316	67,4471	
46,5957	75,5947	46,5957	73,5311	46,5957	67,7195	46,5957	78,8353	46,5957	73,3038	46,5957	67,4466	
46,7596	75,6055	46,7596	73,5376	46,7596	67,7203	46,7596	78,0545	46,7596	73,3043	46,7596	67,4468	
46,9239	76,1657	46,9239	73,5323	46,9239	67,7196	46,9239	78,0695	46,9239	73,3042	46,9239	67,447	
47,0876	75,6091	47,0876	73,5322	47,0876	67,7203	47,0876	78,498	47,0876	73,3038	47,0876	67,4474	
47,2518	75,6056	47,2518	73,5315	47,2518	67,7198	47,2518	77,7198	47,2518	73,3047	47,2518	67,4474	
47,4164	76,1596	47,4164	73,5315	47,4164	67,7199	47,4164	78,6758	47,4164	73,3037	47,4164	67,4469	
47,5804	75,6097	47,5804	73,531	47,5804	67,7197	47,5804	78,2805	47,5804	73,3055	47,5804	67,4465	
47,7444	76,1102	47,7444	73,5293	47,7444	67,7196	47,7444	77,1415	47,7444	73,3042	47,7444	67,4475	
47,9086	75,6153	47,9086	73,5297	47,9086	67,7197	47,9086	76,1171	47,9086	73,3025	47,9086	67,4474	
48,0724	75,6114	48,0724	73,5306	48,0724	67,7194	48,0724	78,149	48,0724	73,3025	48,0724	67,4471	
48,2366	76,1609	48,2366	73,5302	48,2366	67,7191	48,2366	78,1889	48,2366	73,3034	48,2366	67,447	
48,4006	76,1683	48,4006	73,5341	48,4006	67,7195	48,4006	78,0665	48,4006	73,303	48,4006	67,4473	
48,5646	75,6093	48,5646	73,5319	48,5646	67,7192	48,5646	80,2233	48,5646	73,3044	48,5646	67,4468	
48,7288	75,6061	48,7288	73,5297	48,7288	67,7184	48,7288	78,2785	48,7288	73,3032	48,7288	67,4473	
48,8928	75,6062	48,8928	73,5277	48,8928	67,7184	48,8928	76,8826	48,8928	73,3038	48,8928	67,4474	
49,0573	75,6106	49,0573	73,5298	49,0573	67,7187	49,0573	78,1283	49,0573	73,3038	49,0573	67,448	
49,2215	76,1662	49,2215	73,5316	49,2215	67,7185	49,2215	78,0744	49,2215	73,3041	49,2215	67,4471	
49,3853	75,603	49,3853	73,5292	49,3853	67,7175	49,3853	78,8703	49,3853	73,3034	49,3853	67,4479	
49,549	75,6067	49,549	73,5278	49,549	67,7182	49,549	77,6002	49,549	73,3024	49,549	67,4471	
49,7132	76,1096	49,7132	73,5297	49,7132	67,7179	49,7132	78,065	49,7132	73,3034	49,7132	67,4473	
49,8774	76,1108	49,8774	73,529	49,8774	67,7183	49,8774	77,3935	49,8774	73,3078	49,8774	67,4472	
50,042	75,612	50,042	73,5281	50,042	67,7182	50,042	78,04	50,042	73,3028	50,042	67,4469	
50,2065	76,1602	50,2065	73,5275	50,2065	67,7178	50,2065	78,1026	50,2065	73,3041	50,2065	67,4468	
50,3705	75,5921	50,3705	73,5289	50,3705	67,7178	50,3705	78,0418	50,3705	73,3036	50,3705	67,4474	
50,5345	76,1679	50,5345	73,5284	50,5345	67,7178	50,5345	78,0681	50,5345	73,3031	50,5345	67,4471	
50,6984	76,1021	50,6984	73,5279	50,6984	67,7166	50,6984	78,0811	50,6984	73,3029	50,6984	67,4474	
50,8624	76,1685	50,8624	73,5278	50,8624	67,7176	50,8624	78,2108	50,8624	73,3043	50,8624	67,4472	
51,0258	76,1681	51,0258	73,5293	51,0258	67,7176	51,0258	79,8414	51,0258	73,3042	51,0258	67,4468	
51,1895	76,162	51,1895	73,5267	51,1895	67,7179	51,1895	77,5483	51,1895	73,3041	51,1895	67,4469	
51,3535	76,171	51,3535	73,5274	51,3535	67,7161	51,3535	77,3455	51,3535	73,3064	51,3535	67,4471	
51,5175	76,1126	51,5175	73,5244	51,5175	67,717	51,5175	78,2692	51,5175	73,3042	51,5175	67,4473	
51,6818	75,6098	51,6818	73,5273	51,6818	67,7167	51,6818	76,8436	51,6818	73,3026	51,6818	67,4473	
51,846	75,6078	51,846	73,5265	51,846	67,717	51,846	77,071	51,846	73,3033	51,846	67,4473	
52,0097	76,1719	52,0097	73,526	52,0097	67,7167	52,0097	78,4242	52,0097	73,3035	52,0097	67,4476	
52,1734	75,6108	52,1734	73,5261	52,1734	67,7157	52,1734	76,9584	52,1734	73,3045	52,1734	67,4472	
52,3376	76,163	52,3376	73,5259	52,3376	67,7167	52,3376	77,5164	52,3376	73,3041	52,3376	67,4476	
52,5013	75,611	52,5013	73,5262	52,5013	67,7167	52,5013	78,2001	52,5013	73,3044	52,5013	67,4472	
52,6653	76,1594	52,6653	73,5265	52,6653	67,7162	52,6653	77,145	52,6653	73,3046	52,6653	67,4473	
52,8293	76,163	52,8293	73,5265	52,8293	67,7164	52,8293	77,0018	52,8293	73,3047	52,8293	67,4476	
52,993	76,1687	52,993	73,5247	52,993	67,7161	52,993	78,0622	52,993	73,305	52,993	67,4472	
53,1571	75,6112	53,1571	73,5236	53,1571	67,7165	53,1571	78,065	53,1571	73,3044	53,1571	67,4472	
53,3217	75,612	53,3217	73,5246	53,3217	67,7154	53,3217	78,031	53,3217	73,3035	53,3217	67,4475	
53,4857	76,1586	53,4857	73,5241	53,4857	67,7161	53,4857	78,1065	53,4857	73,3048	53,4857	67,4476	
53,6499	75,6134	53,6499	73,5253	53,6499	67,7156	53,6499	77,5712	53,6499	73,3037	53,6499	67,4473	
53,8144	75,6147	53,8144	73,5228	53,8144	67,7154	53,8144	78,0663	53,8144	73,3043	53,8144	67,4474	
53,979	76,1608	53,979	73,5239	53,979	67,7158	53,979	78,7718	53,979	73,3046	53,979	67,4472	
54,1429	76,1611	54,1429	73,5231	54,1429	67,7152	54,1429	78,4019	54,1429	73,3039	54,1429	67,4473	
54,3077	75,6102	54,3077	73,521	54,3077	67,7157	54,3077	78,9641	54,3077	73,3037	54,3077	67,4471	
54,472	75,6116	54,472	73,527	54,472	67,716	54,472	78,1964	54,472	73,3025	54,472	67,4471	
54,6357	76,1644	54,6357	73,5216	54,6357	67,7145	54,6357	78,0359	54,6357	73,3041	54,6357	67,4471	
54,8	75,6122	54,8	73,5221	54,8	67,7152	54,8	78,0686	54,8	73,3087	54,8	67,4471	
54,9642	75,6147	54,9642	73,5239	54,9642	67,7154	54,9642	78,014	54,9642	73,3037	54,9642	67,4474	
55,1285	75,6113	55,1285	73,5219	55,1285	67,7151	55,1285	87,6407	55,1285	73,3037	55,1285	67,4467	
55,2928	75,6123	55,2928	73,5223	55,2928	67,7149	55,2928	78,2514	55,2928	73,3067	55,2928	67,4472	
55,4573	76,167	55,4573	73,5232	55,4573	67,715	55,4573	71,533	55,4573	73,3036	55,4573	67,447	
55,6216	76,1625	55,6216	73,5226	55,6216	67,7151	55,6216	77,1239	55,6216	73,3029	55,6216	67,4475	
55,7855	75,6075	55,7855	73,5221	55,7855	67,7151	55,7855	78,0984	55,7855	73,3046	55,7855	67,4473	
55,9498	75,6121	55,9498	73,5204	55,9498	67,7145	55,9498	76,2633	55,9498	73,3037	55,9498	67,4476	
56,1146	75,6083	56,1146	73,5236	56,1146	67,715	56,1146	78,1328	56,1146	73,3044	56,1146	67,4472	
56,2788	75,6115	56,2788	73,522	56,2788	67,7147	56,2788	78,1243	56,2788	73,3036	56,2788	67,447	
56,4428	75,6122	56,4428	73,5194	56,4428	67,7139	56,4428	78,0462	56,4428	73,3024	56,4428	67,4475	
56,6068	75,6088	56,6068	73,5215	56,6068	67,7139	56,6068	78,3359	56,6068	73,3036	56,6068	67,4477	
56,7708	76,1653	56,7708	73,5205	56,7708	67,7142	56,7708	90,0752	56,7708	73,3034	56,7708	67,4475	
56,9353	75,6156	56,9353	73,5192	56,9353	67,7139	56,9353	78,0271	56,9353	73,3031	56,9353	67,4472	
57,0991	76,1129	57,0991	73,5188	57,0991	67,7132	57,0991	78,0776	57,0991	73,304	57,0991	67,4471	
57,2631	76,1609	57,2631	73,5195	57,2631	67,7137	57,2631	78,1764	57,2631	73,3034	57,2631	67,4472	
57,4273	75,6127	57,4273	73,5232	57,4273	67,7142	57,4273	77,3584	57,4273	73,3047	57,4273	67,4473	
57,5919	75,6166	57,5919	73,5217	57,5919	67,7137	57,5919	80,1322	57,5919	73,3044	57,5919	67,4476	
57,7564	76,1699	57,7564	73,5205	57,7564	67,7135	57,7564	78,08	57,7564	73,304	57,7564	67,4475	
57,9201	76,1622	57,9201	73,5195	57,9201	67,7135	57,9201	78,1442	57,9201	73,3035	57,9201	67,4475	
58,084	75,6111	58,084	73,5177	58,084	67,7135	58,084	78,0787	58,084	73,3053	58,084	67,4472	
58,2482	75,6159	58,2482	73,5196	58,2482	67,7135	58,2482	78,1744	58,2482	73,3035	58,2482	67,4472	
58,4124	75,6158	58,4124	73,5198	58,4124	67,7129	58,4124	76,9449	58,4124	73,3024	58,4124	67,4474	
58,5761	76,1582	58,5761	73,5173	58,5761	67,7134	58,5761	78,3887	58,5761	73,3032	58,5761	67,4468	
58,7404	75,6119	58,7404	73,5197	58,7404	67,713	58,7404	78,0599	58,7404	73,3039	58,7404	67,4472	
58,9049	75,6088	58,9049	73,5194	58,9049	67,7127	58,9049	78,654	58,9049	73,3042	58,9049	67,4473	
59,0688	76,1149	59,0688	73,5192	59,0688	67,7126	59,0688	77,9982	59,0688	73,3031	59,0688	67,447	
59,2331	76,0874	59,2331	73,5195	59,2331	67,7129	59,2331	78,0859	59,2331	73,3041	59,2331	67,4476	
59,3976	76,1589	59,3976	73,5176	59,3976	67,7136	59,3976	75,1692	59,3976	73,3038	59,3976	67,4477	
59,5621	75,6097	59,5621	73,5197	59,5621	67,7129	59,5621	78,1633	59,5621	73,3044	59,5621	67,4473	
59,7264	76,0879	59,7264	73,5193	59,7264	67,7128	59,7264	78,014	59,7264	73,3034	59,7264	67,4474	
59,8912	76,1599	59,8912	73,5178	59,8912	67,712	59,8912	78,1665	59,8912	73,3034	59,8912	67,4471	
60,0556	75,6123	60,0556	73,5182	60,0556	67,7123	60,0556	77,5847	60,0556	73,3032	60,0556	67,447	
60,2193	76,1641	60,2193	73,5186	60,2193	67,7126	60,2193	75,0511	60,2193	73,3029	60,2193	67,4474	
60,3833	76,1674	60,3833	73,5154	60,3833	67,7111	60,3833	78,0536	60,3833	73,3028	60,3833	67,4473	
60,5478	75,6129	60,5478	73,5181	60,5478	67,7122	60,5478	78,0367	60,5478	73,3043	60,5478	67,4472	
60,7118	75,5958	60,7118	73,5175	60,7118	67,7106	60,7118	78,0266	60,7118	73,3078	60,7118	67,4478	
60,8752	76,1621	60,8752	73,5154	60,8752	67,7125	60,8752	78,3032	60,8752	73,3041	60,8752	67,4478	
61,0387	75,6134	61,0387	73,5177	61,0387	67,7107	61,0387	78,1476	61,0387	73,304	61,0387	67,4471	
61,2024	75,6171	61,2024	73,5159	61,2024	67,7118	61,2024	78,471	61,2024	73,3058	61,2024	67,447	
61,3658	76,1592	61,3658	73,5178	61,3658	67,7113	61,3658	78,0544	61,3658	73,3037	61,3658	67,4478	
61,5293	75,6099	61,5293	73,5168	61,5293	67,712	61,5293	78,1198	61,5293	73,3029	61,5293	67,447	
61,6932	76,1067	61,6932	73,5162	61,6932	67,7118	61,6932	78,6227	61,6932	73,3051	61,6932	67,4477	
61,8569	75,61	61,8569	73,5144	61,8569	67,7112	61,8569	78,1502	61,8569	73,3039	61,8569	67,4472	
62,0207	75,6166	62,0207	73,5148	62,0207	67,7114	62,0207	77,539	62,0207	73,3032	62,0207	67,4469	
62,1849	76,162	62,1849	73,516	62,1849	67,7117	62,1849	77,3307	62,1849	73,3039	62,1849	67,4473	
62,3487	75,6133	62,3487	73,5142	62,3487	67,7108	62,3487	77,0039	62,3487	73,305	62,3487	67,4476	
62,5121	75,6142	62,5121	73,5169	62,5121	67,7117	62,5121	78,0383	62,5121	73,304	62,5121	67,447	
62,6758	75,6142	62,6758	73,5144	62,6758	67,7111	62,6758	78,1262	62,6758	73,3034	62,6758	67,4474	
62,8398	76,1659	62,8398	73,5151	62,8398	67,711	62,8398	78,2103	62,8398	73,3045	62,8398	67,4474	
63,0036	75,6175	63,0036	73,5137	63,0036	67,7108	63,0036	78,1004	63,0036	73,3029	63,0036	67,4474	
63,167	75,6133	63,167	73,5136	63,167	67,7109	63,167	77,2555	63,167	73,3042	63,167	67,4472	
63,3308	76,109	63,3308	73,5162	63,3308	67,7107	63,3308	78,0858	63,3308	73,3037	63,3308	67,4474	
63,4945	76,1036	63,4945	73,5151	63,4945	67,7106	63,4945	78,1021	63,4945	73,3036	63,4945	67,4476	
63,6579	76,1702	63,6579	73,5153	63,6579	67,7104	63,6579	78,3247	63,6579	73,3031	63,6579	67,4473	
63,8219	75,6106	63,8219	73,5171	63,8219	67,7105	63,8219	78,1159	63,8219	73,3045	63,8219	67,4474	
63,9853	75,6104	63,9853	73,513	63,9853	67,7101	63,9853	78,0526	63,9853	73,3053	63,9853	67,4478	
64,149	75,6137	64,149	73,5128	64,149	67,7111	64,149	74,573	64,149	73,3043	64,149	67,4471	
64,3128	75,6139	64,3128	73,5139	64,3128	67,7105	64,3128	78,1199	64,3128	73,3029	64,3128	67,4473	
64,477	75,6149	64,477	73,5146	64,477	67,7103	64,477	76,9896	64,477	73,3045	64,477	67,4473	
64,6404	75,61	64,6404	73,5153	64,6404	67,7105	64,6404	78,0328	64,6404	73,3035	64,6404	67,4473	
64,8044	75,6071	64,8044	73,5128	64,8044	67,7098	64,8044	76,9616	64,8044	73,3035	64,8044	67,4475	
64,9687	76,1602	64,9687	73,5125	64,9687	67,71	64,9687	78,1147	64,9687	73,3037	64,9687	67,4476	
65,1326	76,1674	65,1326	73,5137	65,1326	67,7102	65,1326	78,6542	65,1326	73,3039	65,1326	67,4474	
65,2969	75,6136	65,2969	73,5135	65,2969	67,7097	65,2969	78,2333	65,2969	73,3018	65,2969	67,4473	
65,4609	76,1623	65,4609	73,5144	65,4609	67,7099	65,4609	78,0554	65,4609	73,305	65,4609	67,4476	
65,6248	76,172	65,6248	73,5113	65,6248	67,7095	65,6248	78,0983	65,6248	73,3041	65,6248	67,4478	
65,7888	75,6149	65,7888	73,5117	65,7888	67,7097	65,7888	78,0362	65,7888	73,3037	65,7888	67,4474	
65,9523	76,1113	65,9523	73,512	65,9523	67,7103	65,9523	70,3113	65,9523	73,3065	65,9523	67,4477	
66,116	76,1572	66,116	73,513	66,116	67,7089	66,116	78,05	66,116	73,3049	66,116	67,448	
66,2797	76,1698	66,2797	73,513	66,2797	67,7098	66,2797	78,1033	66,2797	73,3034	66,2797	67,4476	
66,4434	76,1732	66,4434	73,5124	66,4434	67,7095	66,4434	75,8376	66,4434	73,3054	66,4434	67,4473	
66,6069	76,1748	66,6069	73,5128	66,6069	67,7095	66,6069	78,4342	66,6069	73,3031	66,6069	67,4474	
66,7706	75,6046	66,7706	73,5355	66,7706	67,7197	66,7706	78,0571	66,7706	73,3038	66,7706	67,4474	
66,9346	75,6038	66,9346	73,566	66,9346	67,7423	66,9346	78,0923	66,9346	73,3039	66,9346	67,4475	
67,0983	75,6048	67,0983	73,5297	67,0983	67,7257	67,0983	78,0675	67,0983	73,3038	67,0983	67,4476	
67,262	76,1159	67,262	73,5259	67,262	67,725	67,262	78,4026	67,262	73,3058	67,262	67,4484	
67,426	75,5964	67,426	73,5211	67,426	67,7247	67,426	78,1184	67,426	73,3055	67,426	67,4488	
67,5906	75,6199	67,5906	73,5121	67,5906	67,7222	67,5906	78,2556	67,5906	73,3069	67,5906	67,4492	
67,7543	76,1657	67,7543	73,5073	67,7543	67,7189	67,7543	78,0672	67,7543	73,3077	67,7543	67,4497	
67,9177	75,622	67,9177	73,4987	67,9177	67,7145	67,9177	78,0845	67,9177	73,3067	67,9177	67,45	
68,0816	75,623	68,0816	73,4912	68,0816	67,7115	68,0816	78,1786	68,0816	73,3066	68,0816	67,4501	
68,2459	75,626	68,2459	73,4816	68,2459	67,7073	68,2459	79,4239	68,2459	73,3081	68,2459	67,45	
68,4096	75,6311	68,4096	73,4752	68,4096	67,704	68,4096	78,2618	68,4096	73,3069	68,4096	67,4501	
68,5736	75,63	68,5736	73,4691	68,5736	67,7004	68,5736	78,0653	68,5736	73,3073	68,5736	67,4504	
68,7379	76,1768	68,7379	73,4612	68,7379	67,6964	68,7379	78,2076	68,7379	73,3067	68,7379	67,4504	
68,9016	76,1826	68,9016	73,4548	68,9016	67,6927	68,9016	78,0803	68,9016	73,3061	68,9016	67,45	
69,0656	76,1776	69,0656	73,4497	69,0656	67,6896	69,0656	78,1889	69,0656	73,307	69,0656	67,4503	
69,2298	75,6362	69,2298	73,4434	69,2298	67,6865	69,2298	115,993	69,2298	73,3056	69,2298	67,4503	
69,3938	76,1752	69,3938	73,4379	69,3938	67,6845	69,3938	77,3193	69,3938	73,307	69,3938	67,4502	
69,5573	76,1826	69,5573	73,4335	69,5573	67,6815	69,5573	78,0089	69,5573	73,3066	69,5573	67,4501	
69,7213	75,6376	69,7213	73,4303	69,7213	67,6788	69,7213	78,1209	69,7213	73,3079	69,7213	67,4505	
69,8855	76,184	69,8855	73,4258	69,8855	67,6774	69,8855	78,613	69,8855	73,3065	69,8855	67,4503	
70,049	75,6435	70,049	73,4219	70,049	67,6751	70,049	78,4649	70,049	73,3077	70,049	67,4501	
70,2124	75,6433	70,2124	73,4159	70,2124	67,6726	70,2124	78,0843	70,2124	73,3071	70,2124	67,4502	
70,3758	76,1807	70,3758	73,4156	70,3758	67,6711	70,3758	78,1422	70,3758	73,308	70,3758	67,4504	
70,5396	76,1832	70,5396	73,4116	70,5396	67,6698	70,5396	78,3085	70,5396	73,307	70,5396	67,4502	
70,703	75,6438	70,703	73,4093	70,703	67,6681	70,703	78,0761	70,703	73,3067	70,703	67,4505	
70,867	75,6475	70,867	73,4054	70,867	67,6675	70,867	-5,67679	70,867	73,3078	70,867	67,4501	
71,0309	76,1768	71,0309	73,4035	71,0309	67,6664	71,0309	78,0498	71,0309	73,3061	71,0309	67,4501	
71,1944	75,6491	71,1944	73,4029	71,1944	67,6648	71,1944	78,0622	71,1944	73,3069	71,1944	67,4498	
71,3581	76,1866	71,3581	73,4011	71,3581	67,6639	71,3581	78,0242	71,3581	73,307	71,3581	67,4499	
71,5221	76,189	71,5221	73,3979	71,5221	67,6627	71,5221	79,2621	71,5221	73,3067	71,5221	67,4499	
71,6857	76,1779	71,6857	73,3969	71,6857	67,6615	71,6857	78,7937	71,6857	73,3083	71,6857	67,4499	
71,8494	76,1821	71,8494	73,3949	71,8494	67,661	71,8494	78,1568	71,8494	73,3071	71,8494	67,4504	
72,0137	75,6555	72,0137	73,3933	72,0137	67,6605	72,0137	78,0296	72,0137	73,308	72,0137	67,4503	
72,1775	75,6522	72,1775	73,3913	72,1775	67,6592	72,1775	78,9405	72,1775	73,3076	72,1775	67,4502	
72,341	75,6526	72,341	73,3925	72,341	67,6583	72,341	78,6124	72,341	73,3092	72,341	67,4506	
72,5052	76,1863	72,5052	73,3911	72,5052	67,6581	72,5052	78,6162	72,5052	73,309	72,5052	67,4503	
72,6687	75,6544	72,6687	73,3877	72,6687	67,6572	72,6687	78,0874	72,6687	73,3115	72,6687	67,4509	
72,8324	75,658	72,8324	73,3883	72,8324	67,6563	72,8324	78,6794	72,8324	73,308	72,8324	67,4505	
72,9959	76,1851	72,9959	73,3862	72,9959	67,6551	72,9959	78,0913	72,9959	73,3094	72,9959	67,45	
73,1596	76,1326	73,1596	73,3844	73,1596	67,6549	73,1596	77,4704	73,1596	73,3084	73,1596	67,4504	
73,3233	75,6618	73,3233	73,3826	73,3233	67,6541	73,3233	78,0642	73,3233	73,3074	73,3233	67,4505	
73,487	76,1801	73,487	73,383	73,487	67,6526	73,487	78,2745	73,487	73,3097	73,487	67,4504	
73,651	76,1879	73,651	73,3834	73,651	67,6525	73,651	76,9515	73,651	73,3076	73,651	67,4506	
73,815	76,178	73,815	73,382	73,815	67,6524	73,815	78,0465	73,815	73,3067	73,815	67,4502	
73,9798	76,1877	73,9798	73,3817	73,9798	67,6509	73,9798	78,2098	73,9798	73,3087	73,9798	67,4505	
74,1434	76,1907	74,1434	73,3786	74,1434	67,6499	74,1434	78,1822	74,1434	73,3094	74,1434	67,4502	
74,3072	75,6589	74,3072	73,3785	74,3072	67,6496	74,3072	78,0399	74,3072	73,309	74,3072	67,4506	
74,4717	76,1823	74,4717	73,3771	74,4717	67,6489	74,4717	78,0183	74,4717	73,306	74,4717	67,4501	
74,6355	76,1796	74,6355	73,375	74,6355	67,6488	74,6355	78,1551	74,6355	73,3083	74,6355	67,4502	
74,7992	76,1792	74,7992	73,372	74,7992	67,6446	74,7992	78,0207	74,7992	73,3088	74,7992	67,4506	
74,9627	76,1875	74,9627	73,3688	74,9627	67,6412	74,9627	81,2371	74,9627	73,3065	74,9627	67,4502	
75,1274	76,1881	75,1274	73,3633	75,1274	67,6375	75,1274	76,9661	75,1274	73,3073	75,1274	67,4504	
75,2916	75,6544	75,2916	73,3613	75,2916	67,6342	75,2916	78,0583	75,2916	73,3077	75,2916	67,4494	
75,4554	76,1926	75,4554	73,3575	75,4554	67,6327	75,4554	78,0851	75,4554	73,3055	75,4554	67,4486	
75,6194	75,6642	75,6194	73,3544	75,6194	67,6302	75,6194	78,0372	75,6194	73,3074	75,6194	67,4482	
75,7839	75,6655	75,7839	73,3368	75,7839	67,6197	75,7839	78,0364	75,7839	73,3086	75,7839	67,4484	
75,9474	75,671	75,9474	73,3098	75,9474	67,6026	75,9474	78,0814	75,9474	73,3063	75,9474	67,4479	
76,1116	76,134	76,1116	73,2958	76,1116	67,5943	76,1116	78,1031	76,1116	73,3054	76,1116	67,4485	
76,2759	76,1991	76,2759	73,2891	76,2759	67,5897	76,2759	76,8829	76,2759	73,3048	76,2759	67,4476	
76,4401	75,6853	76,4401	73,2871	76,4401	67,5881	76,4401	78,056	76,4401	73,3035	76,4401	67,4478	
76,6038	76,1473	76,6038	73,2868	76,6038	67,5876	76,6038	78,4139	76,6038	73,3036	76,6038	67,4474	
76,7683	76,1986	76,7683	73,2857	76,7683	67,5881	76,7683	77,3262	76,7683	73,3041	76,7683	67,4478	
76,9318	75,682	76,9318	73,2857	76,9318	67,5869	76,9318	78,216	76,9318	73,3045	76,9318	67,4478	
77,0963	75,6821	77,0963	73,2832	77,0963	67,5873	77,0963	78,1061	77,0963	73,3032	77,0963	67,4483	
77,2614	76,1897	77,2614	73,2852	77,2614	67,5868	77,2614	78,0842	77,2614	73,3042	77,2614	67,448	
77,4256	76,1991	77,4256	73,2843	77,4256	67,5864	77,4256	78,0306	77,4256	73,3037	77,4256	67,4481	
77,5891	75,6925	77,5891	73,2832	77,5891	67,5863	77,5891	78,0265	77,5891	73,3049	77,5891	67,4476	
77,7525	75,6781	77,7525	73,2841	77,7525	67,5868	77,7525	78,1212	77,7525	73,3047	77,7525	67,4473	
77,9162	75,6817	77,9162	73,285	77,9162	67,5865	77,9162	78,3752	77,9162	73,3046	77,9162	67,4476	
78,0802	76,1513	78,0802	73,2849	78,0802	67,586	78,0802	78,0991	78,0802	73,3045	78,0802	67,448	
78,2437	75,6827	78,2437	73,2849	78,2437	67,5866	78,2437	78,0872	78,2437	73,3042	78,2437	67,4476	
78,4082	76,1935	78,4082	73,2847	78,4082	67,5867	78,4082	76,8368	78,4082	73,3033	78,4082	67,4477	
78,5724	76,1625	78,5724	73,2848	78,5724	67,5866	78,5724	77,3361	78,5724	73,3035	78,5724	67,4476	
78,7367	76,1975	78,7367	73,2848	78,7367	67,5861	78,7367	78,0322	78,7367	73,3051	78,7367	67,4474	
