Time (min) - L1 670nm	 - L1 670nm	Time (min) - L2 785nm	 - L2 785nm	Time (min) - L3 980nm	 - L3 980nm	Time (min) - L5 670nm	 - L5 670nm	Time (min) - L6 785nm	 - L6 785nm	Time (min) - L7 980nm	 - L7 980nm	
0,173833	76,2123	0,173833	73,2846	0,173833	67,5908	0,173833	73,6802	0,173833	73,3556	0,173833	67,4765	
0,3378	76,2062	0,3378	73,2834	0,3378	67,5903	0,3378	78,0259	0,3378	73,3542	0,3378	67,4762	
0,501483	76,2074	0,501483	73,2841	0,501483	67,5909	0,501483	78,1165	0,501483	73,3534	0,501483	67,474	
0,665467	76,2114	0,665467	73,2847	0,665467	67,5906	0,665467	79,9843	0,665467	73,3526	0,665467	67,4759	
0,829983	76,209	0,829983	73,286	0,829983	67,591	0,829983	78,1813	0,829983	73,353	0,829983	67,476	
0,994783	76,2089	0,994783	73,2863	0,994783	67,5905	0,994783	75,3782	0,994783	73,3525	0,994783	67,4761	
1,1585	76,2068	1,1585	73,284	1,1585	67,5909	1,1585	78,0503	1,1585	73,354	1,1585	67,476	
1,32247	76,2079	1,32247	73,284	1,32247	67,5908	1,32247	78,1147	1,32247	73,3545	1,32247	67,4761	
1,48672	76,2098	1,48672	73,2853	1,48672	67,5905	1,48672	77,5587	1,48672	73,353	1,48672	67,4756	
1,651	76,2135	1,651	73,2838	1,651	67,5909	1,651	78,2151	1,651	73,3537	1,651	67,4758	
1,81472	76,214	1,81472	73,2838	1,81472	67,5911	1,81472	80,2893	1,81472	73,3537	1,81472	67,4756	
1,97925	75,7084	1,97925	73,2851	1,97925	67,591	1,97925	78,0524	1,97925	73,3541	1,97925	67,476	
2,14323	76,2163	2,14323	73,2861	2,14323	67,5912	2,14323	78,1372	2,14323	73,354	2,14323	67,4761	
2,30808	76,2106	2,30808	73,2862	2,30808	67,5907	2,30808	78,0513	2,30808	73,3551	2,30808	67,4759	
2,47285	76,2088	2,47285	73,2834	2,47285	67,5904	2,47285	78,5756	2,47285	73,3538	2,47285	67,4763	
2,6366	76,2094	2,6366	73,2864	2,6366	67,5905	2,6366	78,1646	2,6366	73,3547	2,6366	67,4762	
2,80003	75,7142	2,80003	73,2849	2,80003	67,5906	2,80003	78,1118	2,80003	73,3537	2,80003	67,4754	
2,964	76,2133	2,964	73,2848	2,964	67,5908	2,964	76,8757	2,964	73,3538	2,964	67,4759	
3,12825	76,2098	3,12825	73,2856	3,12825	67,5904	3,12825	79,5484	3,12825	73,3541	3,12825	67,4762	
3,29193	76,2177	3,29193	73,2843	3,29193	67,5907	3,29193	78,0488	3,29193	73,3537	3,29193	67,4758	
3,45588	75,7111	3,45588	73,2851	3,45588	67,591	3,45588	78,0642	3,45588	73,3549	3,45588	67,476	
3,62038	76,2089	3,62038	73,2826	3,62038	67,59	3,62038	78,6027	3,62038	73,3531	3,62038	67,4755	
3,78435	76,2045	3,78435	73,2843	3,78435	67,5905	3,78435	78,1131	3,78435	73,3532	3,78435	67,4754	
3,94858	76,2059	3,94858	73,2835	3,94858	67,5901	3,94858	77,4202	3,94858	73,3538	3,94858	67,4755	
4,11308	76,2089	4,11308	73,2862	4,11308	67,5907	4,11308	78,1652	4,11308	73,3543	4,11308	67,4762	
4,2768	76,2153	4,2768	73,2831	4,2768	67,5907	4,2768	78,266	4,2768	73,3525	4,2768	67,4758	
4,44105	76,2134	4,44105	73,2855	4,44105	67,5903	4,44105	78,9991	4,44105	73,3531	4,44105	67,4757	
4,60557	76,2106	4,60557	73,2823	4,60557	67,5902	4,60557	78,0944	4,60557	73,3523	4,60557	67,4761	
4,76955	76,1735	4,76955	73,2828	4,76955	67,5905	4,76955	78,0544	4,76955	73,353	4,76955	67,4765	
4,93325	76,2099	4,93325	73,2836	4,93325	67,59	4,93325	87,4715	4,93325	73,3529	4,93325	67,4759	
5,09752	76,2033	5,09752	73,2817	5,09752	67,59	5,09752	78,5575	5,09752	73,3532	5,09752	67,4755	
5,2618	76,2085	5,2618	73,2859	5,2618	67,5902	5,2618	76,2326	5,2618	73,3538	5,2618	67,4758	
5,42577	76,205	5,42577	73,2834	5,42577	67,5902	5,42577	77,3993	5,42577	73,3523	5,42577	67,4762	
5,59003	76,2104	5,59003	73,2857	5,59003	67,5906	5,59003	78,0924	5,59003	73,3537	5,59003	67,476	
5,754	75,7071	5,754	73,2858	5,754	67,59	5,754	77,7267	5,754	73,3515	5,754	67,4758	
5,91772	76,2082	5,91772	73,2835	5,91772	67,5903	5,91772	79,5823	5,91772	73,3539	5,91772	67,4754	
6,08143	76,2098	6,08143	73,2853	6,08143	67,5906	6,08143	77,3764	6,08143	73,3538	6,08143	67,4757	
6,24568	76,1762	6,24568	73,2831	6,24568	67,5905	6,24568	78,1029	6,24568	73,3524	6,24568	67,4759	
6,4102	76,2047	6,4102	73,2849	6,4102	67,5904	6,4102	76,0158	6,4102	73,3538	6,4102	67,4759	
6,57467	76,2159	6,57467	73,2858	6,57467	67,5903	6,57467	78,0629	6,57467	73,3524	6,57467	67,4757	
6,7389	76,2079	6,7389	73,2834	6,7389	67,5904	6,7389	78,02	6,7389	73,3542	6,7389	67,476	
6,90342	75,7056	6,90342	73,2843	6,90342	67,5903	6,90342	77,128	6,90342	73,3538	6,90342	67,4757	
7,0672	76,2121	7,0672	73,2838	7,0672	67,5902	7,0672	78,0579	7,0672	73,3549	7,0672	67,4758	
7,2312	76,1722	7,2312	73,2831	7,2312	67,5902	7,2312	78,0722	7,2312	73,3542	7,2312	67,4755	
7,39518	76,2072	7,39518	73,2841	7,39518	67,5908	7,39518	75,0162	7,39518	73,3535	7,39518	67,4755	
7,55997	76,2109	7,55997	73,2853	7,55997	67,5911	7,55997	77,6814	7,55997	73,3547	7,55997	67,4761	
7,72418	76,1742	7,72418	73,2838	7,72418	67,5904	7,72418	78,1871	7,72418	73,3537	7,72418	67,4764	
7,88792	76,2111	7,88792	73,2858	7,88792	67,5901	7,88792	78,0381	7,88792	73,3528	7,88792	67,476	
8,05247	76,2106	8,05247	73,2858	8,05247	67,5904	8,05247	76,0366	8,05247	73,3534	8,05247	67,4761	
8,21645	76,1715	8,21645	73,2856	8,21645	67,5903	8,21645	78,1813	8,21645	73,3529	8,21645	67,4763	
8,38045	76,2094	8,38045	73,2845	8,38045	67,5903	8,38045	78,2533	8,38045	73,3536	8,38045	67,4759	
8,54418	76,2103	8,54418	73,2827	8,54418	67,59	8,54418	78,1553	8,54418	73,353	8,54418	67,476	
8,70843	76,21	8,70843	73,2841	8,70843	67,5903	8,70843	78,0372	8,70843	73,3531	8,70843	67,4759	
8,87297	76,2119	8,87297	73,2848	8,87297	67,5908	8,87297	77,3306	8,87297	73,3536	8,87297	67,4755	
9,03757	76,2126	9,03757	73,2857	9,03757	67,59	9,03757	78,1566	9,03757	73,354	9,03757	67,4761	
9,20158	75,7125	9,20158	73,2841	9,20158	67,5903	9,20158	78,2007	9,20158	73,3512	9,20158	67,4765	
9,36528	76,207	9,36528	73,2856	9,36528	67,5908	9,36528	78,1071	9,36528	73,354	9,36528	67,4757	
9,52927	76,2065	9,52927	73,2835	9,52927	67,5909	9,52927	78,0814	9,52927	73,3533	9,52927	67,4764	
9,69352	76,2102	9,69352	73,2844	9,69352	67,5905	9,69352	77,3481	9,69352	73,3536	9,69352	67,4759	
9,8578	76,2048	9,8578	73,2849	9,8578	67,5903	9,8578	77,3527	9,8578	73,3536	9,8578	67,4757	
10,0218	76,2071	10,0218	73,2853	10,0218	67,5906	10,0218	78,2752	10,0218	73,3523	10,0218	67,4755	
10,1863	76,2097	10,1863	73,2841	10,1863	67,5902	10,1863	78,0603	10,1863	73,3533	10,1863	67,4755	
10,35	75,7092	10,35	73,285	10,35	67,5905	10,35	78,0413	10,35	73,3529	10,35	67,4755	
10,5137	76,2135	10,5137	73,2853	10,5137	67,5903	10,5137	78,0592	10,5137	73,3532	10,5137	67,4755	
10,6777	76,2084	10,6777	73,285	10,6777	67,5902	10,6777	77,5895	10,6777	73,3537	10,6777	67,4757	
10,8414	76,2082	10,8414	73,2857	10,8414	67,5902	10,8414	75,9029	10,8414	73,353	10,8414	67,4753	
11,0064	76,2092	11,0064	73,2824	11,0064	67,5889	11,0064	78,0983	11,0064	73,3525	11,0064	67,4749	
11,1712	76,2031	11,1712	73,2822	11,1712	67,5886	11,1712	80,6287	11,1712	73,3507	11,1712	67,4744	
11,3352	76,1996	11,3352	73,2804	11,3352	67,5885	11,3352	74,3126	11,3352	73,3497	11,3352	67,4741	
11,4989	76,2069	11,4989	73,2801	11,4989	67,5882	11,4989	72,8788	11,4989	73,3513	11,4989	67,4743	
11,6636	75,6948	11,6636	73,282	11,6636	67,5876	11,6636	80,0985	11,6636	73,3519	11,6636	67,4742	
11,8284	76,2119	11,8284	73,2823	11,8284	67,5879	11,8284	78,1185	11,8284	73,3497	11,8284	67,4739	
11,9919	76,2082	11,9919	73,2829	11,9919	67,588	11,9919	78,243	11,9919	73,3528	11,9919	67,4742	
12,1564	76,2048	12,1564	73,2832	12,1564	67,5889	12,1564	78,0771	12,1564	73,3512	12,1564	67,4741	
12,3204	76,2121	12,3204	73,2828	12,3204	67,589	12,3204	78,1087	12,3204	73,3515	12,3204	67,4741	
12,4846	76,177	12,4846	73,2844	12,4846	67,5892	12,4846	78,1417	12,4846	73,3524	12,4846	67,475	
12,6489	76,2096	12,6489	73,2821	12,6489	67,5891	12,6489	78,0741	12,6489	73,3522	12,6489	67,4748	
12,8132	76,171	12,8132	73,283	12,8132	67,5894	12,8132	78,3427	12,8132	73,3523	12,8132	67,475	
12,9771	76,21	12,9771	73,2851	12,9771	67,5897	12,9771	78,0329	12,9771	73,3523	12,9771	67,4755	
13,1414	76,2162	13,1414	73,2819	13,1414	67,5895	13,1414	78,1754	13,1414	73,3523	13,1414	67,4749	
13,3057	76,2106	13,3057	73,285	13,3057	67,5893	13,3057	78,0716	13,3057	73,3514	13,3057	67,4755	
13,4694	76,2111	13,4694	73,2825	13,4694	67,5897	13,4694	77,5858	13,4694	73,3529	13,4694	67,4749	
13,6332	76,2159	13,6332	73,284	13,6332	67,5894	13,6332	78,048	13,6332	73,3531	13,6332	67,475	
13,7968	76,214	13,7968	73,2846	13,7968	67,5902	13,7968	78,1282	13,7968	73,3524	13,7968	67,4754	
13,9603	75,7024	13,9603	73,2845	13,9603	67,5903	13,9603	79,2893	13,9603	73,354	13,9603	67,4749	
14,124	76,2126	14,124	73,2836	14,124	67,5896	14,124	78,2105	14,124	73,353	14,124	67,4753	
14,2888	76,2113	14,2888	73,283	14,2888	67,59	14,2888	79,7499	14,2888	73,3531	14,2888	67,4756	
14,4523	76,2132	14,4523	73,2828	14,4523	67,5903	14,4523	76,4841	14,4523	73,3548	14,4523	67,4753	
14,616	75,7099	14,616	73,284	14,616	67,5903	14,616	78,1198	14,616	73,3521	14,616	67,4753	
14,7797	76,212	14,7797	73,2829	14,7797	67,5895	14,7797	79,7558	14,7797	73,3519	14,7797	67,4753	
14,9434	75,7085	14,9434	73,284	14,9434	67,5905	14,9434	78,0432	14,9434	73,352	14,9434	67,4755	
15,1079	76,2137	15,1079	73,2832	15,1079	67,5904	15,1079	78,1634	15,1079	73,3525	15,1079	67,4756	
15,2716	76,2092	15,2716	73,2848	15,2716	67,5898	15,2716	78,0135	15,2716	73,3527	15,2716	67,4758	
15,4353	76,2083	15,4353	73,2836	15,4353	67,5903	15,4353	78,1012	15,4353	73,3516	15,4353	67,4761	
15,599	75,7084	15,599	73,2837	15,599	67,5897	15,599	78,0582	15,599	73,3529	15,599	67,4753	
15,7628	76,2138	15,7628	73,2825	15,7628	67,5901	15,7628	78,3186	15,7628	73,351	15,7628	67,4753	
15,9262	76,2092	15,9262	73,2832	15,9262	67,5903	15,9262	77,2563	15,9262	73,3524	15,9262	67,4751	
16,0899	76,2093	16,0899	73,2843	16,0899	67,59	16,0899	78,0797	16,0899	73,3532	16,0899	67,4751	
16,2539	76,2096	16,2539	73,2827	16,2539	67,5901	16,2539	78,3748	16,2539	73,351	16,2539	67,4758	
16,4176	76,171	16,4176	73,2837	16,4176	67,5904	16,4176	78,0412	16,4176	73,3536	16,4176	67,4758	
16,5816	76,2177	16,5816	73,2833	16,5816	67,5897	16,5816	77,475	16,5816	73,3532	16,5816	67,4754	
16,7453	76,207	16,7453	73,2817	16,7453	67,5904	16,7453	77,3877	16,7453	73,3539	16,7453	67,4751	
16,909	76,2075	16,909	73,283	16,909	67,5901	16,909	78,0468	16,909	73,352	16,909	67,4751	
17,0725	76,212	17,0725	73,2843	17,0725	67,5903	17,0725	78,4365	17,0725	73,3533	17,0725	67,4763	
17,2368	76,2102	17,2368	73,2824	17,2368	67,5901	17,2368	69,4298	17,2368	73,352	17,2368	67,4761	
17,401	76,2129	17,401	73,2839	17,401	67,5903	17,401	79,2452	17,401	73,3513	17,401	67,4761	
17,5653	76,1664	17,5653	73,2884	17,5653	67,5919	17,5653	68,9237	17,5653	73,3527	17,5653	67,4754	
17,7293	76,2084	17,7293	73,2918	17,7293	67,5934	17,7293	78,3586	17,7293	73,3532	17,7293	67,4754	
17,8938	76,2058	17,8938	73,2924	17,8938	67,596	17,8938	78,5792	17,8938	73,3518	17,8938	67,476	
18,0572	76,2014	18,0572	73,2983	18,0572	67,5981	18,0572	78,6568	18,0572	73,3528	18,0572	67,4754	
18,2206	75,7043	18,2206	73,3023	18,2206	67,6005	18,2206	78,2939	18,2206	73,3524	18,2206	67,4757	
18,3841	76,202	18,3841	73,3067	18,3841	67,603	18,3841	78,9455	18,3841	73,3531	18,3841	67,4758	
18,5481	76,2062	18,5481	73,3098	18,5481	67,605	18,5481	78,0718	18,5481	73,3528	18,5481	67,4761	
18,7115	76,2024	18,7115	73,3123	18,7115	67,6066	18,7115	76,2415	18,7115	73,3522	18,7115	67,4761	
18,8752	76,2025	18,8752	73,3174	18,8752	67,6083	18,8752	78,104	18,8752	73,3514	18,8752	67,4759	
19,039	76,2073	19,039	73,3189	19,039	67,611	19,039	78,0519	19,039	73,3525	19,039	67,4761	
19,2032	76,2038	19,2032	73,3227	19,2032	67,6126	19,2032	77,367	19,2032	73,3536	19,2032	67,4757	
19,3675	75,6921	19,3675	73,3264	19,3675	67,6133	19,3675	77,0936	19,3675	73,3529	19,3675	67,4755	
19,5311	76,1968	19,5311	73,329	19,5311	67,6157	19,5311	78,0512	19,5311	73,3539	19,5311	67,4759	
19,6951	76,1987	19,6951	73,3318	19,6951	67,618	19,6951	78,0542	19,6951	73,3536	19,6951	67,4758	
19,8588	76,1982	19,8588	73,3334	19,8588	67,6188	19,8588	78,2949	19,8588	73,3531	19,8588	67,476	
20,0225	76,1986	20,0225	73,3373	20,0225	67,6201	20,0225	78,0699	20,0225	73,3521	20,0225	67,4763	
20,1865	76,1991	20,1865	73,3406	20,1865	67,622	20,1865	77,3243	20,1865	73,354	20,1865	67,4757	
20,3508	76,1987	20,3508	73,3429	20,3508	67,6232	20,3508	78,2018	20,3508	73,3527	20,3508	67,476	
20,5145	76,2054	20,5145	73,3448	20,5145	67,6241	20,5145	78,0669	20,5145	73,3515	20,5145	67,476	
20,6782	76,1973	20,6782	73,3488	20,6782	67,6258	20,6782	77,4184	20,6782	73,3545	20,6782	67,476	
20,8419	76,1992	20,8419	73,3496	20,8419	67,6275	20,8419	76,7995	20,8419	73,3533	20,8419	67,4756	
21,0056	76,1963	21,0056	73,3525	21,0056	67,6287	21,0056	78,0974	21,0056	73,353	21,0056	67,477	
21,1693	76,2041	21,1693	73,3546	21,1693	67,6299	21,1693	77,1674	21,1693	73,3537	21,1693	67,4761	
21,3334	76,1989	21,3334	73,3578	21,3334	67,6313	21,3334	78,034	21,3334	73,353	21,3334	67,4761	
21,4971	76,1967	21,4971	73,3595	21,4971	67,6325	21,4971	78,101	21,4971	73,3535	21,4971	67,4763	
21,6616	76,2002	21,6616	73,3611	21,6616	67,6334	21,6616	78,0402	21,6616	73,3528	21,6616	67,4764	
21,8253	76,1973	21,8253	73,3647	21,8253	67,6344	21,8253	78,107	21,8253	73,3549	21,8253	67,4762	
21,9895	76,1959	21,9895	73,3656	21,9895	67,6364	21,9895	77,2364	21,9895	73,3534	21,9895	67,476	
22,1535	76,1947	22,1535	73,3683	22,1535	67,6376	22,1535	77,6645	22,1535	73,3536	22,1535	67,4765	
22,317	76,1929	22,317	73,372	22,317	67,6385	22,317	77,6918	22,317	73,3546	22,317	67,4765	
22,4806	76,1927	22,4806	73,3721	22,4806	67,6404	22,4806	78,1771	22,4806	73,3543	22,4806	67,4765	
22,6441	76,1934	22,6441	73,3738	22,6441	67,6405	22,6441	78,0766	22,6441	73,3545	22,6441	67,4764	
22,8078	76,1986	22,8078	73,3754	22,8078	67,6413	22,8078	78,1308	22,8078	73,3545	22,8078	67,4759	
22,9713	76,1938	22,9713	73,3773	22,9713	67,6426	22,9713	56,4071	22,9713	73,3547	22,9713	67,4763	
23,135	76,1926	23,135	73,3802	23,135	67,6432	23,135	78,21	23,135	73,3537	23,135	67,4765	
23,2987	76,1986	23,2987	73,3803	23,2987	67,6442	23,2987	81,2542	23,2987	73,3524	23,2987	67,4763	
23,4627	75,6815	23,4627	73,3829	23,4627	67,6453	23,4627	77,5076	23,4627	73,3538	23,4627	67,4759	
23,6261	76,1934	23,6261	73,3834	23,6261	67,6457	23,6261	78,1051	23,6261	73,3545	23,6261	67,4769	
23,7899	76,1971	23,7899	73,383	23,7899	67,6459	23,7899	78,1743	23,7899	73,3537	23,7899	67,4762	
23,9533	76,1933	23,9533	73,3844	23,9533	67,646	23,9533	78,6568	23,9533	73,3537	23,9533	67,4758	
24,1173	76,1943	24,1173	73,386	24,1173	67,6469	24,1173	78,1047	24,1173	73,355	24,1173	67,4764	
24,2817	76,1895	24,2817	73,3857	24,2817	67,6469	24,2817	78,0372	24,2817	73,3536	24,2817	67,4758	
24,4454	76,1381	24,4454	73,3852	24,4454	67,647	24,4454	78,2708	24,4454	73,3531	24,4454	67,4759	
24,6096	76,1985	24,6096	73,3864	24,6096	67,6477	24,6096	74,3719	24,6096	73,3542	24,6096	67,4765	
24,7736	76,1905	24,7736	73,3863	24,7736	67,648	24,7736	77,62	24,7736	73,3548	24,7736	67,4759	
24,937	76,2027	24,937	73,3856	24,937	67,6472	24,937	78,0865	24,937	73,3537	24,937	67,4765	
25,101	76,1553	25,101	73,3867	25,101	67,6474	25,101	77,1355	25,101	73,3532	25,101	67,4766	
25,265	76,1918	25,265	73,3862	25,265	67,6487	25,265	78,0441	25,265	73,3543	25,265	67,4768	
25,4291	76,1972	25,4291	73,3868	25,4291	67,6482	25,4291	78,0617	25,4291	73,354	25,4291	67,4768	
25,5931	75,7213	25,5931	73,3842	25,5931	67,6478	25,5931	78,0827	25,5931	73,3541	25,5931	67,4763	
25,7573	75,6767	25,7573	73,3875	25,7573	67,6477	25,7573	76,0318	25,7573	73,3542	25,7573	67,4761	
25,9213	76,1918	25,9213	73,3863	25,9213	67,6468	25,9213	78,0477	25,9213	73,3548	25,9213	67,4769	
26,0858	76,1956	26,0858	73,3851	26,0858	67,6467	26,0858	78,0265	26,0858	73,3551	26,0858	67,4766	
26,2501	76,2031	26,2501	73,3856	26,2501	67,6471	26,2501	78,0776	26,2501	73,3549	26,2501	67,4761	
26,4146	76,1571	26,4146	73,3853	26,4146	67,6466	26,4146	78,1247	26,4146	73,3529	26,4146	67,4763	
26,5797	76,2007	26,5797	73,3846	26,5797	67,6459	26,5797	78,064	26,5797	73,3538	26,5797	67,4761	
26,7437	76,1945	26,7437	73,3845	26,7437	67,6462	26,7437	77,3296	26,7437	73,3541	26,7437	67,4767	
26,9079	76,1937	26,9079	73,3845	26,9079	67,6458	26,9079	78,0761	26,9079	73,3544	26,9079	67,4762	
27,0725	75,6746	27,0725	73,3851	27,0725	67,6459	27,0725	78,3261	27,0725	73,3538	27,0725	67,4765	
27,2365	76,1927	27,2365	73,384	27,2365	67,6459	27,2365	78,1229	27,2365	73,3531	27,2365	67,4764	
27,4004	76,2018	27,4004	73,3839	27,4004	67,6463	27,4004	77,0329	27,4004	73,3541	27,4004	67,476	
27,5647	75,6793	27,5647	73,3832	27,5647	67,646	27,5647	77,994	27,5647	73,3542	27,5647	67,4763	
27,729	76,1542	27,729	73,3838	27,729	67,6453	27,729	78,0902	27,729	73,354	27,729	67,4766	
27,8932	76,2015	27,8932	73,3833	27,8932	67,6455	27,8932	78,2025	27,8932	73,3535	27,8932	67,4763	
28,0569	76,1544	28,0569	73,3831	28,0569	67,646	28,0569	78,0773	28,0569	73,3544	28,0569	67,4762	
28,2209	76,1942	28,2209	73,3831	28,2209	67,6451	28,2209	74,3792	28,2209	73,3531	28,2209	67,4758	
28,3863	75,6783	28,3863	73,3827	28,3863	67,6464	28,3863	78,0353	28,3863	73,3512	28,3863	67,4762	
28,5506	76,1941	28,5506	73,3846	28,5506	67,6454	28,5506	77,6663	28,5506	73,3543	28,5506	67,4764	
28,7151	76,2038	28,7151	73,3826	28,7151	67,6454	28,7151	78,1837	28,7151	73,352	28,7151	67,4761	
28,8793	76,2006	28,8793	73,3835	28,8793	67,6455	28,8793	79,0701	28,8793	73,3538	28,8793	67,476	
29,0441	76,1405	29,0441	73,3845	29,0441	67,6453	29,0441	78,0165	29,0441	73,3538	29,0441	67,4759	
29,2089	76,1961	29,2089	73,3826	29,2089	67,6451	29,2089	78,0324	29,2089	73,3541	29,2089	67,4765	
29,3734	76,199	29,3734	73,3828	29,3734	67,6455	29,3734	74,8308	29,3734	73,3536	29,3734	67,4757	
29,5377	76,1978	29,5377	73,3844	29,5377	67,6456	29,5377	79,3782	29,5377	73,3541	29,5377	67,4764	
29,7022	76,2003	29,7022	73,3832	29,7022	67,6458	29,7022	78,1711	29,7022	73,3518	29,7022	67,4761	
29,8662	76,1556	29,8662	73,3836	29,8662	67,6453	29,8662	77,524	29,8662	73,3536	29,8662	67,476	
30,0307	76,1532	30,0307	73,3834	30,0307	67,6452	30,0307	78,0415	30,0307	73,3542	30,0307	67,476	
30,1941	76,1558	30,1941	73,383	30,1941	67,6455	30,1941	78,1613	30,1941	73,354	30,1941	67,4761	
30,3582	75,6843	30,3582	73,3845	30,3582	67,6446	30,3582	78,6863	30,3582	73,354	30,3582	67,4761	
30,5224	76,2024	30,5224	73,3841	30,5224	67,6454	30,5224	78,0561	30,5224	73,3529	30,5224	67,4758	
30,6861	76,1926	30,6861	73,3838	30,6861	67,6454	30,6861	76,874	30,6861	73,3525	30,6861	67,4761	
30,8507	76,1989	30,8507	73,3825	30,8507	67,6449	30,8507	78,0853	30,8507	73,3523	30,8507	67,4761	
31,0149	76,1963	31,0149	73,3822	31,0149	67,6449	31,0149	78,0675	31,0149	73,3528	31,0149	67,476	
31,1786	76,1954	31,1786	73,3829	31,1786	67,6443	31,1786	78,0394	31,1786	73,353	31,1786	67,476	
31,3429	76,2004	31,3429	73,3839	31,3429	67,6445	31,3429	78,0776	31,3429	73,3543	31,3429	67,476	
31,5069	76,1563	31,5069	73,3822	31,5069	67,6447	31,5069	78,0817	31,5069	73,3526	31,5069	67,4759	
31,6712	76,1969	31,6712	73,3826	31,6712	67,6448	31,6712	77,592	31,6712	73,3534	31,6712	67,476	
31,8351	76,1967	31,8351	73,3838	31,8351	67,6454	31,8351	78,5632	31,8351	73,354	31,8351	67,4755	
31,9994	76,1999	31,9994	73,3835	31,9994	67,645	31,9994	78,0751	31,9994	73,3546	31,9994	67,4763	
32,164	76,1924	32,164	73,382	32,164	67,6442	32,164	78,0714	32,164	73,3535	32,164	67,4759	
32,3277	76,153	32,3277	73,3839	32,3277	67,6445	32,3277	78,0328	32,3277	73,3547	32,3277	67,4763	
32,4924	76,1958	32,4924	73,3822	32,4924	67,6449	32,4924	78,1085	32,4924	73,3523	32,4924	67,4758	
32,6559	76,1959	32,6559	73,382	32,6559	67,6448	32,6559	78,0975	32,6559	73,3526	32,6559	67,4758	
32,8204	76,2009	32,8204	73,381	32,8204	67,6445	32,8204	76,8193	32,8204	73,3518	32,8204	67,4761	
32,9844	76,1908	32,9844	73,3826	32,9844	67,6442	32,9844	78,0579	32,9844	73,3511	32,9844	67,4756	
33,1484	76,1935	33,1484	73,3814	33,1484	67,6444	33,1484	80,3403	33,1484	73,3532	33,1484	67,4755	
33,3126	76,191	33,3126	73,3819	33,3126	67,6446	33,3126	75,8764	33,3126	73,351	33,3126	67,4758	
33,4769	75,6768	33,4769	73,3823	33,4769	67,6445	33,4769	74,338	33,4769	73,3535	33,4769	67,4754	
33,6412	75,6759	33,6412	73,3831	33,6412	67,6446	33,6412	80,0362	33,6412	73,3515	33,6412	67,4762	
33,8046	75,6814	33,8046	73,3834	33,8046	67,6448	33,8046	78,0949	33,8046	73,3534	33,8046	67,4761	
33,9683	76,1989	33,9683	73,382	33,9683	67,6446	33,9683	78,1428	33,9683	73,3529	33,9683	67,4759	
34,132	76,1464	34,132	73,3813	34,132	67,6444	34,132	78,018	34,132	73,3517	34,132	67,4762	
34,2962	76,191	34,2962	73,3837	34,2962	67,6446	34,2962	78,4284	34,2962	73,3539	34,2962	67,4757	
34,4611	76,1988	34,4611	73,3818	34,4611	67,6447	34,4611	78,1424	34,4611	73,3541	34,4611	67,4761	
34,6253	76,1975	34,6253	73,3814	34,6253	67,6444	34,6253	73,6173	34,6253	73,3508	34,6253	67,4758	
34,7893	76,2009	34,7893	73,3817	34,7893	67,6446	34,7893	78,0452	34,7893	73,3541	34,7893	67,4758	
34,9536	76,1938	34,9536	73,3826	34,9536	67,6443	34,9536	77,6475	34,9536	73,3527	34,9536	67,4756	
35,1173	76,1959	35,1173	73,3814	35,1173	67,6457	35,1173	78,0971	35,1173	73,3511	35,1173	67,4763	
35,281	76,1962	35,281	73,3815	35,281	67,6442	35,281	80,3838	35,281	73,3532	35,281	67,4764	
35,4453	76,1971	35,4453	73,3819	35,4453	67,6445	35,4453	75,8116	35,4453	73,3513	35,4453	67,4759	
35,6092	76,2001	35,6092	73,3814	35,6092	67,6447	35,6092	78,2499	35,6092	73,3516	35,6092	67,4764	
35,7735	76,1913	35,7735	73,3813	35,7735	67,6447	35,7735	77,6228	35,7735	73,3511	35,7735	67,4757	
35,9378	76,1947	35,9378	73,3827	35,9378	67,6445	35,9378	77,1024	35,9378	73,3535	35,9378	67,4759	
36,1018	76,1506	36,1018	73,3817	36,1018	67,6443	36,1018	78,031	36,1018	73,3522	36,1018	67,4761	
36,2658	76,1913	36,2658	73,3816	36,2658	67,6445	36,2658	78,2751	36,2658	73,3534	36,2658	67,4759	
36,4297	76,1915	36,4297	73,3822	36,4297	67,6449	36,4297	77,3001	36,4297	73,3528	36,4297	67,4758	
36,5934	76,198	36,5934	73,3806	36,5934	67,6445	36,5934	78,0188	36,5934	73,3533	36,5934	67,476	
36,7569	76,1526	36,7569	73,3833	36,7569	67,6448	36,7569	76,6395	36,7569	73,3541	36,7569	67,4756	
36,9206	76,1908	36,9206	73,381	36,9206	67,6447	36,9206	78,0777	36,9206	73,3538	36,9206	67,4758	
37,0856	76,1946	37,0856	73,3814	37,0856	67,6451	37,0856	78,096	37,0856	73,3524	37,0856	67,4759	
37,2494	76,1557	37,2494	73,381	37,2494	67,644	37,2494	78,0388	37,2494	73,3527	37,2494	67,476	
37,4137	76,1958	37,4137	73,3817	37,4137	67,6441	37,4137	76,8273	37,4137	73,3525	37,4137	67,476	
37,5779	76,1912	37,5779	73,38	37,5779	67,6449	37,5779	76,9624	37,5779	73,3524	37,5779	67,4757	
37,7421	75,678	37,7421	73,381	37,7421	67,6448	37,7421	78,1886	37,7421	73,3527	37,7421	67,4758	
37,9063	76,1992	37,9063	73,3783	37,9063	67,6442	37,9063	78,6365	37,9063	73,3522	37,9063	67,4758	
38,0708	76,1964	38,0708	73,3804	38,0708	67,6446	38,0708	78,3264	38,0708	73,3538	38,0708	67,4756	
38,2347	76,2046	38,2347	73,382	38,2347	67,6443	38,2347	78,4016	38,2347	73,3563	38,2347	67,476	
38,399	76,1996	38,399	73,3828	38,399	67,6447	38,399	77,4535	38,399	73,3529	38,399	67,4755	
38,563	76,1906	38,563	73,3801	38,563	67,6441	38,563	78,2661	38,563	73,3534	38,563	67,4754	
38,727	76,1953	38,727	73,3811	38,727	67,6444	38,727	78,0976	38,727	73,3543	38,727	67,4756	
38,891	76,1906	38,891	73,3844	38,891	67,6443	38,891	77,5283	38,891	73,3541	38,891	67,4755	
39,0547	76,1952	39,0547	73,3809	39,0547	67,6444	39,0547	78,0794	39,0547	73,353	39,0547	67,4756	
39,2195	76,1361	39,2195	73,3816	39,2195	67,6442	39,2195	78,1912	39,2195	73,3505	39,2195	67,476	
39,3837	76,1927	39,3837	73,3822	39,3837	67,6435	39,3837	78,0529	39,3837	73,3526	39,3837	67,4759	
39,5477	76,1973	39,5477	73,3814	39,5477	67,6439	39,5477	78,0198	39,5477	73,3534	39,5477	67,4759	
39,7125	76,154	39,7125	73,3811	39,7125	67,6444	39,7125	78,0994	39,7125	73,3525	39,7125	67,4754	
39,8768	76,1482	39,8768	73,3808	39,8768	67,6441	39,8768	76,3957	39,8768	73,354	39,8768	67,4756	
40,0405	75,6798	40,0405	73,3817	40,0405	67,6439	40,0405	78,0152	40,0405	73,3516	40,0405	67,4759	
40,204	75,6761	40,204	73,3815	40,204	67,6443	40,204	80,5427	40,204	73,3523	40,204	67,4759	
40,3685	76,1911	40,3685	73,3823	40,3685	67,6441	40,3685	76,7302	40,3685	73,3523	40,3685	67,4757	
40,5325	76,1955	40,5325	73,3825	40,5325	67,6444	40,5325	78,0434	40,5325	73,352	40,5325	67,4758	
40,6965	76,1925	40,6965	73,3808	40,6965	67,6435	40,6965	72,9829	40,6965	73,3543	40,6965	67,4756	
40,8604	76,1896	40,8604	73,3807	40,8604	67,6438	40,8604	78,0224	40,8604	73,3527	40,8604	67,4753	
41,0247	76,1971	41,0247	73,382	41,0247	67,6437	41,0247	78,0858	41,0247	73,3546	41,0247	67,4755	
41,1889	76,189	41,1889	73,3804	41,1889	67,6443	41,1889	79,9637	41,1889	73,3534	41,1889	67,4752	
41,3532	76,1978	41,3532	73,3818	41,3532	67,6444	41,3532	78,0917	41,3532	73,3517	41,3532	67,4753	
41,5177	76,1917	41,5177	73,3803	41,5177	67,6434	41,5177	77,0662	41,5177	73,3515	41,5177	67,4752	
41,682	76,1973	41,682	73,3805	41,682	67,6441	41,682	77,3232	41,682	73,3519	41,682	67,4754	
41,8465	76,1891	41,8465	73,3804	41,8465	67,644	41,8465	78,0589	41,8465	73,3511	41,8465	67,4757	
42,0104	76,1899	42,0104	73,3814	42,0104	67,6438	42,0104	78,0355	42,0104	73,352	42,0104	67,4754	
42,1741	76,1958	42,1741	73,3824	42,1741	67,644	42,1741	76,2952	42,1741	73,3531	42,1741	67,4749	
42,3384	75,6786	42,3384	73,3808	42,3384	67,6445	42,3384	78,3013	42,3384	73,3524	42,3384	67,4758	
42,5032	75,6717	42,5032	73,3827	42,5032	67,644	42,5032	78,0854	42,5032	73,3525	42,5032	67,4758	
42,6677	75,6797	42,6677	73,3809	42,6677	67,6437	42,6677	77,6437	42,6677	73,3524	42,6677	67,4757	
42,8314	76,1548	42,8314	73,3808	42,8314	67,6438	42,8314	78,0383	42,8314	73,3547	42,8314	67,4754	
42,9957	75,6756	42,9957	73,3811	42,9957	67,6438	42,9957	78,0975	42,9957	73,3526	42,9957	67,4754	
43,1604	76,1504	43,1604	73,3795	43,1604	67,644	43,1604	78,0385	43,1604	73,3546	43,1604	67,476	
43,3244	76,1925	43,3244	73,3806	43,3244	67,6439	43,3244	78,1474	43,3244	73,3536	43,3244	67,4759	
43,4883	76,193	43,4883	73,38	43,4883	67,6439	43,4883	78,0952	43,4883	73,3533	43,4883	67,476	
43,6529	76,1913	43,6529	73,3811	43,6529	67,6434	43,6529	78,0419	43,6529	73,352	43,6529	67,4757	
43,8169	76,1957	43,8169	73,3781	43,8169	67,6439	43,8169	78,4315	43,8169	73,3522	43,8169	67,4756	
43,9806	76,1964	43,9806	73,3809	43,9806	67,6432	43,9806	78,1207	43,9806	73,3531	43,9806	67,4752	
44,1451	75,6762	44,1451	73,3798	44,1451	67,6437	44,1451	77,5831	44,1451	73,3525	44,1451	67,4754	
44,3094	76,1598	44,3094	73,3798	44,3094	67,6435	44,3094	78,1935	44,3094	73,3521	44,3094	67,4753	
44,4736	76,1994	44,4736	73,3808	44,4736	67,6435	44,4736	78,243	44,4736	73,3529	44,4736	67,4756	
44,6379	76,1878	44,6379	73,3801	44,6379	67,6434	44,6379	78,8092	44,6379	73,3512	44,6379	67,4755	
44,8027	76,1942	44,8027	73,3807	44,8027	67,644	44,8027	78,627	44,8027	73,3513	44,8027	67,475	
44,9664	76,1302	44,9664	73,3807	44,9664	67,6436	44,9664	80,1575	44,9664	73,3528	44,9664	67,4752	
45,1304	76,192	45,1304	73,3802	45,1304	67,6434	45,1304	78,0749	45,1304	73,3526	45,1304	67,4758	
45,2941	76,1961	45,2941	73,3809	45,2941	67,6445	45,2941	78,0473	45,2941	73,356	45,2941	67,4761	
45,4579	76,1905	45,4579	73,3821	45,4579	67,6433	45,4579	77,6091	45,4579	73,3528	45,4579	67,4756	
45,6218	76,1927	45,6218	73,3798	45,6218	67,6429	45,6218	78,2525	45,6218	73,3521	45,6218	67,4752	
45,7864	76,191	45,7864	73,3804	45,7864	67,6431	45,7864	78,0909	45,7864	73,3527	45,7864	67,4748	
45,9498	76,1971	45,9498	73,3809	45,9498	67,6435	45,9498	77,5514	45,9498	73,3549	45,9498	67,4754	
46,1141	76,1949	46,1141	73,3815	46,1141	67,6442	46,1141	78,1149	46,1141	73,3535	46,1141	67,4761	
46,2786	76,1376	46,2786	73,3807	46,2786	67,6439	46,2786	75,3386	46,2786	73,3549	46,2786	67,4753	
46,4428	76,1939	46,4428	73,3801	46,4428	67,6433	46,4428	78,0921	46,4428	73,351	46,4428	67,4758	
46,6068	76,1394	46,6068	73,3806	46,6068	67,6437	46,6068	77,6235	46,6068	73,353	46,6068	67,4754	
46,771	75,679	46,771	73,3816	46,771	67,6435	46,771	78,0554	46,771	73,3508	46,771	67,4756	
46,9358	76,1981	46,9358	73,3803	46,9358	67,6437	46,9358	78,0265	46,9358	73,3525	46,9358	67,4757	
47,0998	76,196	47,0998	73,3803	47,0998	67,644	47,0998	78,7055	47,0998	73,352	47,0998	67,4752	
47,2641	76,1946	47,2641	73,3809	47,2641	67,6437	47,2641	78,1027	47,2641	73,3516	47,2641	67,4754	
47,4292	76,195	47,4292	73,3806	47,4292	67,6438	47,4292	78,2709	47,4292	73,3568	47,4292	67,475	
47,5934	76,1497	47,5934	73,3805	47,5934	67,6435	47,5934	76,8383	47,5934	73,3526	47,5934	67,4752	
47,7579	76,1905	47,7579	73,3803	47,7579	67,643	47,7579	77,481	47,7579	73,3515	47,7579	67,4755	
47,9227	76,1564	47,9227	73,3801	47,9227	67,6435	47,9227	78,5944	47,9227	73,3526	47,9227	67,4754	
48,0867	76,1999	48,0867	73,3801	48,0867	67,6435	48,0867	78,2149	48,0867	73,3518	48,0867	67,4755	
48,251	76,2003	48,251	73,3803	48,251	67,6433	48,251	76,8745	48,251	73,3524	48,251	67,4755	
48,4152	76,1979	48,4152	73,3779	48,4152	67,6431	48,4152	78,0531	48,4152	73,3525	48,4152	67,475	
48,5792	76,1891	48,5792	73,3798	48,5792	67,6436	48,5792	77,1923	48,5792	73,3527	48,5792	67,4751	
48,7434	76,1946	48,7434	73,3807	48,7434	67,6437	48,7434	78,793	48,7434	73,3522	48,7434	67,4754	
48,9077	76,1933	48,9077	73,381	48,9077	67,6432	48,9077	78,041	48,9077	73,351	48,9077	67,4753	
49,0717	76,1918	49,0717	73,3795	49,0717	67,6425	49,0717	76,6961	49,0717	73,3516	49,0717	67,4751	
49,2359	76,1988	49,2359	73,3786	49,2359	67,6436	49,2359	78,2458	49,2359	73,3528	49,2359	67,4756	
49,4002	76,1423	49,4002	73,3796	49,4002	67,6435	49,4002	75,0561	49,4002	73,352	49,4002	67,4753	
49,5644	76,193	49,5644	73,3799	49,5644	67,6432	49,5644	78,2308	49,5644	73,3506	49,5644	67,4754	
49,7287	76,1367	49,7287	73,3794	49,7287	67,6435	49,7287	77,333	49,7287	73,3522	49,7287	67,4753	
49,8929	75,6765	49,8929	73,3792	49,8929	67,6436	49,8929	78,7477	49,8929	73,3524	49,8929	67,4749	
50,0569	76,1916	50,0569	73,38	50,0569	67,643	50,0569	79,6911	50,0569	73,3521	50,0569	67,4752	
50,2206	76,1979	50,2206	73,3798	50,2206	67,6438	50,2206	78,0583	50,2206	73,3524	50,2206	67,475	
50,3852	76,1908	50,3852	73,3796	50,3852	67,6434	50,3852	78,4723	50,3852	73,3526	50,3852	67,4755	
50,5499	76,1953	50,5499	73,3799	50,5499	67,6434	50,5499	78,0798	50,5499	73,3523	50,5499	67,4754	
50,7139	76,1905	50,7139	73,3794	50,7139	67,6427	50,7139	78,0382	50,7139	73,3533	50,7139	67,475	
50,8774	76,1556	50,8774	73,3794	50,8774	67,6433	50,8774	78,0305	50,8774	73,3513	50,8774	67,4753	
51,0416	75,6768	51,0416	73,3798	51,0416	67,6434	51,0416	78,0369	51,0416	73,3516	51,0416	67,4749	
51,2064	76,1968	51,2064	73,3801	51,2064	67,6433	51,2064	78,9353	51,2064	73,3511	51,2064	67,475	
51,3704	76,1911	51,3704	73,3796	51,3704	67,6431	51,3704	78,0627	51,3704	73,3528	51,3704	67,4744	
51,5352	76,1954	51,5352	73,3794	51,5352	67,6432	51,5352	78,0691	51,5352	73,3517	51,5352	67,4755	
51,6992	76,1943	51,6992	73,3816	51,6992	67,6428	51,6992	78,1687	51,6992	73,3529	51,6992	67,4752	
51,8632	76,1963	51,8632	73,3812	51,8632	67,6429	51,8632	77,4175	51,8632	73,3507	51,8632	67,4748	
52,0272	76,194	52,0272	73,3794	52,0272	67,6429	52,0272	78,8403	52,0272	73,352	52,0272	67,4753	
52,1911	76,1542	52,1911	73,3808	52,1911	67,6431	52,1911	78,1663	52,1911	73,3531	52,1911	67,4755	
52,3551	76,198	52,3551	73,3794	52,3551	67,6431	52,3551	77,5871	52,3551	73,3507	52,3551	67,4747	
52,5194	75,6769	52,5194	73,3811	52,5194	67,6432	52,5194	78,1168	52,5194	73,3527	52,5194	67,475	
52,6839	76,1532	52,6839	73,3791	52,6839	67,6438	52,6839	77,5039	52,6839	73,3526	52,6839	67,4779	
52,8479	76,1354	52,8479	73,3784	52,8479	67,6418	52,8479	78,6262	52,8479	73,3503	52,8479	67,4736	
53,0121	76,1907	53,0121	73,3766	53,0121	67,6407	53,0121	77,4667	53,0121	73,3497	53,0121	67,4743	
53,1764	76,1901	53,1764	73,379	53,1764	67,642	53,1764	78,0458	53,1764	73,351	53,1764	67,4741	
53,3409	76,1486	53,3409	73,3775	53,3409	67,6422	53,3409	78,1027	53,3409	73,3512	53,3409	67,4746	
53,505	76,199	53,505	73,379	53,505	67,6421	53,505	78,0786	53,505	73,3514	53,505	67,4744	
53,6687	76,1965	53,6687	73,3794	53,6687	67,6424	53,6687	78,0991	53,6687	73,3491	53,6687	67,4744	
53,8324	76,1939	53,8324	73,3792	53,8324	67,6426	53,8324	78,1423	53,8324	73,3513	53,8324	67,4739	
53,9961	76,1948	53,9961	73,3795	53,9961	67,6422	53,9961	78,4709	53,9961	73,3511	53,9961	67,4748	
54,1595	76,2008	54,1595	73,3787	54,1595	67,6428	54,1595	78,1592	54,1595	73,3521	54,1595	67,4744	
54,3235	76,1961	54,3235	73,3789	54,3235	67,6428	54,3235	76,778	54,3235	73,3517	54,3235	67,475	
54,487	76,1887	54,487	73,3797	54,487	67,6425	54,487	78,1304	54,487	73,3502	54,487	67,4745	
54,6507	76,2004	54,6507	73,3789	54,6507	67,6425	54,6507	78,1557	54,6507	73,3497	54,6507	67,4747	
54,8152	76,1955	54,8152	73,3789	54,8152	67,6425	54,8152	78,9614	54,8152	73,3511	54,8152	67,4752	
54,98	76,1935	54,98	73,3807	54,98	67,6431	54,98	77,5658	54,98	73,3519	54,98	67,4747	
55,144	76,1922	55,144	73,3796	55,144	67,643	55,144	77,5798	55,144	73,3512	55,144	67,4746	
55,3086	76,1929	55,3086	73,3797	55,3086	67,6435	55,3086	77,4741	55,3086	73,3516	55,3086	67,4751	
55,4726	76,1984	55,4726	73,3807	55,4726	67,6431	55,4726	78,097	55,4726	73,3509	55,4726	67,4746	
55,6368	76,1926	55,6368	73,38	55,6368	67,6428	55,6368	78,1051	55,6368	73,3516	55,6368	67,4755	
55,801	76,1963	55,801	73,3784	55,801	67,643	55,801	78,0984	55,801	73,3523	55,801	67,4745	
55,9653	76,197	55,9653	73,3806	55,9653	67,6423	55,9653	78,0434	55,9653	73,3507	55,9653	67,475	
56,129	76,1918	56,129	73,3792	56,129	67,6425	56,129	78,062	56,129	73,3504	56,129	67,4753	
56,2938	76,1956	56,2938	73,3789	56,2938	67,643	56,2938	78,3287	56,2938	73,352	56,2938	67,4747	
56,4583	76,2021	56,4583	73,3786	56,4583	67,6425	56,4583	76,3334	56,4583	73,3513	56,4583	67,4746	
56,6227	76,1997	56,6227	73,3765	56,6227	67,6428	56,6227	78,05	56,6227	73,3511	56,6227	67,4753	
56,7864	76,1883	56,7864	73,378	56,7864	67,6433	56,7864	78,2198	56,7864	73,3519	56,7864	67,4748	
56,9514	76,1923	56,9514	73,3808	56,9514	67,6429	56,9514	78,1361	56,9514	73,3508	56,9514	67,4753	
57,1157	76,1943	57,1157	73,3779	57,1157	67,6423	57,1157	78,0185	57,1157	73,3519	57,1157	67,475	
57,2794	76,1388	57,2794	73,3806	57,2794	67,6428	57,2794	78,0945	57,2794	73,3494	57,2794	67,4751	
57,4436	76,1916	57,4436	73,3791	57,4436	67,6429	57,4436	78,6278	57,4436	73,3508	57,4436	67,4751	
57,6087	75,6807	57,6087	73,3804	57,6087	67,6426	57,6087	77,2102	57,6087	73,3521	57,6087	67,4755	
57,7721	76,1895	57,7721	73,3798	57,7721	67,6426	57,7721	78,0187	57,7721	73,3523	57,7721	67,475	
57,9364	76,1883	57,9364	73,3788	57,9364	67,6429	57,9364	77,6533	57,9364	73,35	57,9364	67,475	
58,1004	76,1958	58,1004	73,3786	58,1004	67,6428	58,1004	78,2292	58,1004	73,3513	58,1004	67,4752	
58,2644	75,6683	58,2644	73,3796	58,2644	67,6431	58,2644	78,0098	58,2644	73,3521	58,2644	67,4747	
58,4283	76,1928	58,4283	73,3788	58,4283	67,6426	58,4283	78,2001	58,4283	73,352	58,4283	67,4753	
58,5934	76,1955	58,5934	73,3817	58,5934	67,6433	58,5934	78,1697	58,5934	73,3516	58,5934	67,475	
58,7577	76,1972	58,7577	73,379	58,7577	67,6427	58,7577	80,0701	58,7577	73,3519	58,7577	67,4752	
58,9238	76,137	58,9238	73,3783	58,9238	67,6427	58,9238	77,0523	58,9238	73,3504	58,9238	67,475	
59,0896	75,6762	59,0896	73,3785	59,0896	67,6427	59,0896	78,0205	59,0896	73,3507	59,0896	67,4746	
59,2539	76,2	59,2539	73,3814	59,2539	67,6423	59,2539	78,1271	59,2539	73,3526	59,2539	67,475	
59,4179	76,1953	59,4179	73,3784	59,4179	67,6424	59,4179	78,1924	59,4179	73,3515	59,4179	67,4748	
59,5819	76,1907	59,5819	73,3781	59,5819	67,6432	59,5819	77,4048	59,5819	73,3522	59,5819	67,4751	
59,7456	76,1945	59,7456	73,3788	59,7456	67,6428	59,7456	78,1096	59,7456	73,351	59,7456	67,4748	
59,9101	76,1939	59,9101	73,3785	59,9101	67,643	59,9101	77,403	59,9101	73,3515	59,9101	67,4742	
60,0741	76,1921	60,0741	73,3797	60,0741	67,6429	60,0741	78,1784	60,0741	73,3518	60,0741	67,475	
60,2384	76,1955	60,2384	73,3787	60,2384	67,6427	60,2384	78,0351	60,2384	73,3524	60,2384	67,4747	
60,4034	76,1937	60,4034	73,3784	60,4034	67,6431	60,4034	78,2328	60,4034	73,3515	60,4034	67,4753	
60,5668	76,1375	60,5668	73,3783	60,5668	67,6426	60,5668	76,9527	60,5668	73,3509	60,5668	67,4746	
60,7303	76,1486	60,7303	73,3784	60,7303	67,6426	60,7303	78,1064	60,7303	73,3488	60,7303	67,4743	
60,8942	76,1515	60,8942	73,3781	60,8942	67,6433	60,8942	77,172	60,8942	73,3518	60,8942	67,475	
61,0577	76,1971	61,0577	73,3784	61,0577	67,6426	61,0577	71,1907	61,0577	73,3519	61,0577	67,475	
61,2212	76,193	61,2212	73,3785	61,2212	67,6424	61,2212	76,9855	61,2212	73,35	61,2212	67,4747	
61,3849	76,1897	61,3849	73,3785	61,3849	67,6429	61,3849	78,048	61,3849	73,3509	61,3849	67,475	
61,5486	76,192	61,5486	73,379	61,5486	67,6424	61,5486	78,0941	61,5486	73,3525	61,5486	67,4746	
61,7126	76,1997	61,7126	73,3809	61,7126	67,6427	61,7126	78,0842	61,7126	73,3519	61,7126	67,4752	
61,8766	76,1359	61,8766	73,3799	61,8766	67,6427	61,8766	79,8023	61,8766	73,3516	61,8766	67,4743	
62,0414	76,1998	62,0414	73,379	62,0414	67,6427	62,0414	78,0389	62,0414	73,3498	62,0414	67,4744	
62,2048	76,1921	62,2048	73,3783	62,2048	67,6429	62,2048	78,0209	62,2048	73,3514	62,2048	67,4751	
62,3683	75,6799	62,3683	73,3775	62,3683	67,6425	62,3683	78,177	62,3683	73,3513	62,3683	67,475	
62,5322	76,1915	62,5322	73,3782	62,5322	67,6427	62,5322	74,7493	62,5322	73,3506	62,5322	67,4749	
62,696	76,1956	62,696	73,3788	62,696	67,6433	62,696	80,3652	62,696	73,351	62,696	67,4753	
62,8594	76,1894	62,8594	73,3781	62,8594	67,6425	62,8594	78,0204	62,8594	73,3504	62,8594	67,4747	
63,0231	76,1908	63,0231	73,3784	63,0231	67,6424	63,0231	78,341	63,0231	73,3507	63,0231	67,4746	
63,1871	75,6785	63,1871	73,3788	63,1871	67,6426	63,1871	78,4955	63,1871	73,3518	63,1871	67,4741	
63,3508	76,1961	63,3508	73,3784	63,3508	67,6425	63,3508	74,2098	63,3508	73,352	63,3508	67,475	
63,5146	76,1975	63,5146	73,3788	63,5146	67,6425	63,5146	78,0925	63,5146	73,3514	63,5146	67,4749	
63,6791	75,6727	63,6791	73,3798	63,6791	67,6425	63,6791	78,1974	63,6791	73,3502	63,6791	67,4748	
63,8431	76,1899	63,8431	73,3787	63,8431	67,6425	63,8431	78,0242	63,8431	73,3508	63,8431	67,4747	
64,0073	76,1896	64,0073	73,3788	64,0073	67,6425	64,0073	78,0427	64,0073	73,3517	64,0073	67,4749	
64,1716	75,6804	64,1716	73,3783	64,1716	67,6417	64,1716	78,9985	64,1716	73,3512	64,1716	67,4745	
64,3356	76,1959	64,3356	73,3783	64,3356	67,6421	64,3356	78,0261	64,3356	73,3505	64,3356	67,4747	
64,4996	76,1945	64,4996	73,3771	64,4996	67,6423	64,4996	78,5537	64,4996	73,3498	64,4996	67,4749	
64,6639	76,199	64,6639	73,3785	64,6639	67,6423	64,6639	78,0377	64,6639	73,3519	64,6639	67,4744	
64,8277	76,1514	64,8277	73,3784	64,8277	67,6422	64,8277	78,1307	64,8277	73,3515	64,8277	67,4746	
64,9919	76,2006	64,9919	73,378	64,9919	67,6425	64,9919	78,2923	64,9919	73,3515	64,9919	67,4743	
65,1553	76,1924	65,1553	73,3788	65,1553	67,6426	65,1553	78,0389	65,1553	73,3511	65,1553	67,4748	
65,3191	76,1914	65,3191	73,3783	65,3191	67,6427	65,3191	77,2946	65,3191	73,351	65,3191	67,4745	
65,483	76,1977	65,483	73,3803	65,483	67,6424	65,483	77,5048	65,483	73,3519	65,483	67,475	
65,6468	76,1927	65,6468	73,377	65,6468	67,6418	65,6468	78,1392	65,6468	73,35	65,6468	67,4746	
65,8105	76,1952	65,8105	73,3775	65,8105	67,6423	65,8105	76,5216	65,8105	73,3511	65,8105	67,4738	
65,9747	76,196	65,9747	73,3805	65,9747	67,6423	65,9747	78,051	65,9747	73,3516	65,9747	67,4752	
66,1385	76,1996	66,1385	73,378	66,1385	67,6425	66,1385	79,0494	66,1385	73,3515	66,1385	67,4746	
66,3027	76,1507	66,3027	73,3786	66,3027	67,6422	66,3027	78,1248	66,3027	73,351	66,3027	67,4748	
66,4664	76,1894	66,4664	73,3778	66,4664	67,6422	66,4664	78,0942	66,4664	73,3527	66,4664	67,4747	
66,6298	76,1467	66,6298	73,4001	66,6298	67,653	66,6298	78,0418	66,6298	73,3523	66,6298	67,4748	
66,7935	76,1864	66,7935	73,4257	66,7935	67,6782	66,7935	78,1189	66,7935	73,3527	66,7935	67,4749	
66,9576	76,1499	66,9576	73,3987	66,9576	67,6609	66,9576	80,3268	66,9576	73,3508	66,9576	67,4751	
67,121	76,1892	67,121	73,4008	67,121	67,664	67,121	78,1178	67,121	73,3509	67,121	67,4746	
67,2847	76,1926	67,2847	73,4007	67,2847	67,665	67,2847	78,0285	67,2847	73,3502	67,2847	67,4752	
67,449	76,1426	67,449	73,4009	67,449	67,6657	67,449	77,0509	67,449	73,3513	67,449	67,4751	
67,6127	76,1863	67,6127	73,4007	67,6127	67,6658	67,6127	77,5906	67,6127	73,3496	67,6127	67,474	
67,7767	76,1891	67,7767	73,3991	67,7767	67,6658	67,7767	80,1971	67,7767	73,3511	67,7767	67,4751	
67,9404	76,198	67,9404	73,3987	67,9404	67,6656	67,9404	78,0628	67,9404	73,3495	67,9404	67,4749	
68,1044	76,134	68,1044	73,3969	68,1044	67,6648	68,1044	78,0191	68,1044	73,3519	68,1044	67,4748	
68,2683	76,1872	68,2683	73,3952	68,2683	67,6643	68,2683	78,1134	68,2683	73,3515	68,2683	67,4745	
68,4324	76,201	68,4324	73,394	68,4324	67,6634	68,4324	78,084	68,4324	73,35	68,4324	67,4755	
68,5961	76,1998	68,5961	73,392	68,5961	67,663	68,5961	78,0371	68,5961	73,3509	68,5961	67,4755	
68,7596	76,1942	68,7596	73,3917	68,7596	67,6621	68,7596	77,6739	68,7596	73,3505	68,7596	67,4751	
68,9232	75,6712	68,9232	73,3898	68,9232	67,6608	68,9232	78,3203	68,9232	73,3517	68,9232	67,4748	
69,087	76,1921	69,087	73,3881	69,087	67,6605	69,087	76,1774	69,087	73,3514	69,087	67,4745	
69,2507	75,6723	69,2507	73,388	69,2507	67,6596	69,2507	78,0975	69,2507	73,3514	69,2507	67,4753	
69,4144	76,1409	69,4144	73,3872	69,4144	67,6594	69,4144	77,0947	69,4144	73,3528	69,4144	67,4748	
69,5784	76,1882	69,5784	73,3861	69,5784	67,6592	69,5784	78,0385	69,5784	73,3528	69,5784	67,4749	
69,7423	76,1934	69,7423	73,3846	69,7423	67,6582	69,7423	77,2445	69,7423	73,352	69,7423	67,4753	
69,9061	76,1962	69,9061	73,3838	69,9061	67,658	69,9061	78,0656	69,9061	73,3513	69,9061	67,4754	
70,0697	76,1948	70,0697	73,3824	70,0697	67,6575	70,0697	78,0701	70,0697	73,3511	70,0697	67,4752	
70,2337	76,1914	70,2337	73,3849	70,2337	67,6571	70,2337	79,1628	70,2337	73,3522	70,2337	67,4752	
70,3977	76,1539	70,3977	73,381	70,3977	67,6567	70,3977	78,2306	70,3977	73,3518	70,3977	67,4754	
70,5617	75,678	70,5617	73,3828	70,5617	67,6562	70,5617	78,2466	70,5617	73,3515	70,5617	67,4746	
70,7254	76,1926	70,7254	73,3804	70,7254	67,6558	70,7254	78,1641	70,7254	73,3528	70,7254	67,4749	
70,8891	76,1557	70,8891	73,3812	70,8891	67,6554	70,8891	78,0925	70,8891	73,3512	70,8891	67,4753	
71,0528	76,197	71,0528	73,3777	71,0528	67,6553	71,0528	78,1338	71,0528	73,35	71,0528	67,4755	
71,2162	76,1999	71,2162	73,379	71,2162	67,6551	71,2162	73,1479	71,2162	73,3522	71,2162	67,4754	
71,3797	76,1946	71,3797	73,3795	71,3797	67,6551	71,3797	78,2372	71,3797	73,3499	71,3797	67,4752	
71,5434	76,201	71,5434	73,3786	71,5434	67,6546	71,5434	77,3009	71,5434	73,3524	71,5434	67,4753	
71,7071	76,1952	71,7071	73,3779	71,7071	67,6541	71,7071	78,0408	71,7071	73,3514	71,7071	67,4748	
71,8708	75,6811	71,8708	73,3789	71,8708	67,6543	71,8708	77,4931	71,8708	73,3531	71,8708	67,4753	
72,0348	76,1956	72,0348	73,377	72,0348	67,6539	72,0348	77,5816	72,0348	73,3517	72,0348	67,4751	
72,199	76,1502	72,199	73,3774	72,199	67,6538	72,199	78,2552	72,199	73,3519	72,199	67,4752	
72,363	76,1931	72,363	73,3761	72,363	67,6534	72,363	78,4502	72,363	73,3525	72,363	67,4754	
72,527	76,1916	72,527	73,3757	72,527	67,6524	72,527	78,1502	72,527	73,3519	72,527	67,4753	
72,691	76,1968	72,691	73,3748	72,691	67,6524	72,691	78,0894	72,691	73,3502	72,691	67,4754	
72,855	76,1992	72,855	73,3742	72,855	67,6519	72,855	78,1545	72,855	73,3512	72,855	67,4753	
73,0191	76,1971	73,0191	73,3742	73,0191	67,6518	73,0191	74,6058	73,0191	73,3529	73,0191	67,4753	
73,1828	76,198	73,1828	73,3743	73,1828	67,6514	73,1828	78,0918	73,1828	73,3525	73,1828	67,4754	
73,3467	76,1527	73,3467	73,3741	73,3467	67,6503	73,3467	78,1121	73,3467	73,3525	73,3467	67,4757	
73,5105	76,1951	73,5105	73,3743	73,5105	67,65	73,5105	78,1698	73,5105	73,3525	73,5105	67,4757	
73,6742	76,1973	73,6742	73,3734	73,6742	67,6495	73,6742	79,788	73,6742	73,3524	73,6742	67,4751	
73,8382	76,1909	73,8382	73,3716	73,8382	67,6495	73,8382	78,0416	73,8382	73,3516	73,8382	67,4752	
74,0021	76,1931	74,0021	73,3702	74,0021	67,6486	74,0021	77,2744	74,0021	73,3512	74,0021	67,4748	
74,1661	76,1974	74,1661	73,3699	74,1661	67,6475	74,1661	76,4209	74,1661	73,3512	74,1661	67,4747	
74,3306	75,6772	74,3306	73,3703	74,3306	67,647	74,3306	78,0921	74,3306	73,3516	74,3306	67,4752	
74,4943	75,6805	74,4943	73,3706	74,4943	67,6468	74,4943	78,1172	74,4943	73,3517	74,4943	67,475	
74,6585	75,6789	74,6585	73,3661	74,6585	67,6448	74,6585	78,0461	74,6585	73,3536	74,6585	67,4751	
74,8225	76,1955	74,8225	73,3621	74,8225	67,6407	74,8225	77,6746	74,8225	73,3534	74,8225	67,4752	
74,9873	75,6795	74,9873	73,3589	74,9873	67,6385	74,9873	76,9746	74,9873	73,3517	74,9873	67,4754	
75,1512	76,1434	75,1512	73,3557	75,1512	67,635	75,1512	79,3367	75,1512	73,352	75,1512	67,475	
75,3155	76,1503	75,3155	73,3551	75,3155	67,6324	75,3155	78,067	75,3155	73,3528	75,3155	67,4751	
75,4795	76,1983	75,4795	73,3503	75,4795	67,6304	75,4795	78,9213	75,4795	73,3514	75,4795	67,4746	
75,6435	76,1989	75,6435	73,3391	75,6435	67,6238	75,6435	78,0879	75,6435	73,3519	75,6435	67,4752	
75,8093	76,2094	75,8093	73,3107	75,8093	67,6069	75,8093	78,172	75,8093	73,3499	75,8093	67,475	
75,9736	76,1675	75,9736	73,2921	75,9736	67,5963	75,9736	78,0528	75,9736	73,3503	75,9736	67,475	
76,1373	76,2119	76,1373	73,2872	76,1373	67,5917	76,1373	78,0648	76,1373	73,3512	76,1373	67,4746	
76,301	76,2083	76,301	73,2839	76,301	67,5901	76,301	78,0419	76,301	73,3507	76,301	67,4753	
76,4653	76,2084	76,4653	73,2806	76,4653	67,589	76,4653	78,1759	76,4653	73,3505	76,4653	67,4749	
76,6293	76,2043	76,6293	73,2798	76,6293	67,5891	76,6293	78,4804	76,6293	73,3525	76,6293	67,4743	
76,7932	76,1761	76,7932	73,2792	76,7932	67,5892	76,7932	78,0099	76,7932	73,3505	76,7932	67,4749	
76,9577	76,2102	76,9577	73,2808	76,9577	67,589	76,9577	78,0699	76,9577	73,3516	76,9577	67,4752	
77,1217	76,2086	77,1217	73,2802	77,1217	67,589	77,1217	77,1827	77,1217	73,3497	77,1217	67,475	
77,286	75,7061	77,286	73,2789	77,286	67,5885	77,286	77,6569	77,286	73,3514	77,286	67,4744	
77,4505	76,172	77,4505	73,281	77,4505	67,5887	77,4505	78,06	77,4505	73,3511	77,4505	67,4747	
77,6143	76,206	77,6143	73,2819	77,6143	67,5883	77,6143	77,5564	77,6143	73,3521	77,6143	67,4744	
77,7782	76,2128	77,7782	73,2794	77,7782	67,5883	77,7782	78,0335	77,7782	73,3506	77,7782	67,4749	
77,9422	76,211	77,9422	73,2803	77,9422	67,5884	77,9422	78,0418	77,9422	73,3505	77,9422	67,4749	
78,1062	76,2138	78,1062	73,2779	78,1062	67,5885	78,1062	78,6158	78,1062	73,3516	78,1062	67,4746	
78,271	76,2087	78,271	73,2814	78,271	67,5881	78,271	78,0428	78,271	73,3513	78,271	67,4748	
78,4352	76,2088	78,4352	73,278	78,4352	67,5884	78,4352	76,869	78,4352	73,3509	78,4352	67,475	
78,599	76,2088	78,599	73,2804	78,599	67,5883	78,599	78,0224	78,599	73,3517	78,599	67,475	
78,7629	76,2092	78,7629	73,2799	78,7629	67,5879	78,7629	83,5921	78,7629	73,3491	78,7629	67,475	
78,9269	76,2084	78,9269	73,2801	78,9269	67,5881	78,9269	78,1591	78,9269	73,3513	78,9269	67,4749	
79,0903	76,2083	79,0903	73,2803	79,0903	67,5883	79,0903	78,1707	79,0903	73,3504	79,0903	67,4746	
79,2545	76,2081	79,2545	73,2807	79,2545	67,5881	79,2545	78,1175	79,2545	73,3502	79,2545	67,4745	
79,4185	76,212	79,4185	73,2803	79,4185	67,5878	79,4185	78,5013	79,4185	73,3499	79,4185	67,4745	
79,5825	76,1705	79,5825	73,2796	79,5825	67,5878	79,5825	78,0871	79,5825	73,3502	79,5825	67,4744	
79,7459	76,2123	79,7459	73,2804	79,7459	67,5881	79,7459	78,456	79,7459	73,3501	79,7459	67,475	
79,9099	76,1554	79,9099	73,2796	79,9099	67,5876	79,9099	76,9495	79,9099	73,3515	79,9099	67,4746	
80,0745	76,1715	80,0745	73,2798	80,0745	67,588	80,0745	77,3142	80,0745	73,3509	80,0745	67,4741	
80,2392	76,2136	80,2392	73,28	80,2392	67,5874	80,2392	77,337	80,2392	73,3507	80,2392	67,475	
80,4029	76,2055	80,4029	73,2788	80,4029	67,5883	80,4029	78,1436	80,4029	73,3508	80,4029	67,4749	
80,567	76,2072	80,567	73,2795	80,567	67,5877	80,567	76,2371	80,567	73,3492	80,567	67,475	
80,7315	76,2119	80,7315	73,2779	80,7315	67,5877	80,7315	78,0994	80,7315	73,3514	80,7315	67,4751	
80,8958	76,1712	80,8958	73,2773	80,8958	67,5876	80,8958	78,0345	80,8958	73,3506	80,8958	67,4746	
81,06	76,2067	81,06	73,28	81,06	67,5873	81,06	100,209	81,06	73,3504	81,06	67,4745	
81,2243	76,2043	81,2243	73,277	81,2243	67,5876	81,2243	78,0563	81,2243	73,3499	81,2243	67,4747	
81,3877	76,1609	81,3877	73,2793	81,3877	67,5873	81,3877	78,2274	81,3877	73,3527	81,3877	67,4745	
81,5522	76,2056	81,5522	73,2796	81,5522	67,5872	81,5522	78,1777	81,5522	73,352	81,5522	67,4743	
81,7168	76,214	81,7168	73,2798	81,7168	67,5875	81,7168	77,5999	81,7168	73,3511	81,7168	67,4744	
81,8813	76,2056	81,8813	73,2779	81,8813	67,588	81,8813	78,0682	81,8813	73,3515	81,8813	67,4749	
82,0451	76,2057	82,0451	73,2797	82,0451	67,5873	82,0451	78,0705	82,0451	73,3493	82,0451	67,4744	
82,2093	76,2131	82,2093	73,2787	82,2093	67,5868	82,2093	78,18	82,2093	73,3502	82,2093	67,4746	
82,3733	76,2086	82,3733	73,2784	82,3733	67,5872	82,3733	77,1377	82,3733	73,3491	82,3733	67,4739	
82,537	76,1707	82,537	73,2789	82,537	67,5873	82,537	80,7156	82,537	73,3499	82,537	67,4744	
82,7013	76,1611	82,7013	73,2773	82,7013	67,5876	82,7013	78,0196	82,7013	73,3497	82,7013	67,474	
82,8658	76,2099	82,8658	73,278	82,8658	67,5872	82,8658	78,0849	82,8658	73,3508	82,8658	67,475	
83,0298	76,2166	83,0298	73,2773	83,0298	67,5871	83,0298	78,0393	83,0298	73,3508	83,0298	67,4746	
83,1946	76,2078	83,1946	73,2795	83,1946	67,5872	83,1946	76,8799	83,1946	73,3514	83,1946	67,4749	
83,3588	76,1722	83,3588	73,2768	83,3588	67,587	83,3588	77,6407	83,3588	73,3508	83,3588	67,4747	
