Time (min) - L1 670nm	 - L1 670nm	Time (min) - L2 785nm	 - L2 785nm	Time (min) - L3 980nm	 - L3 980nm	Time (min) - L5 670nm	 - L5 670nm	Time (min) - L6 785nm	 - L6 785nm	Time (min) - L7 980nm	 - L7 980nm	
0,175067	75,368	0,175067	70,4654	0,175067	66,3932	0,175067	76,0174	0,175067	70,4394	0,175067	66,2612	
0,339017	75,3775	0,339017	70,4604	0,339017	66,3933	0,339017	76,0167	0,339017	70,4393	0,339017	66,2603	
0,503533	75,379	0,503533	70,4577	0,503533	66,3935	0,503533	76,0177	0,503533	70,4389	0,503533	66,2611	
0,66865	75,3746	0,66865	70,4598	0,66865	66,3932	0,66865	76,0151	0,66865	70,4385	0,66865	66,2607	
0,832883	75,3746	0,832883	70,4628	0,832883	66,3924	0,832883	76,0168	0,832883	70,4383	0,832883	66,2609	
0,9966	75,3748	0,9966	70,4568	0,9966	66,3923	0,9966	76,0182	0,9966	70,436	0,9966	66,2608	
1,16087	75,3752	1,16087	70,4579	1,16087	66,393	1,16087	76,0181	1,16087	70,4377	1,16087	66,2609	
1,32538	75,3735	1,32538	70,4603	1,32538	66,3928	1,32538	76,0134	1,32538	70,4393	1,32538	66,2605	
1,4894	75,3742	1,4894	70,4601	1,4894	66,3936	1,4894	76,0182	1,4894	70,4365	1,4894	66,2606	
1,65363	75,3821	1,65363	70,4565	1,65363	66,3931	1,65363	76,0204	1,65363	70,4362	1,65363	66,2612	
1,81763	75,3784	1,81763	70,4571	1,81763	66,3936	1,81763	76,02	1,81763	70,4382	1,81763	66,2608	
1,9816	75,3764	1,9816	70,4597	1,9816	66,3926	1,9816	76,0146	1,9816	70,4385	1,9816	66,2608	
2,14532	75,3829	2,14532	70,4592	2,14532	66,3922	2,14532	76,0205	2,14532	70,4385	2,14532	66,2611	
2,30955	75,3808	2,30955	70,4586	2,30955	66,3931	2,30955	76,0188	2,30955	70,4389	2,30955	66,2609	
2,4733	75,3735	2,4733	70,4574	2,4733	66,3927	2,4733	76,0176	2,4733	70,4389	2,4733	66,2608	
2,63715	75,3807	2,63715	70,4573	2,63715	66,3934	2,63715	76,0169	2,63715	70,4377	2,63715	66,2604	
2,80087	75,3815	2,80087	70,4606	2,80087	66,3937	2,80087	76,0177	2,80087	70,4382	2,80087	66,2609	
2,96455	75,3797	2,96455	70,4593	2,96455	66,3934	2,96455	76,0125	2,96455	70,4373	2,96455	66,2612	
3,12903	75,3781	3,12903	70,4589	3,12903	66,3934	3,12903	76,0138	3,12903	70,4373	3,12903	66,261	
3,29277	75,3841	3,29277	70,4593	3,29277	66,3928	3,29277	76,0198	3,29277	70,4388	3,29277	66,2607	
3,45647	75,3724	3,45647	70,4577	3,45647	66,3925	3,45647	76,0207	3,45647	70,4366	3,45647	66,2608	
3,62045	75,3762	3,62045	70,4574	3,62045	66,3925	3,62045	76,0196	3,62045	70,437	3,62045	66,2607	
3,78442	75,3752	3,78442	70,4573	3,78442	66,3928	3,78442	76,0173	3,78442	70,4385	3,78442	66,2603	
3,94918	75,3817	3,94918	70,46	3,94918	66,3922	3,94918	76,0192	3,94918	70,4378	3,94918	66,2608	
4,11368	75,3813	4,11368	70,4582	4,11368	66,3926	4,11368	76,0185	4,11368	70,4386	4,11368	66,261	
4,27823	75,3752	4,27823	70,4596	4,27823	66,3926	4,27823	76,0172	4,27823	70,4372	4,27823	66,2608	
4,44247	75,3823	4,44247	70,4592	4,44247	66,3927	4,44247	76,0206	4,44247	70,437	4,44247	66,2609	
4,60647	75,3823	4,60647	70,4637	4,60647	66,3928	4,60647	76,0205	4,60647	70,439	4,60647	66,2605	
4,77072	75,3807	4,77072	70,4643	4,77072	66,3926	4,77072	76,0183	4,77072	70,4369	4,77072	66,2611	
4,93468	75,3745	4,93468	70,459	4,93468	66,3924	4,93468	76,0143	4,93468	70,4385	4,93468	66,2608	
5,09838	75,3806	5,09838	70,4591	5,09838	66,3934	5,09838	76,0194	5,09838	70,4385	5,09838	66,2608	
5,26242	75,3718	5,26242	70,4584	5,26242	66,3924	5,26242	76,0166	5,26242	70,4386	5,26242	66,2609	
5,4264	75,3787	5,4264	70,4614	5,4264	66,3923	5,4264	76,018	5,4264	70,4392	5,4264	66,261	
5,59067	75,3746	5,59067	70,4574	5,59067	66,3939	5,59067	76,0174	5,59067	70,4369	5,59067	66,2609	
5,75597	75,3748	5,75597	70,4572	5,75597	66,3926	5,75597	76,0201	5,75597	70,4382	5,75597	66,2611	
5,92022	75,3742	5,92022	70,4592	5,92022	66,3933	5,92022	76,0203	5,92022	70,4389	5,92022	66,2611	
6,08473	75,3798	6,08473	70,4562	6,08473	66,3923	6,08473	76,0194	6,08473	70,4378	6,08473	66,2608	
6,249	75,3814	6,249	70,4591	6,249	66,3927	6,249	76,0183	6,249	70,4363	6,249	66,2608	
6,41327	75,3803	6,41327	70,4579	6,41327	66,3924	6,41327	76,0184	6,41327	70,4363	6,41327	66,2611	
6,57698	75,3723	6,57698	70,459	6,57698	66,3932	6,57698	76,0199	6,57698	70,4389	6,57698	66,261	
6,74068	75,3724	6,74068	70,4573	6,74068	66,3926	6,74068	76,0178	6,74068	70,4365	6,74068	66,2606	
6,90465	75,3805	6,90465	70,4575	6,90465	66,3923	6,90465	76,0168	6,90465	70,4396	6,90465	66,2614	
7,06808	75,3771	7,06808	70,4575	7,06808	66,3926	7,06808	76,0155	7,06808	70,4386	7,06808	66,2614	
7,23207	75,3772	7,23207	70,4574	7,23207	66,3928	7,23207	76,0204	7,23207	70,4368	7,23207	66,26	
7,39605	75,3826	7,39605	70,4568	7,39605	66,3923	7,39605	76,0209	7,39605	70,4386	7,39605	66,2611	
7,55977	75,3739	7,55977	70,4581	7,55977	66,3926	7,55977	76,0189	7,55977	70,4398	7,55977	66,2613	
7,72375	75,3798	7,72375	70,4584	7,72375	66,3925	7,72375	76,0182	7,72375	70,4387	7,72375	66,2611	
7,8885	75,3814	7,8885	70,4588	7,8885	66,3928	7,8885	76,0185	7,8885	70,4385	7,8885	66,2612	
8,05252	75,3747	8,05252	70,4591	8,05252	66,3923	8,05252	76,0183	8,05252	70,4399	8,05252	66,2612	
8,21677	75,3734	8,21677	70,4568	8,21677	66,3923	8,21677	76,0184	8,21677	70,4389	8,21677	66,2609	
8,38078	75,3728	8,38078	70,4578	8,38078	66,3921	8,38078	76,011	8,38078	70,4377	8,38078	66,2611	
8,54532	75,3797	8,54532	70,4562	8,54532	66,3923	8,54532	76,0188	8,54532	70,4378	8,54532	66,2611	
8,7091	75,3726	8,7091	70,4571	8,7091	66,3921	8,7091	76,0169	8,7091	70,4388	8,7091	66,2607	
8,8728	75,3812	8,8728	70,4637	8,8728	66,3934	8,8728	76,0186	8,8728	70,4375	8,8728	66,2615	
9,03707	75,3737	9,03707	70,4588	9,03707	66,3929	9,03707	76,0184	9,03707	70,4373	9,03707	66,261	
9,20128	75,3717	9,20128	70,4583	9,20128	66,3928	9,20128	76,0194	9,20128	70,4384	9,20128	66,2612	
9,36525	75,3723	9,36525	70,4569	9,36525	66,3927	9,36525	76,0175	9,36525	70,437	9,36525	66,2609	
9,52897	75,3811	9,52897	70,4595	9,52897	66,3923	9,52897	76,0141	9,52897	70,4387	9,52897	66,2609	
9,69295	75,3725	9,69295	70,4588	9,69295	66,3926	9,69295	76,0175	9,69295	70,4382	9,69295	66,2614	
9,85695	75,3793	9,85695	70,459	9,85695	66,3925	9,85695	76,0194	9,85695	70,4377	9,85695	66,2612	
10,0212	75,3756	10,0212	70,4587	10,0212	66,3926	10,0212	76,0172	10,0212	70,4375	10,0212	66,261	
10,1847	75,3749	10,1847	70,459	10,1847	66,3927	10,1847	76,0183	10,1847	70,4364	10,1847	66,261	
10,35	75,376	10,35	70,4593	10,35	66,3923	10,35	76,0196	10,35	70,4381	10,35	66,2611	
10,514	75,3755	10,514	70,4569	10,514	66,3937	10,514	76,0169	10,514	70,4381	10,514	66,2609	
10,678	75,3806	10,678	70,4591	10,678	66,3923	10,678	76,0201	10,678	70,4361	10,678	66,2613	
10,842	75,3716	10,842	70,4561	10,842	66,3928	10,842	76,0153	10,842	70,4363	10,842	66,2612	
11,006	75,3726	11,006	70,4568	11,006	66,3925	11,006	76,0205	11,006	70,4367	11,006	66,261	
11,1697	75,3816	11,1697	70,4623	11,1697	66,3925	11,1697	76,0187	11,1697	70,4389	11,1697	66,2611	
11,3337	75,3767	11,3337	70,4592	11,3337	66,3925	11,3337	76,0147	11,3337	70,4393	11,3337	66,261	
11,4974	75,3826	11,4974	70,4572	11,4974	66,3926	11,4974	76,0209	11,4974	70,4387	11,4974	66,2609	
11,6628	75,3787	11,6628	70,4577	11,6628	66,3914	11,6628	76,0172	11,6628	70,437	11,6628	66,2603	
11,8267	75,3723	11,8267	70,4541	11,8267	66,3916	11,8267	76,0177	11,8267	70,4374	11,8267	66,2597	
11,991	75,3807	11,991	70,4558	11,991	66,3915	11,991	76,0167	11,991	70,4371	11,991	66,2588	
12,1569	75,3701	12,1569	70,4563	12,1569	66,3905	12,1569	76,0162	12,1569	70,4364	12,1569	66,2597	
12,3209	75,3761	12,3209	70,4565	12,3209	66,3911	12,3209	76,0125	12,3209	70,4374	12,3209	66,2604	
12,4846	75,3744	12,4846	70,4558	12,4846	66,3915	12,4846	76,018	12,4846	70,4362	12,4846	66,2603	
12,6486	75,3815	12,6486	70,458	12,6486	66,3906	12,6486	76,0201	12,6486	70,4377	12,6486	66,2602	
12,8128	75,369	12,8128	70,4572	12,8128	66,3926	12,8128	76,0175	12,8128	70,437	12,8128	66,2596	
12,9771	75,3735	12,9771	70,4575	12,9771	66,3929	12,9771	76,0171	12,9771	70,438	12,9771	66,2605	
13,1409	75,372	13,1409	70,4566	13,1409	66,3929	13,1409	76,0177	13,1409	70,4382	13,1409	66,2605	
13,3048	75,3707	13,3048	70,4569	13,3048	66,3915	13,3048	76,0179	13,3048	70,4367	13,3048	66,2609	
13,4688	75,3809	13,4688	70,4572	13,4688	66,3923	13,4688	76,0178	13,4688	70,4369	13,4688	66,2608	
13,6331	75,3742	13,6331	70,4549	13,6331	66,3918	13,6331	76,0199	13,6331	70,4372	13,6331	66,2608	
13,7972	75,3728	13,7972	70,4622	13,7972	66,3919	13,7972	76,0179	13,7972	70,4374	13,7972	66,261	
13,9607	75,3802	13,9607	70,4574	13,9607	66,3933	13,9607	76,0139	13,9607	70,4361	13,9607	66,2609	
14,1244	75,3809	14,1244	70,4567	14,1244	66,3929	14,1244	76,0198	14,1244	70,4362	14,1244	66,2603	
14,2879	75,3696	14,2879	70,457	14,2879	66,3924	14,2879	76,0183	14,2879	70,4375	14,2879	66,2613	
14,4516	75,3757	14,4516	70,4606	14,4516	66,3923	14,4516	76,0199	14,4516	70,4388	14,4516	66,2611	
14,6153	75,3823	14,6153	70,4575	14,6153	66,3923	14,6153	76,0189	14,6153	70,4364	14,6153	66,261	
14,779	75,3825	14,779	70,4584	14,779	66,3933	14,779	76,0201	14,779	70,4373	14,779	66,2608	
14,9435	75,3765	14,9435	70,4567	14,9435	66,3929	14,9435	76,0203	14,9435	70,4389	14,9435	66,2611	
15,108	75,3762	15,108	70,4588	15,108	66,3919	15,108	76,0233	15,108	70,437	15,108	66,2609	
15,2715	75,3747	15,2715	70,4587	15,2715	66,3934	15,2715	76,0187	15,2715	70,4378	15,2715	66,2598	
15,4357	75,3762	15,4357	70,4585	15,4357	66,3925	15,4357	76,0195	15,4357	70,4363	15,4357	66,261	
15,5997	75,3789	15,5997	70,4593	15,5997	66,3928	15,5997	76,0229	15,5997	70,4369	15,5997	66,2611	
15,7632	75,3729	15,7632	70,4593	15,7632	66,3927	15,7632	76,0185	15,7632	70,4389	15,7632	66,261	
15,9272	75,3729	15,9272	70,4577	15,9272	66,3924	15,9272	76,0186	15,9272	70,4387	15,9272	66,2611	
16,0916	75,3818	16,0916	70,4583	16,0916	66,3926	16,0916	76,019	16,0916	70,4367	16,0916	66,2608	
16,2553	75,3801	16,2553	70,4573	16,2553	66,3931	16,2553	76,0161	16,2553	70,439	16,2553	66,2609	
16,419	75,38	16,419	70,4611	16,419	66,3923	16,419	76,0198	16,419	70,4392	16,419	66,2613	
16,5835	75,3748	16,5835	70,4605	16,5835	66,3927	16,5835	76,0189	16,5835	70,4385	16,5835	66,2611	
16,7483	75,3763	16,7483	70,4598	16,7483	66,3932	16,7483	76,0206	16,7483	70,4377	16,7483	66,2616	
16,9123	75,3799	16,9123	70,4609	16,9123	66,3924	16,9123	76,0144	16,9123	70,4397	16,9123	66,2603	
17,0761	75,3747	17,0761	70,4628	17,0761	66,3924	17,0761	76,0199	17,0761	70,4392	17,0761	66,2614	
17,2403	75,3813	17,2403	70,4603	17,2403	66,3928	17,2403	76,0157	17,2403	70,4398	17,2403	66,261	
17,404	75,3805	17,404	70,4581	17,404	66,3925	17,404	76,0195	17,404	70,4378	17,404	66,2608	
17,5683	75,3745	17,5683	70,4586	17,5683	66,3932	17,5683	76,0165	17,5683	70,4357	17,5683	66,2612	
17,7323	75,3825	17,7323	70,457	17,7323	66,3915	17,7323	76,0191	17,7323	70,4366	17,7323	66,2606	
17,8962	75,3739	17,8962	70,4568	17,8962	66,3932	17,8962	76,0197	17,8962	70,4382	17,8962	66,2608	
18,0602	75,3823	18,0602	70,4573	18,0602	66,3931	18,0602	76,0193	18,0602	70,4395	18,0602	66,2613	
18,2242	75,3828	18,2242	70,4597	18,2242	66,3945	18,2242	76,0198	18,2242	70,4391	18,2242	66,2611	
18,3879	75,3824	18,3879	70,4617	18,3879	66,3948	18,3879	76,0204	18,3879	70,4365	18,3879	66,261	
18,5516	75,3835	18,5516	70,4627	18,5516	66,3962	18,5516	76,0188	18,5516	70,4386	18,5516	66,2611	
18,7153	75,3771	18,7153	70,4628	18,7153	66,3958	18,7153	76,0167	18,7153	70,4361	18,7153	66,2612	
18,8791	75,3801	18,8791	70,4637	18,8791	66,397	18,8791	76,0187	18,8791	70,439	18,8791	66,2614	
19,0428	75,3821	19,0428	70,4651	19,0428	66,3971	19,0428	76,0192	19,0428	70,4386	19,0428	66,2607	
19,2065	75,3777	19,2065	70,4671	19,2065	66,398	19,2065	76,0191	19,2065	70,4394	19,2065	66,2614	
19,3703	75,3794	19,3703	70,4679	19,3703	66,3983	19,3703	76,0192	19,3703	70,4374	19,3703	66,2613	
19,5342	75,3788	19,5342	70,468	19,5342	66,3991	19,5342	76,0194	19,5342	70,4393	19,5342	66,2615	
19,698	75,3798	19,698	70,4699	19,698	66,3999	19,698	76,0186	19,698	70,4381	19,698	66,2605	
19,8619	75,3833	19,8619	70,47	19,8619	66,4012	19,8619	76,0231	19,8619	70,4397	19,8619	66,2615	
20,0257	75,382	20,0257	70,4726	20,0257	66,4016	20,0257	76,0201	20,0257	70,4376	20,0257	66,2614	
20,1894	75,3919	20,1894	70,4719	20,1894	66,4016	20,1894	76,0195	20,1894	70,44	20,1894	66,2616	
20,3528	75,3907	20,3528	70,4743	20,3528	66,4013	20,3528	76,0217	20,3528	70,4398	20,3528	66,2609	
20,5165	75,3838	20,5165	70,4764	20,5165	66,4032	20,5165	76,0198	20,5165	70,4397	20,5165	66,2609	
20,6805	75,3854	20,6805	70,4775	20,6805	66,4028	20,6805	76,0212	20,6805	70,4398	20,6805	66,261	
20,8439	75,3856	20,8439	70,4738	20,8439	66,4031	20,8439	76,0195	20,8439	70,4394	20,8439	66,2617	
21,0076	75,3909	21,0076	70,4763	21,0076	66,4031	21,0076	76,0239	21,0076	70,4377	21,0076	66,2613	
21,1711	75,3853	21,1711	70,4765	21,1711	66,404	21,1711	76,0201	21,1711	70,4396	21,1711	66,2618	
21,3348	75,3895	21,3348	70,4835	21,3348	66,404	21,3348	76,019	21,3348	70,4387	21,3348	66,262	
21,4985	75,3897	21,4985	70,479	21,4985	66,4043	21,4985	76,0188	21,4985	70,4404	21,4985	66,2615	
21,662	75,3828	21,662	70,4784	21,662	66,4045	21,662	76,0199	21,662	70,4399	21,662	66,2619	
21,8257	75,3846	21,8257	70,4799	21,8257	66,4048	21,8257	76,0213	21,8257	70,439	21,8257	66,261	
21,9897	75,3945	21,9897	70,4806	21,9897	66,4045	21,9897	76,0159	21,9897	70,4375	21,9897	66,2616	
22,1539	75,3841	22,1539	70,4807	22,1539	66,4054	22,1539	76,0201	22,1539	70,4387	22,1539	66,262	
22,3179	75,3824	22,3179	70,4804	22,3179	66,406	22,3179	76,0189	22,3179	70,4402	22,3179	66,2619	
22,4819	75,3842	22,4819	70,4823	22,4819	66,4063	22,4819	76,0185	22,4819	70,4401	22,4819	66,2618	
22,6456	75,3839	22,6456	70,4799	22,6456	66,4074	22,6456	76,0192	22,6456	70,4399	22,6456	66,2612	
22,8096	75,3904	22,8096	70,4828	22,8096	66,4069	22,8096	76,0212	22,8096	70,44	22,8096	66,2621	
22,9736	75,3872	22,9736	70,483	22,9736	66,4062	22,9736	76,0213	22,9736	70,4404	22,9736	66,2616	
23,1381	75,3821	23,1381	70,4839	23,1381	66,407	23,1381	76,0188	23,1381	70,4406	23,1381	66,262	
23,3018	75,3932	23,3018	70,4842	23,3018	66,4063	23,3018	76,018	23,3018	70,4397	23,3018	66,2619	
23,4653	75,3846	23,4653	70,4838	23,4653	66,4069	23,4653	76,0203	23,4653	70,4401	23,4653	66,2618	
23,629	75,3829	23,629	70,4827	23,629	66,4081	23,629	76,0175	23,629	70,4402	23,629	66,2617	
23,7927	75,3877	23,7927	70,4908	23,7927	66,408	23,7927	76,0179	23,7927	70,4387	23,7927	66,2613	
23,9567	75,39	23,9567	70,486	23,9567	66,4073	23,9567	76,0213	23,9567	70,4389	23,9567	66,2619	
24,1201	75,3896	24,1201	70,4844	24,1201	66,4085	24,1201	76,0152	24,1201	70,4379	24,1201	66,2618	
24,2838	75,3814	24,2838	70,4854	24,2838	66,4074	24,2838	76,0199	24,2838	70,4398	24,2838	66,262	
24,4473	75,3963	24,4473	70,4854	24,4473	66,4088	24,4473	76,0182	24,4473	70,4402	24,4473	66,2621	
24,611	75,3888	24,611	70,485	24,611	66,4087	24,611	76,0157	24,611	70,441	24,611	66,2619	
24,775	75,3881	24,775	70,4865	24,775	66,4082	24,775	76,0154	24,775	70,4401	24,775	66,2618	
24,939	75,3879	24,939	70,485	24,939	66,4086	24,939	76,0168	24,939	70,4402	24,939	66,262	
25,1035	75,3973	25,1035	70,4844	25,1035	66,408	25,1035	76,0228	25,1035	70,44	25,1035	66,2618	
25,2675	75,3981	25,2675	70,4871	25,2675	66,4081	25,2675	76,0233	25,2675	70,4409	25,2675	66,2619	
25,4315	75,3884	25,4315	70,4866	25,4315	66,4078	25,4315	76,0235	25,4315	70,4399	25,4315	66,2619	
25,5961	75,3901	25,5961	70,4871	25,5961	66,4088	25,5961	76,0184	25,5961	70,4403	25,5961	66,2617	
25,7608	75,3882	25,7608	70,4867	25,7608	66,4083	25,7608	76,0188	25,7608	70,4402	25,7608	66,2624	
25,9246	75,3867	25,9246	70,4858	25,9246	66,4087	25,9246	76,0143	25,9246	70,4408	25,9246	66,2619	
26,0891	75,3878	26,0891	70,4857	26,0891	66,4078	26,0891	76,0186	26,0891	70,4406	26,0891	66,2622	
26,2526	75,3889	26,2526	70,4857	26,2526	66,4084	26,2526	76,0201	26,2526	70,4404	26,2526	66,2619	
26,4168	75,3873	26,4168	70,4879	26,4168	66,408	26,4168	76,021	26,4168	70,4407	26,4168	66,2618	
26,5805	75,3877	26,5805	70,4835	26,5805	66,4075	26,5805	76,0193	26,5805	70,4404	26,5805	66,2622	
26,7447	75,3867	26,7447	70,4848	26,7447	66,4073	26,7447	76,0191	26,7447	70,4402	26,7447	66,2619	
26,9089	75,3867	26,9089	70,484	26,9089	66,4069	26,9089	76,0198	26,9089	70,4403	26,9089	66,2618	
27,0732	75,3947	27,0732	70,484	27,0732	66,4066	27,0732	76,0193	27,0732	70,438	27,0732	66,2618	
27,2372	75,3839	27,2372	70,4888	27,2372	66,4063	27,2372	76,019	27,2372	70,4385	27,2372	66,261	
27,4017	75,3948	27,4017	70,4822	27,4017	66,4062	27,4017	76,0138	27,4017	70,4378	27,4017	66,262	
27,5654	75,3879	27,5654	70,4837	27,5654	66,406	27,5654	76,0183	27,5654	70,4389	27,5654	66,2622	
27,7294	75,3884	27,7294	70,483	27,7294	66,4065	27,7294	76,0211	27,7294	70,4397	27,7294	66,2623	
27,8939	75,3898	27,8939	70,4832	27,8939	66,4054	27,8939	76,0232	27,8939	70,4382	27,8939	66,2621	
28,0579	75,3865	28,0579	70,481	28,0579	66,4054	28,0579	76,0208	28,0579	70,4397	28,0579	66,2614	
28,2216	75,3952	28,2216	70,4813	28,2216	66,4055	28,2216	76,0222	28,2216	70,4378	28,2216	66,2613	
28,3859	75,3874	28,3859	70,4822	28,3859	66,4067	28,3859	76,0225	28,3859	70,4405	28,3859	66,2611	
28,5499	75,3864	28,5499	70,482	28,5499	66,4054	28,5499	76,0223	28,5499	70,4396	28,5499	66,261	
28,7146	75,3863	28,7146	70,4817	28,7146	66,4057	28,7146	76,023	28,7146	70,4398	28,7146	66,262	
28,8789	75,3857	28,8789	70,4818	28,8789	66,4053	28,8789	76,0217	28,8789	70,4391	28,8789	66,2621	
29,0424	75,3876	29,0424	70,4811	29,0424	66,4054	29,0424	76,0219	29,0424	70,4379	29,0424	66,2617	
29,2069	75,3865	29,2069	70,4813	29,2069	66,4054	29,2069	76,0177	29,2069	70,4379	29,2069	66,2618	
29,3712	75,382	29,3712	70,4806	29,3712	66,4048	29,3712	76,0189	29,3712	70,4383	29,3712	66,2616	
29,5363	75,386	29,5363	70,4801	29,5363	66,4057	29,5363	76,0186	29,5363	70,439	29,5363	66,261	
29,7003	75,3876	29,7003	70,4798	29,7003	66,4065	29,7003	76,0212	29,7003	70,4389	29,7003	66,2619	
29,8645	75,3841	29,8645	70,4816	29,8645	66,4044	29,8645	76,0207	29,8645	70,4382	29,8645	66,2609	
30,0294	75,3876	30,0294	70,4799	30,0294	66,4049	30,0294	76,0214	30,0294	70,4392	30,0294	66,2617	
30,1939	75,387	30,1939	70,4805	30,1939	66,4039	30,1939	76,0194	30,1939	70,4398	30,1939	66,2609	
30,3582	75,3825	30,3582	70,4799	30,3582	66,4047	30,3582	76,0169	30,3582	70,4405	30,3582	66,2616	
30,5219	75,3842	30,5219	70,4817	30,5219	66,4049	30,5219	76,0192	30,5219	70,4395	30,5219	66,2609	
30,6856	75,3848	30,6856	70,4813	30,6856	66,4053	30,6856	76,0197	30,6856	70,4387	30,6856	66,2622	
30,8491	75,3872	30,8491	70,4812	30,8491	66,405	30,8491	76,0212	30,8491	70,4398	30,8491	66,2617	
31,0131	75,3882	31,0131	70,4812	31,0131	66,4057	31,0131	76,0218	31,0131	70,4394	31,0131	66,2606	
31,1776	75,3869	31,1776	70,48	31,1776	66,4041	31,1776	76,0216	31,1776	70,4403	31,1776	66,2619	
31,3418	75,3838	31,3418	70,4793	31,3418	66,4052	31,3418	76,0202	31,3418	70,4401	31,3418	66,2615	
31,5058	75,3848	31,5058	70,4788	31,5058	66,4055	31,5058	76,0188	31,5058	70,4392	31,5058	66,2607	
31,6702	75,3838	31,6702	70,481	31,6702	66,4048	31,6702	76,0194	31,6702	70,4398	31,6702	66,2619	
31,8342	75,3866	31,8342	70,48	31,8342	66,4046	31,8342	76,0181	31,8342	70,4391	31,8342	66,2607	
31,9982	75,3888	31,9982	70,479	31,9982	66,405	31,9982	76,0237	31,9982	70,4394	31,9982	66,262	
32,1627	75,3894	32,1627	70,4793	32,1627	66,4042	32,1627	76,0217	32,1627	70,4378	32,1627	66,262	
32,3266	75,3887	32,3266	70,4794	32,3266	66,4049	32,3266	76,0209	32,3266	70,437	32,3266	66,2618	
32,4903	75,3879	32,4903	70,4796	32,4903	66,4056	32,4903	76,0224	32,4903	70,4404	32,4903	66,2615	
32,6543	75,3951	32,6543	70,4784	32,6543	66,4043	32,6543	76,0225	32,6543	70,4396	32,6543	66,2618	
32,8178	75,3859	32,8178	70,4816	32,8178	66,4046	32,8178	76,0248	32,8178	70,4398	32,8178	66,2609	
32,9818	75,3923	32,9818	70,4787	32,9818	66,4046	32,9818	76,0206	32,9818	70,4409	32,9818	66,2613	
33,1452	75,385	33,1452	70,4804	33,1452	66,4048	33,1452	76,0199	33,1452	70,4395	33,1452	66,2617	
33,3089	75,3856	33,3089	70,4787	33,3089	66,4044	33,3089	76,0183	33,3089	70,439	33,3089	66,2613	
33,4731	75,3843	33,4731	70,4786	33,4731	66,4057	33,4731	76,021	33,4731	70,4396	33,4731	66,261	
33,6374	75,394	33,6374	70,4792	33,6374	66,4044	33,6374	76,0217	33,6374	70,4372	33,6374	66,2609	
33,8014	75,3867	33,8014	70,479	33,8014	66,4046	33,8014	76,0225	33,8014	70,4393	33,8014	66,2619	
33,9651	75,3861	33,9651	70,4808	33,9651	66,4043	33,9651	76,0239	33,9651	70,4403	33,9651	66,261	
34,1288	75,3952	34,1288	70,4801	34,1288	66,4053	34,1288	76,0221	34,1288	70,4399	34,1288	66,2616	
34,293	75,3941	34,293	70,4781	34,293	66,405	34,293	76,0202	34,293	70,4396	34,293	66,2619	
34,457	75,3922	34,457	70,4782	34,457	66,4047	34,457	76,0207	34,457	70,4393	34,457	66,2619	
34,6218	75,384	34,6218	70,4811	34,6218	66,4049	34,6218	76,021	34,6218	70,4404	34,6218	66,2617	
34,7864	75,3863	34,7864	70,4802	34,7864	66,4044	34,7864	76,022	34,7864	70,438	34,7864	66,2613	
34,9506	75,3856	34,9506	70,4788	34,9506	66,4061	34,9506	76,0214	34,9506	70,4399	34,9506	66,2616	
35,1143	75,3849	35,1143	70,48	35,1143	66,4046	35,1143	76,0234	35,1143	70,4393	35,1143	66,2618	
35,2786	75,3873	35,2786	70,4786	35,2786	66,4039	35,2786	76,0223	35,2786	70,4397	35,2786	66,2607	
35,4432	75,3863	35,4432	70,4803	35,4432	66,4041	35,4432	76,0199	35,4432	70,4386	35,4432	66,2616	
35,6072	75,383	35,6072	70,479	35,6072	66,4048	35,6072	76,0206	35,6072	70,4394	35,6072	66,2618	
35,7707	75,3855	35,7707	70,4789	35,7707	66,4044	35,7707	76,0199	35,7707	70,4376	35,7707	66,2617	
35,9347	75,3834	35,9347	70,4788	35,9347	66,4035	35,9347	76,0212	35,9347	70,4397	35,9347	66,2617	
36,0986	75,3868	36,0986	70,4797	36,0986	66,404	36,0986	76,0207	36,0986	70,44	36,0986	66,2619	
36,2628	75,3842	36,2628	70,4796	36,2628	66,4041	36,2628	76,0201	36,2628	70,4398	36,2628	66,2614	
36,427	75,3854	36,427	70,4781	36,427	66,4043	36,427	76,0201	36,427	70,4377	36,427	66,2617	
36,5913	75,3876	36,5913	70,4809	36,5913	66,4041	36,5913	76,0203	36,5913	70,4405	36,5913	66,2615	
36,7547	75,3852	36,7547	70,4802	36,7547	66,4042	36,7547	76,0219	36,7547	70,4389	36,7547	66,2618	
36,9187	75,3842	36,9187	70,4784	36,9187	66,4038	36,9187	76,0162	36,9187	70,4403	36,9187	66,2604	
37,0824	75,3816	37,0824	70,4789	37,0824	66,4041	37,0824	76,0205	37,0824	70,4394	37,0824	66,2615	
37,2461	75,3906	37,2461	70,4794	37,2461	66,4044	37,2461	76,0222	37,2461	70,4401	37,2461	66,2616	
37,4104	75,3832	37,4104	70,4787	37,4104	66,4043	37,4104	76,0214	37,4104	70,4384	37,4104	66,2615	
37,5746	75,3829	37,5746	70,4789	37,5746	66,4046	37,5746	76,0204	37,5746	70,4388	37,5746	66,2615	
37,7392	75,3913	37,7392	70,4802	37,7392	66,4041	37,7392	76,0152	37,7392	70,4383	37,7392	66,2615	
37,9031	75,3864	37,9031	70,485	37,9031	66,4042	37,9031	76,0218	37,9031	70,4392	37,9031	66,2617	
38,0674	75,3931	38,0674	70,4802	38,0674	66,4039	38,0674	76,0217	38,0674	70,4397	38,0674	66,2619	
38,2311	75,3861	38,2311	70,4786	38,2311	66,4038	38,2311	76,0245	38,2311	70,4401	38,2311	66,2617	
38,3954	75,3933	38,3954	70,4802	38,3954	66,4043	38,3954	76,0206	38,3954	70,4394	38,3954	66,2607	
38,5597	75,3859	38,5597	70,4802	38,5597	66,4051	38,5597	76,0197	38,5597	70,4379	38,5597	66,261	
38,7236	75,384	38,7236	70,4803	38,7236	66,4038	38,7236	76,0201	38,7236	70,4403	38,7236	66,2615	
38,8876	75,3864	38,8876	70,4817	38,8876	66,4053	38,8876	76,0199	38,8876	70,4401	38,8876	66,2618	
39,0516	75,3834	39,0516	70,4811	39,0516	66,4044	39,0516	76,0206	39,0516	70,4382	39,0516	66,2616	
39,2159	75,384	39,2159	70,4795	39,2159	66,4039	39,2159	76,0215	39,2159	70,44	39,2159	66,2614	
39,3804	75,3828	39,3804	70,4784	39,3804	66,4041	39,3804	76,0173	39,3804	70,4376	39,3804	66,2609	
39,5447	75,3848	39,5447	70,4796	39,5447	66,4044	39,5447	76,0182	39,5447	70,4384	39,5447	66,2614	
39,7089	75,3915	39,7089	70,4853	39,7089	66,4041	39,7089	76,0211	39,7089	70,4394	39,7089	66,2611	
39,8729	75,3908	39,8729	70,4768	39,8729	66,4037	39,8729	76,0189	39,8729	70,4399	39,8729	66,2618	
40,0369	75,3839	40,0369	70,4782	40,0369	66,4028	40,0369	76,0199	40,0369	70,4397	40,0369	66,2615	
40,2011	75,3848	40,2011	70,4793	40,2011	66,4042	40,2011	76,0201	40,2011	70,4395	40,2011	66,2615	
40,3649	75,3868	40,3649	70,4802	40,3649	66,4039	40,3649	76,0208	40,3649	70,4399	40,3649	66,2614	
40,5291	75,3938	40,5291	70,4805	40,5291	66,4052	40,5291	76,0199	40,5291	70,44	40,5291	66,2616	
40,6928	75,3857	40,6928	70,4781	40,6928	66,4053	40,6928	76,0193	40,6928	70,4386	40,6928	66,2618	
40,8569	75,3903	40,8569	70,4796	40,8569	66,4041	40,8569	76,0205	40,8569	70,4398	40,8569	66,2617	
41,0209	75,3857	41,0209	70,4786	41,0209	66,4044	41,0209	76,0199	41,0209	70,439	41,0209	66,2617	
41,1849	75,3815	41,1849	70,4795	41,1849	66,4042	41,1849	76,0211	41,1849	70,4385	41,1849	66,2616	
41,3487	75,3813	41,3487	70,4816	41,3487	66,4039	41,3487	76,0182	41,3487	70,4394	41,3487	66,2617	
41,5129	75,3841	41,5129	70,4788	41,5129	66,4041	41,5129	76,0207	41,5129	70,438	41,5129	66,2616	
41,6772	75,3847	41,6772	70,4788	41,6772	66,4042	41,6772	76,0201	41,6772	70,4395	41,6772	66,2615	
41,8414	75,3855	41,8414	70,4782	41,8414	66,405	41,8414	76,0214	41,8414	70,4382	41,8414	66,261	
42,0051	75,3814	42,0051	70,48	42,0051	66,4037	42,0051	76,0166	42,0051	70,4397	42,0051	66,261	
42,1696	75,3853	42,1696	70,4776	42,1696	66,4044	42,1696	76,0212	42,1696	70,4396	42,1696	66,2609	
42,3336	75,3853	42,3336	70,4781	42,3336	66,4044	42,3336	76,0226	42,3336	70,4399	42,3336	66,2614	
42,4976	75,3916	42,4976	70,4799	42,4976	66,4049	42,4976	76,0216	42,4976	70,4397	42,4976	66,2606	
42,6624	75,385	42,6624	70,4799	42,6624	66,4038	42,6624	76,024	42,6624	70,44	42,6624	66,2621	
42,8264	75,3868	42,8264	70,4791	42,8264	66,4041	42,8264	76,024	42,8264	70,4401	42,8264	66,2621	
42,9908	75,3865	42,9908	70,4794	42,9908	66,4035	42,9908	76,0211	42,9908	70,4397	42,9908	66,2618	
43,1554	75,3845	43,1554	70,4797	43,1554	66,4042	43,1554	76,0238	43,1554	70,4376	43,1554	66,262	
43,3199	75,3841	43,3199	70,4784	43,3199	66,4043	43,3199	76,0218	43,3199	70,4397	43,3199	66,2617	
43,4836	75,3873	43,4836	70,4785	43,4836	66,4039	43,4836	76,0211	43,4836	70,4399	43,4836	66,2615	
43,6479	75,3915	43,6479	70,4803	43,6479	66,4044	43,6479	76,021	43,6479	70,4409	43,6479	66,2616	
43,8126	75,3851	43,8126	70,4787	43,8126	66,4043	43,8126	76,0174	43,8126	70,4403	43,8126	66,2618	
43,9763	75,3869	43,9763	70,4805	43,9763	66,4046	43,9763	76,0206	43,9763	70,4399	43,9763	66,262	
44,1398	75,3851	44,1398	70,4811	44,1398	66,4046	44,1398	76,0195	44,1398	70,4394	44,1398	66,262	
44,3049	75,3865	44,3049	70,4798	44,3049	66,4035	44,3049	76,0219	44,3049	70,4386	44,3049	66,2612	
44,4691	75,3844	44,4691	70,48	44,4691	66,4046	44,4691	76,0212	44,4691	70,44	44,4691	66,2622	
44,6339	75,3846	44,6339	70,4782	44,6339	66,4031	44,6339	76,019	44,6339	70,4403	44,6339	66,2619	
44,7984	75,385	44,7984	70,4782	44,7984	66,4043	44,7984	76,0202	44,7984	70,44	44,7984	66,261	
44,963	75,382	44,963	70,4785	44,963	66,404	44,963	76,0209	44,963	70,4398	44,963	66,2621	
45,1272	75,3855	45,1272	70,4842	45,1272	66,4042	45,1272	76,0203	45,1272	70,4399	45,1272	66,2616	
45,2909	75,3818	45,2909	70,4789	45,2909	66,404	45,2909	76,0192	45,2909	70,4387	45,2909	66,2614	
45,4546	75,3812	45,4546	70,4813	45,4546	66,404	45,4546	76,0192	45,4546	70,44	45,4546	66,262	
45,6184	75,3915	45,6184	70,4799	45,6184	66,404	45,6184	76,0209	45,6184	70,4398	45,6184	66,262	
45,7824	75,3871	45,7824	70,4845	45,7824	66,4042	45,7824	76,0167	45,7824	70,4403	45,7824	66,2615	
45,9466	75,3862	45,9466	70,4801	45,9466	66,4045	45,9466	76,0211	45,9466	70,4393	45,9466	66,2611	
46,1115	75,3853	46,1115	70,4791	46,1115	66,4043	46,1115	76,0209	46,1115	70,4388	46,1115	66,2619	
46,2752	75,3933	46,2752	70,4788	46,2752	66,404	46,2752	76,0221	46,2752	70,4403	46,2752	66,2619	
46,4397	75,3875	46,4397	70,4793	46,4397	66,4038	46,4397	76,0206	46,4397	70,4401	46,4397	66,2617	
46,6046	75,3914	46,6046	70,4809	46,6046	66,4041	46,6046	76,0191	46,6046	70,4398	46,6046	66,2621	
46,7691	75,3802	46,7691	70,4807	46,7691	66,4041	46,7691	76,0173	46,7691	70,4407	46,7691	66,2616	
46,9331	75,3854	46,9331	70,48	46,9331	66,4039	46,9331	76,0204	46,9331	70,4399	46,9331	66,2613	
47,0971	75,3938	47,0971	70,4787	47,0971	66,4042	47,0971	76,0211	47,0971	70,4373	47,0971	66,2614	
47,2608	75,3943	47,2608	70,4795	47,2608	66,404	47,2608	76,0215	47,2608	70,4405	47,2608	66,2618	
47,4254	75,3913	47,4254	70,4784	47,4254	66,403	47,4254	76,0208	47,4254	70,4401	47,4254	66,2619	
47,5894	75,3818	47,5894	70,4795	47,5894	66,403	47,5894	76,0191	47,5894	70,4402	47,5894	66,2617	
47,7534	75,3833	47,7534	70,4799	47,7534	66,4042	47,7534	76,0165	47,7534	70,439	47,7534	66,2617	
47,9173	75,3919	47,9173	70,479	47,9173	66,4043	47,9173	76,0204	47,9173	70,4407	47,9173	66,262	
48,0812	75,386	48,0812	70,4788	48,0812	66,404	48,0812	76,0233	48,0812	70,4407	48,0812	66,262	
48,2455	75,385	48,2455	70,4772	48,2455	66,4032	48,2455	76,0221	48,2455	70,4401	48,2455	66,2617	
48,4098	75,3865	48,4098	70,4799	48,4098	66,4051	48,4098	76,0204	48,4098	70,438	48,4098	66,2618	
48,574	75,3831	48,574	70,48	48,574	66,4044	48,574	76,0145	48,574	70,4382	48,574	66,262	
48,738	75,3824	48,738	70,4817	48,738	66,4042	48,738	76,0201	48,738	70,4403	48,738	66,2621	
48,9022	75,39	48,9022	70,4844	48,9022	66,4045	48,9022	76,0191	48,9022	70,4401	48,9022	66,261	
49,0668	75,3835	49,0668	70,4785	49,0668	66,4042	49,0668	76,02	49,0668	70,4386	49,0668	66,2621	
49,2313	75,3832	49,2313	70,4799	49,2313	66,4041	49,2313	76,0221	49,2313	70,44	49,2313	66,2616	
49,3951	75,384	49,3951	70,4802	49,3951	66,404	49,3951	76,0218	49,3951	70,4404	49,3951	66,262	
49,5585	75,3853	49,5585	70,478	49,5585	66,4041	49,5585	76,0214	49,5585	70,4395	49,5585	66,2621	
49,723	75,3911	49,723	70,4787	49,723	66,4038	49,723	76,0231	49,723	70,4402	49,723	66,2617	
49,8872	75,3827	49,8872	70,4813	49,8872	66,4041	49,8872	76,0197	49,8872	70,4398	49,8872	66,2611	
50,051	75,3862	50,051	70,4802	50,051	66,4041	50,051	76,0238	50,051	70,4397	50,051	66,262	
50,215	75,3863	50,215	70,4791	50,215	66,4036	50,215	76,0202	50,215	70,4404	50,215	66,2621	
50,379	75,392	50,379	70,4795	50,379	66,4041	50,379	76,0207	50,379	70,4409	50,379	66,2619	
50,5433	75,3911	50,5433	70,4797	50,5433	66,4044	50,5433	76,0197	50,5433	70,4402	50,5433	66,2622	
50,7067	75,3836	50,7067	70,4792	50,7067	66,4043	50,7067	76,0227	50,7067	70,4406	50,7067	66,2621	
50,8711	75,3844	50,8711	70,4797	50,8711	66,4043	50,8711	76,0211	50,8711	70,4399	50,8711	66,2622	
51,0348	75,3822	51,0348	70,4799	51,0348	66,4043	51,0348	76,0219	51,0348	70,4403	51,0348	66,2621	
51,199	75,3833	51,199	70,4799	51,199	66,4044	51,199	76,0198	51,199	70,4404	51,199	66,262	
51,3633	75,3818	51,3633	70,479	51,3633	66,4044	51,3633	76,021	51,3633	70,4402	51,3633	66,2609	
51,5273	75,3854	51,5273	70,478	51,5273	66,4054	51,5273	76,0196	51,5273	70,44	51,5273	66,2611	
51,6913	75,3822	51,6913	70,4805	51,6913	66,4042	51,6913	76,0184	51,6913	70,4399	51,6913	66,2617	
51,8553	75,3867	51,8553	70,479	51,8553	66,4041	51,8553	76,0201	51,8553	70,44	51,8553	66,2617	
52,0196	75,3916	52,0196	70,4795	52,0196	66,4039	52,0196	76,0206	52,0196	70,4376	52,0196	66,2621	
52,1835	75,3849	52,1835	70,4847	52,1835	66,4042	52,1835	76,021	52,1835	70,4401	52,1835	66,2613	
52,3472	75,3847	52,3472	70,4788	52,3472	66,4048	52,3472	76,0206	52,3472	70,44	52,3472	66,2619	
52,5118	75,3853	52,5118	70,4806	52,5118	66,4046	52,5118	76,0218	52,5118	70,4414	52,5118	66,2623	
52,6758	75,3862	52,6758	70,4784	52,6758	66,4044	52,6758	76,0219	52,6758	70,4384	52,6758	66,2619	
52,8398	75,388	52,8398	70,4792	52,8398	66,404	52,8398	76,0204	52,8398	70,4404	52,8398	66,2617	
53,0046	75,3835	53,0046	70,4781	53,0046	66,4037	53,0046	76,0166	53,0046	70,4382	53,0046	66,2612	
53,1689	75,3841	53,1689	70,4789	53,1689	66,4038	53,1689	76,0207	53,1689	70,4403	53,1689	66,2616	
53,3331	75,3836	53,3331	70,48	53,3331	66,4042	53,3331	76,0226	53,3331	70,4388	53,3331	66,2613	
53,4969	75,3933	53,4969	70,4796	53,4969	66,4044	53,4969	76,0217	53,4969	70,4406	53,4969	66,262	
53,6614	75,3836	53,6614	70,4801	53,6614	66,4042	53,6614	76,0226	53,6614	70,44	53,6614	66,2618	
53,8256	75,3877	53,8256	70,4786	53,8256	66,4038	53,8256	76,0256	53,8256	70,4401	53,8256	66,2619	
53,9899	75,3846	53,9899	70,4849	53,9899	66,4041	53,9899	76,0153	53,9899	70,4399	53,9899	66,2612	
54,1542	75,3823	54,1542	70,4847	54,1542	66,4042	54,1542	76,016	54,1542	70,4396	54,1542	66,2619	
54,3181	75,3841	54,3181	70,4785	54,3181	66,4039	54,3181	76,0209	54,3181	70,4388	54,3181	66,2622	
54,4824	75,3834	54,4824	70,4796	54,4824	66,4052	54,4824	76,0214	54,4824	70,44	54,4824	66,2611	
54,6464	75,3859	54,6464	70,4801	54,6464	66,4038	54,6464	76,0182	54,6464	70,438	54,6464	66,2612	
54,8106	75,3942	54,8106	70,4796	54,8106	66,4038	54,8106	76,0228	54,8106	70,4401	54,8106	66,2618	
54,9749	75,3948	54,9749	70,4799	54,9749	66,4042	54,9749	76,0227	54,9749	70,4407	54,9749	66,262	
55,1391	75,3851	55,1391	70,4792	55,1391	66,4042	55,1391	76,0219	55,1391	70,4398	55,1391	66,2618	
55,3034	75,3931	55,3034	70,4792	55,3034	66,4038	55,3034	76,0228	55,3034	70,4401	55,3034	66,2617	
55,4671	75,3852	55,4671	70,4799	55,4671	66,4041	55,4671	76,0213	55,4671	70,4402	55,4671	66,262	
55,6311	75,3902	55,6311	70,4796	55,6311	66,4042	55,6311	76,0211	55,6311	70,439	55,6311	66,2611	
55,7953	75,3849	55,7953	70,4795	55,7953	66,4042	55,7953	76,0225	55,7953	70,4404	55,7953	66,2619	
55,9598	75,3941	55,9598	70,4786	55,9598	66,4043	55,9598	76,0218	55,9598	70,4408	55,9598	66,2621	
56,1236	75,3869	56,1236	70,4801	56,1236	66,4043	56,1236	76,0227	56,1236	70,4403	56,1236	66,2619	
56,2878	75,3923	56,2878	70,4783	56,2878	66,4051	56,2878	76,022	56,2878	70,4404	56,2878	66,262	
56,4514	75,3839	56,4514	70,4785	56,4514	66,4044	56,4514	76,0219	56,4514	70,4402	56,4514	66,2622	
56,6154	75,3852	56,6154	70,4804	56,6154	66,404	56,6154	76,0217	56,6154	70,4404	56,6154	66,262	
56,7808	75,3871	56,7808	70,4802	56,7808	66,4045	56,7808	76,0222	56,7808	70,4403	56,7808	66,2613	
56,9445	75,3872	56,9445	70,4845	56,9445	66,4039	56,9445	76,0231	56,9445	70,4395	56,9445	66,2619	
57,1084	75,3922	57,1084	70,4791	57,1084	66,4039	57,1084	76,0188	57,1084	70,4401	57,1084	66,2617	
57,273	75,3854	57,273	70,4795	57,273	66,4047	57,273	76,0201	57,273	70,4399	57,273	66,2618	
57,437	75,3922	57,437	70,4857	57,437	66,4039	57,437	76,0168	57,437	70,4405	57,437	66,2619	
57,6007	75,3849	57,6007	70,4797	57,6007	66,4047	57,6007	76,0228	57,6007	70,4387	57,6007	66,2619	
57,7644	75,3856	57,7644	70,481	57,7644	66,4044	57,7644	76,0237	57,7644	70,4406	57,7644	66,262	
57,9284	75,3866	57,9284	70,4813	57,9284	66,4043	57,9284	76,0214	57,9284	70,4407	57,9284	66,2618	
58,0928	75,3834	58,0928	70,4801	58,0928	66,4041	58,0928	76,0241	58,0928	70,4381	58,0928	66,2614	
58,2565	75,3894	58,2565	70,4806	58,2565	66,4039	58,2565	76,0221	58,2565	70,4403	58,2565	66,2622	
58,4213	75,385	58,4213	70,4796	58,4213	66,4042	58,4213	76,0223	58,4213	70,4402	58,4213	66,2619	
58,5861	75,3867	58,5861	70,481	58,5861	66,4042	58,5861	76,0221	58,5861	70,4387	58,5861	66,2616	
58,7501	75,3913	58,7501	70,4802	58,7501	66,4044	58,7501	76,0169	58,7501	70,4406	58,7501	66,2623	
58,9146	75,3869	58,9146	70,4823	58,9146	66,4054	58,9146	76,0227	58,9146	70,4417	58,9146	66,2623	
59,0785	75,3874	59,0785	70,4787	59,0785	66,4055	59,0785	76,0196	59,0785	70,4409	59,0785	66,2623	
59,2428	75,3835	59,2428	70,4791	59,2428	66,4033	59,2428	76,0161	59,2428	70,4407	59,2428	66,262	
59,4073	75,3822	59,4073	70,4853	59,4073	66,4045	59,4073	76,0195	59,4073	70,4405	59,4073	66,2622	
59,5748	75,3861	59,5748	70,4856	59,5748	66,4044	59,5748	76,0207	59,5748	70,4406	59,5748	66,2624	
59,7385	75,3856	59,7385	70,48	59,7385	66,4042	59,7385	76,0204	59,7385	70,44	59,7385	66,2622	
59,9027	75,3818	59,9027	70,4802	59,9027	66,4043	59,9027	76,0153	59,9027	70,4387	59,9027	66,2622	
60,0667	75,3841	60,0667	70,4804	60,0667	66,4041	60,0667	76,0216	60,0667	70,4391	60,0667	66,2612	
60,2313	75,3872	60,2313	70,4801	60,2313	66,4035	60,2313	76,0214	60,2313	70,4403	60,2313	66,2619	
60,3955	75,3848	60,3955	70,4795	60,3955	66,4046	60,3955	76,0229	60,3955	70,4405	60,3955	66,261	
60,5595	75,3923	60,5595	70,4791	60,5595	66,4044	60,5595	76,0201	60,5595	70,4393	60,5595	66,2615	
60,7229	75,3872	60,7229	70,4804	60,7229	66,4038	60,7229	76,0206	60,7229	70,4408	60,7229	66,2612	
60,8867	75,3872	60,8867	70,4782	60,8867	66,4044	60,8867	76,018	60,8867	70,4408	60,8867	66,2619	
61,0504	75,385	61,0504	70,4781	61,0504	66,4045	61,0504	76,0192	61,0504	70,4389	61,0504	66,2621	
61,2141	75,3849	61,2141	70,4804	61,2141	66,405	61,2141	76,0218	61,2141	70,4393	61,2141	66,262	
61,3781	75,3847	61,3781	70,4822	61,3781	66,4044	61,3781	76,0206	61,3781	70,4405	61,3781	66,262	
61,5421	75,3904	61,5421	70,4798	61,5421	66,4043	61,5421	76,0155	61,5421	70,4402	61,5421	66,262	
61,7055	75,3833	61,7055	70,4768	61,7055	66,4037	61,7055	76,0229	61,7055	70,4413	61,7055	66,2617	
61,8695	75,384	61,8695	70,4792	61,8695	66,4041	61,8695	76,0225	61,8695	70,4389	61,8695	66,2621	
62,0329	75,3884	62,0329	70,4803	62,0329	66,404	62,0329	76,0184	62,0329	70,4407	62,0329	66,262	
62,1966	75,3863	62,1966	70,4803	62,1966	66,4037	62,1966	76,0221	62,1966	70,4393	62,1966	66,2623	
62,3606	75,3826	62,3606	70,4798	62,3606	66,4038	62,3606	76,0189	62,3606	70,4387	62,3606	66,2623	
62,5249	75,384	62,5249	70,4813	62,5249	66,404	62,5249	76,0216	62,5249	70,438	62,5249	66,2619	
62,6886	75,3924	62,6886	70,4794	62,6886	66,4044	62,6886	76,0202	62,6886	70,4411	62,6886	66,2621	
62,8526	75,3845	62,8526	70,4799	62,8526	66,4043	62,8526	76,018	62,8526	70,4388	62,8526	66,2621	
63,0166	75,3842	63,0166	70,4804	63,0166	66,4038	63,0166	76,0164	63,0166	70,4412	63,0166	66,2618	
63,1805	75,3852	63,1805	70,4797	63,1805	66,405	63,1805	76,0197	63,1805	70,4403	63,1805	66,2623	
63,3445	75,3868	63,3445	70,4793	63,3445	66,4045	63,3445	76,0211	63,3445	70,4407	63,3445	66,2622	
63,509	75,3838	63,509	70,4801	63,509	66,4046	63,509	76,0219	63,509	70,4416	63,509	66,2623	
63,6735	75,3861	63,6735	70,4802	63,6735	66,4046	63,6735	76,021	63,6735	70,4412	63,6735	66,2621	
63,8373	75,3913	63,8373	70,4798	63,8373	66,4041	63,8373	76,0229	63,8373	70,4393	63,8373	66,262	
64,0012	75,3847	64,0012	70,4805	64,0012	66,4034	64,0012	76,0215	64,0012	70,4409	64,0012	66,2619	
64,1657	75,3916	64,1657	70,4789	64,1657	66,4055	64,1657	76,0223	64,1657	70,4388	64,1657	66,262	
64,3297	75,3827	64,3297	70,4817	64,3297	66,4043	64,3297	76,0208	64,3297	70,44	64,3297	66,2625	
64,4937	75,3842	64,4937	70,4792	64,4937	66,404	64,4937	76,0183	64,4937	70,4401	64,4937	66,2623	
64,6578	75,3886	64,6578	70,4806	64,6578	66,404	64,6578	76,0214	64,6578	70,4394	64,6578	66,2615	
64,8218	75,3822	64,8218	70,4801	64,8218	66,4038	64,8218	76,0225	64,8218	70,4405	64,8218	66,2621	
64,9857	75,385	64,9857	70,4807	64,9857	66,4043	64,9857	76,0226	64,9857	70,4403	64,9857	66,2623	
65,1492	75,3909	65,1492	70,4802	65,1492	66,4049	65,1492	76,0212	65,1492	70,4406	65,1492	66,2612	
65,3131	75,3864	65,3131	70,4795	65,3131	66,4048	65,3131	76,0248	65,3131	70,4407	65,3131	66,2623	
65,4777	75,3863	65,4777	70,4799	65,4777	66,4045	65,4777	76,0238	65,4777	70,4412	65,4777	66,2626	
65,6412	75,3862	65,6412	70,4787	65,6412	66,4042	65,6412	76,0246	65,6412	70,4403	65,6412	66,2623	
65,8054	75,386	65,8054	70,4805	65,8054	66,4046	65,8054	76,0204	65,8054	70,4413	65,8054	66,2623	
65,9695	75,3943	65,9695	70,4805	65,9695	66,4029	65,9695	76,0212	65,9695	70,4393	65,9695	66,2624	
66,1335	75,3875	66,1335	70,4807	66,1335	66,4044	66,1335	76,0208	66,1335	70,4416	66,1335	66,2624	
66,2975	75,3846	66,2975	70,4802	66,2975	66,4045	66,2975	76,0225	66,2975	70,4405	66,2975	66,2624	
66,4617	75,3886	66,4617	70,4828	66,4617	66,4041	66,4617	76,0237	66,4617	70,4399	66,4617	66,2621	
66,6254	75,4171	66,6254	70,5317	66,6254	66,4298	66,6254	76,0231	66,6254	70,441	66,6254	66,2622	
66,7889	75,4326	66,7889	70,585	66,7889	66,469	66,7889	76,0229	66,7889	70,4409	66,7889	66,2623	
66,9531	75,4331	66,9531	70,5819	66,9531	66,4705	66,9531	76,0228	66,9531	70,4391	66,9531	66,2621	
67,1169	75,4395	67,1169	70,5854	67,1169	66,4736	67,1169	76,0203	67,1169	70,4408	67,1169	66,2626	
67,2811	75,4371	67,2811	70,5881	67,2811	66,4762	67,2811	76,0229	67,2811	70,4415	67,2811	66,2623	
67,4451	75,4357	67,4451	70,5907	67,4451	66,4772	67,4451	76,024	67,4451	70,4413	67,4451	66,2627	
67,6088	75,4355	67,6088	70,5924	67,6088	66,4798	67,6088	76,0234	67,6088	70,4419	67,6088	66,2626	
67,7728	75,4346	67,7728	70,5922	67,7728	66,4804	67,7728	76,0227	67,7728	70,4417	67,7728	66,2629	
67,9363	75,4345	67,9363	70,5931	67,9363	66,4792	67,9363	76,0219	67,9363	70,4421	67,9363	66,2631	
68,1	75,4335	68,1	70,594	68,1	66,4793	68,1	76,0267	68,1	70,4423	68,1	66,263	
68,2637	75,4378	68,2637	70,5942	68,2637	66,4799	68,2637	76,0228	68,2637	70,4425	68,2637	66,2629	
68,4274	75,4364	68,4274	70,594	68,4274	66,48	68,4274	76,0263	68,4274	70,4425	68,4274	66,263	
68,5911	75,4348	68,5911	70,5927	68,5911	66,4799	68,5911	76,0225	68,5911	70,4407	68,5911	66,2625	
68,7549	75,4366	68,7549	70,5934	68,7549	66,481	68,7549	76,0265	68,7549	70,4426	68,7549	66,2631	
68,9183	75,4331	68,9183	70,594	68,9183	66,4801	68,9183	76,0186	68,9183	70,4414	68,9183	66,2634	
69,0823	75,4363	69,0823	70,5911	69,0823	66,4796	69,0823	76,0235	69,0823	70,4424	69,0823	66,2632	
69,246	75,435	69,246	70,5927	69,246	66,4815	69,246	76,026	69,246	70,4426	69,246	66,2636	
69,41	75,4341	69,41	70,591	69,41	66,4797	69,41	76,0217	69,41	70,4423	69,41	66,2632	
69,5737	75,4342	69,5737	70,5924	69,5737	66,4795	69,5737	76,0224	69,5737	70,4428	69,5737	66,2625	
69,7382	75,4348	69,7382	70,5921	69,7382	66,4806	69,7382	76,0224	69,7382	70,4433	69,7382	66,2633	
69,902	75,4347	69,902	70,591	69,902	66,4794	69,902	76,0234	69,902	70,4434	69,902	66,2633	
70,0655	75,4349	70,0655	70,5899	70,0655	66,4798	70,0655	76,0235	70,0655	70,4436	70,0655	66,2634	
70,2292	75,4322	70,2292	70,5921	70,2292	66,4807	70,2292	76,0234	70,2292	70,4429	70,2292	66,2637	
70,3929	75,4348	70,3929	70,5901	70,3929	66,48	70,3929	76,0189	70,3929	70,4415	70,3929	66,2634	
70,5563	75,4376	70,5563	70,5927	70,5563	66,4797	70,5563	76,0262	70,5563	70,4418	70,5563	66,2633	
70,7201	75,4371	70,7201	70,5896	70,7201	66,4816	70,7201	76,0262	70,7201	70,4429	70,7201	66,2637	
70,884	75,4368	70,884	70,5919	70,884	66,4815	70,884	76,0247	70,884	70,443	70,884	66,2625	
71,0483	75,4358	71,0483	70,5922	71,0483	66,4793	71,0483	76,0253	71,0483	70,4437	71,0483	66,2637	
71,2123	75,4352	71,2123	70,5918	71,2123	66,4818	71,2123	76,0242	71,2123	70,4419	71,2123	66,2637	
71,376	75,4356	71,376	70,59	71,376	66,4793	71,376	76,0243	71,376	70,443	71,376	66,2631	
71,5397	75,434	71,5397	70,5931	71,5397	66,4797	71,5397	76,0245	71,5397	70,4431	71,5397	66,2635	
71,7032	75,4354	71,7032	70,5916	71,7032	66,4796	71,7032	76,0216	71,7032	70,4413	71,7032	66,2635	
71,8666	75,4344	71,8666	70,5903	71,8666	66,4799	71,8666	76,0222	71,8666	70,4431	71,8666	66,2628	
72,03	75,4333	72,03	70,5895	72,03	66,4796	72,03	76,0206	72,03	70,4445	72,03	66,2637	
72,194	75,4348	72,194	70,5914	72,194	66,4792	72,194	76,0209	72,194	70,4434	72,194	66,2638	
72,3577	75,4346	72,3577	70,5914	72,3577	66,479	72,3577	76,0233	72,3577	70,4418	72,3577	66,2637	
72,5217	75,4352	72,5217	70,5894	72,5217	66,4801	72,5217	76,0264	72,5217	70,4414	72,5217	66,2641	
72,6852	75,4354	72,6852	70,5894	72,6852	66,4787	72,6852	76,0239	72,6852	70,4445	72,6852	66,2632	
72,8492	75,4353	72,8492	70,5909	72,8492	66,4803	72,8492	76,0271	72,8492	70,4428	72,8492	66,2631	
73,0131	75,4363	73,0131	70,5883	73,0131	66,4785	73,0131	76,0243	73,0131	70,4436	73,0131	66,2634	
73,1769	75,4342	73,1769	70,5882	73,1769	66,4791	73,1769	76,0256	73,1769	70,4433	73,1769	66,2634	
73,3408	75,4341	73,3408	70,5895	73,3408	66,4777	73,3408	76,0248	73,3408	70,4434	73,3408	66,264	
73,5054	75,4367	73,5054	70,5877	73,5054	66,4775	73,5054	76,0254	73,5054	70,4434	73,5054	66,264	
73,6691	75,435	73,6691	70,5889	73,6691	66,4779	73,6691	76,0276	73,6691	70,4442	73,6691	66,2635	
73,8331	75,4367	73,8331	70,5887	73,8331	66,4775	73,8331	76,026	73,8331	70,4433	73,8331	66,2644	
73,997	75,4322	73,997	70,5869	73,997	66,4769	73,997	76,0249	73,997	70,4452	73,997	66,2638	
74,1608	75,436	74,1608	70,5857	74,1608	66,4776	74,1608	76,0249	74,1608	70,4448	74,1608	66,2643	
74,3242	75,4324	74,3242	70,5875	74,3242	66,477	74,3242	76,0244	74,3242	70,4443	74,3242	66,2643	
74,4877	75,432	74,4877	70,5867	74,4877	66,4768	74,4877	76,0248	74,4877	70,4425	74,4877	66,2642	
74,6514	75,4284	74,6514	70,5823	74,6514	66,4728	74,6514	76,0235	74,6514	70,4423	74,6514	66,264	
74,8151	75,4279	74,8151	70,5771	74,8151	66,4688	74,8151	76,0245	74,8151	70,4438	74,8151	66,264	
74,9788	75,4273	74,9788	70,5745	74,9788	66,4672	74,9788	76,0238	74,9788	70,4438	74,9788	66,2642	
75,1434	75,4246	75,1434	70,572	75,1434	66,4644	75,1434	76,0192	75,1434	70,4438	75,1434	66,2641	
75,3076	75,4254	75,3076	70,5693	75,3076	66,463	75,3076	76,0234	75,3076	70,4416	75,3076	66,2642	
75,4727	75,4231	75,4727	70,5662	75,4727	66,459	75,4727	76,0237	75,4727	70,4438	75,4727	66,2635	
75,6367	75,4102	75,6367	70,5377	75,6367	66,4431	75,6367	76,0226	75,6367	70,4437	75,6367	66,2637	
75,8007	75,4015	75,8007	70,5053	75,8007	66,4218	75,8007	76,0251	75,8007	70,4426	75,8007	66,2636	
75,9647	75,3859	75,9647	70,4865	75,9647	66,4104	75,9647	76,0213	75,9647	70,4409	75,9647	66,2632	
76,1286	75,3824	76,1286	70,483	76,1286	66,4042	76,1286	76,0219	76,1286	70,4427	76,1286	66,2632	
76,2929	75,3874	76,2929	70,473	76,2929	66,4013	76,2929	76,0212	76,2929	70,4427	76,2929	66,2631	
76,4569	75,3785	76,4569	70,4701	76,4569	66,3997	76,4569	76,0214	76,4569	70,4428	76,4569	66,2627	
76,6214	75,3789	76,6214	70,4691	76,6214	66,3987	76,6214	76,0228	76,6214	70,4401	76,6214	66,2633	
76,7857	75,3842	76,7857	70,4685	76,7857	66,3979	76,7857	76,0245	76,7857	70,4429	76,7857	66,2632	
76,9501	75,377	76,9501	70,4672	76,9501	66,398	76,9501	76,0228	76,9501	70,4421	76,9501	66,2634	
77,1144	75,3825	77,1144	70,4668	77,1144	66,3975	77,1144	76,0196	77,1144	70,442	77,1144	66,2635	
77,2797	75,3775	77,2797	70,4651	77,2797	66,3969	77,2797	76,024	77,2797	70,4418	77,2797	66,2626	
77,4434	75,3839	77,4434	70,4658	77,4434	66,3964	77,4434	76,0246	77,4434	70,442	77,4434	66,2632	
77,6077	75,3786	77,6077	70,4649	77,6077	66,3965	77,6077	76,0232	77,6077	70,4403	77,6077	66,2629	
77,7714	75,3793	77,7714	70,4632	77,7714	66,3959	77,7714	76,0211	77,7714	70,4418	77,7714	66,2631	
77,9355	75,3805	77,9355	70,4651	77,9355	66,3964	77,9355	76,0219	77,9355	70,4423	77,9355	66,2633	
78,0998	75,3749	78,0998	70,4626	78,0998	66,3959	78,0998	76,0221	78,0998	70,4421	78,0998	66,2632	
78,2638	75,3832	78,2638	70,463	78,2638	66,3967	78,2638	76,0192	78,2638	70,4422	78,2638	66,2634	
78,4278	75,3824	78,4278	70,4641	78,4278	66,3959	78,4278	76,0207	78,4278	70,4423	78,4278	66,2634	
78,5918	75,3832	78,5918	70,4643	78,5918	66,3958	78,5918	76,0235	78,5918	70,4427	78,5918	66,2624	
78,7552	75,3747	78,7552	70,4631	78,7552	66,3956	78,7552	76,022	78,7552	70,4425	78,7552	66,263	
78,919	75,3732	78,919	70,4634	78,919	66,3959	78,919	76,0248	78,919	70,4402	78,919	66,2631	
79,0832	75,3726	79,0832	70,4617	79,0832	66,3956	79,0832	76,0225	79,0832	70,4426	79,0832	66,263	
79,2474	75,375	79,2474	70,4615	79,2474	66,3954	79,2474	76,0232	79,2474	70,4421	79,2474	66,2632	
79,4125	75,3764	79,4125	70,4634	79,4125	66,3946	79,4125	76,0235	79,4125	70,4411	79,4125	66,2629	
79,577	75,3801	79,577	70,4632	79,577	66,3952	79,577	76,0231	79,577	70,4426	79,577	66,2629	
79,7414	75,382	79,7414	70,468	79,7414	66,3948	79,7414	76,0226	79,7414	70,4424	79,7414	66,263	
79,9056	75,3761	79,9056	70,4624	79,9056	66,3949	79,9056	76,0227	79,9056	70,442	79,9056	66,2631	
80,0696	75,3739	80,0696	70,462	80,0696	66,3954	80,0696	76,0223	80,0696	70,4401	80,0696	66,2624	
80,2336	75,3746	80,2336	70,461	80,2336	66,3945	80,2336	76,0249	80,2336	70,4421	80,2336	66,2631	
80,3977	75,3713	80,3977	70,4615	80,3977	66,3953	80,3977	76,022	80,3977	70,4424	80,3977	66,2632	
80,5617	75,3712	80,5617	70,4594	80,5617	66,3941	80,5617	76,0204	80,5617	70,4419	80,5617	66,2624	
80,7259	75,3778	80,7259	70,4611	80,7259	66,3941	80,7259	76,0214	80,7259	70,442	80,7259	66,2631	
80,8896	75,3729	80,8896	70,4612	80,8896	66,3943	80,8896	76,0232	80,8896	70,4406	80,8896	66,2629	
81,0536	75,3732	81,0536	70,4594	81,0536	66,3941	81,0536	76,0208	81,0536	70,4418	81,0536	66,2626	
81,2179	75,3709	81,2179	70,4588	81,2179	66,3936	81,2179	76,0238	81,2179	70,4403	81,2179	66,2628	
81,3821	75,3708	81,3821	70,4597	81,3821	66,3949	81,3821	76,0194	81,3821	70,4409	81,3821	66,2629	
81,5458	75,3737	81,5458	70,4631	81,5458	66,3938	81,5458	76,0236	81,5458	70,4402	81,5458	66,2633	
81,7093	75,3738	81,7093	70,4575	81,7093	66,3946	81,7093	76,0252	81,7093	70,4426	81,7093	66,2631	
81,8741	75,372	81,8741	70,4578	81,8741	66,3946	81,8741	76,0253	81,8741	70,4426	81,8741	66,2629	
82,0386	75,3746	82,0386	70,4591	82,0386	66,3933	82,0386	76,0245	82,0386	70,4424	82,0386	66,2629	
82,2024	75,3782	82,2024	70,4583	82,2024	66,3937	82,2024	76,0223	82,2024	70,4422	82,2024	66,2628	
82,3672	75,3676	82,3672	70,461	82,3672	66,3938	82,3672	76,0215	82,3672	70,441	82,3672	66,2631	
82,5315	75,3699	82,5315	70,4595	82,5315	66,3931	82,5315	76,0228	82,5315	70,4434	82,5315	66,263	
82,6954	75,3718	82,6954	70,4608	82,6954	66,3932	82,6954	76,0228	82,6954	70,4421	82,6954	66,2631	
82,8599	75,3719	82,8599	70,4585	82,8599	66,3935	82,8599	76,0229	82,8599	70,44	82,8599	66,2627	
83,0242	75,3763	83,0242	70,4596	83,0242	66,393	83,0242	76,024	83,0242	70,4422	83,0242	66,2631	
83,1885	75,372	83,1885	70,458	83,1885	66,3928	83,1885	76,0204	83,1885	70,4426	83,1885	66,2628	
83,3528	75,3701	83,3528	70,4587	83,3528	66,3937	83,3528	76,0225	83,3528	70,4423	83,3528	66,2631	
83,5165	75,3773	83,5165	70,4578	83,5165	66,3936	83,5165	76,0203	83,5165	70,4408	83,5165	66,2631	
83,681	75,3729	83,681	70,4594	83,681	66,3929	83,681	76,0232	83,681	70,4418	83,681	66,2629	
83,845	75,3719	83,845	70,4565	83,845	66,3922	83,845	76,0237	83,845	70,4405	83,845	66,2628	
84,0093	75,3706	84,0093	70,46	84,0093	66,3928	84,0093	76,0239	84,0093	70,4414	84,0093	66,263	
84,1735	75,3785	84,1735	70,4572	84,1735	66,3939	84,1735	76,0177	84,1735	70,4424	84,1735	66,2633	
84,3381	75,371	84,3381	70,4591	84,3381	66,3933	84,3381	76,0223	84,3381	70,4425	84,3381	66,2629	
84,5023	75,3735	84,5023	70,4584	84,5023	66,3928	84,5023	76,0235	84,5023	70,4419	84,5023	66,263	
84,6668	75,3713	84,6668	70,4605	84,6668	66,3932	84,6668	76,0237	84,6668	70,4401	84,6668	66,2628	
84,8306	75,3709	84,8306	70,4644	84,8306	66,3932	84,8306	76,0224	84,8306	70,4424	84,8306	66,2629	
84,9948	75,3719	84,9948	70,4592	84,9948	66,3932	84,9948	76,0169	84,9948	70,4423	84,9948	66,2632	
85,1585	75,3746	85,1585	70,4578	85,1585	66,3928	85,1585	76,0231	85,1585	70,4425	85,1585	66,2634	
85,3231	75,3787	85,3231	70,4589	85,3231	66,3931	85,3231	76,0242	85,3231	70,441	85,3231	66,2631	
85,488	75,381	85,488	70,4593	85,488	66,393	85,488	76,0247	85,488	70,4405	85,488	66,263	
85,6525	75,3729	85,6525	70,4581	85,6525	66,3925	85,6525	76,0233	85,6525	70,4406	85,6525	66,2628	
85,8159	75,3718	85,8159	70,4565	85,8159	66,3917	85,8159	76,024	85,8159	70,4393	85,8159	66,2631	
85,9799	75,3716	85,9799	70,4586	85,9799	66,393	85,9799	76,0214	85,9799	70,4402	85,9799	66,2631	
86,1442	75,3712	86,1442	70,4594	86,1442	66,393	86,1442	76,0237	86,1442	70,4407	86,1442	66,2631	
86,3082	75,369	86,3082	70,4566	86,3082	66,3927	86,3082	76,0234	86,3082	70,4408	86,3082	66,2635	
