Time (min) - L1 670nm	 - L1 670nm	Time (min) - L2 785nm	 - L2 785nm	Time (min) - L3 980nm	 - L3 980nm	Time (min) - L5 670nm	 - L5 670nm	Time (min) - L6 785nm	 - L6 785nm	Time (min) - L7 980nm	 - L7 980nm	
0,174467	75,4257	0,174467	70,4844	0,174467	66,4048	0,174467	74,5396	0,174467	70,2374	0,174467	66,1966	
0,338733	75,4272	0,338733	70,4853	0,338733	66,4046	0,338733	74,5396	0,338733	70,2364	0,338733	66,1955	
0,50325	75,4253	0,50325	70,4838	0,50325	66,4036	0,50325	74,5403	0,50325	70,239	0,50325	66,1964	
0,667217	75,4265	0,667217	70,4869	0,667217	66,4044	0,667217	74,5467	0,667217	70,2363	0,667217	66,1958	
0,831483	75,4262	0,831483	70,4854	0,831483	66,4038	0,831483	74,5412	0,831483	70,2347	0,831483	66,1976	
0,99605	75,4274	0,99605	70,4855	0,99605	66,403	0,99605	74,5432	0,99605	70,2381	0,99605	66,1965	
1,16055	75,4289	1,16055	70,4852	1,16055	66,4034	1,16055	74,547	1,16055	70,2397	1,16055	66,1977	
1,3248	75,4257	1,3248	70,4851	1,3248	66,4038	1,3248	74,5468	1,3248	70,2386	1,3248	66,1964	
1,48983	75,4243	1,48983	70,4855	1,48983	66,4035	1,48983	74,5398	1,48983	70,2362	1,48983	66,1979	
1,6541	75,4273	1,6541	70,4832	1,6541	66,4025	1,6541	74,5469	1,6541	70,2374	1,6541	66,196	
1,8178	75,4258	1,8178	70,4837	1,8178	66,4041	1,8178	74,546	1,8178	70,2372	1,8178	66,1975	
1,98233	75,4254	1,98233	70,4838	1,98233	66,4028	1,98233	74,5495	1,98233	70,2379	1,98233	66,1961	
2,14662	75,4251	2,14662	70,4842	2,14662	66,4037	2,14662	74,5441	2,14662	70,2416	2,14662	66,196	
2,31008	75,4268	2,31008	70,4848	2,31008	66,4038	2,31008	74,5445	2,31008	70,2382	2,31008	66,1972	
2,47433	75,4226	2,47433	70,4873	2,47433	66,4039	2,47433	74,5414	2,47433	70,242	2,47433	66,1977	
2,63857	75,4261	2,63857	70,4856	2,63857	66,403	2,63857	74,5531	2,63857	70,2369	2,63857	66,197	
2,80283	75,4214	2,80283	70,4837	2,80283	66,4028	2,80283	74,5396	2,80283	70,241	2,80283	66,1962	
2,96657	75,4234	2,96657	70,4848	2,96657	66,403	2,96657	74,5371	2,96657	70,2408	2,96657	66,1967	
3,13057	75,4234	3,13057	70,4845	3,13057	66,4039	3,13057	74,5412	3,13057	70,2394	3,13057	66,1982	
3,29528	75,4242	3,29528	70,4853	3,29528	66,4038	3,29528	74,5447	3,29528	70,2401	3,29528	66,1951	
3,459	75,426	3,459	70,4858	3,459	66,4029	3,459	74,5559	3,459	70,2407	3,459	66,1971	
3,62355	75,4252	3,62355	70,4852	3,62355	66,404	3,62355	74,5475	3,62355	70,2382	3,62355	66,1967	
3,78778	75,4235	3,78778	70,4844	3,78778	66,4033	3,78778	74,5401	3,78778	70,2418	3,78778	66,1971	
3,95202	75,4327	3,95202	70,4841	3,95202	66,4037	3,95202	74,5435	3,95202	70,2403	3,95202	66,1964	
4,11572	75,4236	4,11572	70,4841	4,11572	66,4041	4,11572	74,5497	4,11572	70,2418	4,11572	66,1966	
4,27943	75,4222	4,27943	70,4841	4,27943	66,4034	4,27943	74,5645	4,27943	70,2415	4,27943	66,198	
4,44402	75,4237	4,44402	70,4845	4,44402	66,4037	4,44402	74,5592	4,44402	70,2414	4,44402	66,1973	
4,60823	75,421	4,60823	70,4847	4,60823	66,4034	4,60823	74,5644	4,60823	70,2401	4,60823	66,2012	
4,7725	75,4212	4,7725	70,4832	4,7725	66,4033	4,7725	74,5592	4,7725	70,2406	4,7725	66,1996	
4,93675	75,4211	4,93675	70,4855	4,93675	66,4041	4,93675	74,5677	4,93675	70,2419	4,93675	66,1977	
5,10072	75,4213	5,10072	70,4853	5,10072	66,4041	5,10072	74,5657	5,10072	70,2417	5,10072	66,1976	
5,26472	75,4195	5,26472	70,4848	5,26472	66,4038	5,26472	74,5727	5,26472	70,244	5,26472	66,1999	
5,42842	75,4201	5,42842	70,4844	5,42842	66,4038	5,42842	74,5697	5,42842	70,238	5,42842	66,1989	
5,5927	75,4217	5,5927	70,4847	5,5927	66,4035	5,5927	74,5722	5,5927	70,239	5,5927	66,1967	
5,75693	75,421	5,75693	70,4847	5,75693	66,404	5,75693	74,5597	5,75693	70,2402	5,75693	66,1972	
5,92142	75,4211	5,92142	70,4832	5,92142	66,4031	5,92142	74,5598	5,92142	70,2381	5,92142	66,197	
6,09163	75,4211	6,09163	70,4847	6,09163	66,4029	6,09163	74,5652	6,09163	70,2393	6,09163	66,1984	
6,25933	75,4215	6,25933	70,4856	6,25933	66,4051	6,25933	75,9763	6,25933	70,3968	6,25933	66,2413	
6,42313	75,4227	6,42313	70,4851	6,42313	66,4039	6,42313	75,9797	6,42313	70,3973	6,42313	66,2414	
6,58738	75,4192	6,58738	70,4848	6,58738	66,4039	6,58738	75,9795	6,58738	70,3979	6,58738	66,2415	
6,75165	75,422	6,75165	70,4848	6,75165	66,4036	6,75165	75,9719	6,75165	70,3967	6,75165	66,2417	
6,91615	75,4217	6,91615	70,4845	6,91615	66,403	6,91615	75,9753	6,91615	70,3976	6,91615	66,2414	
7,08042	75,4232	7,08042	70,4849	7,08042	66,403	7,08042	75,9786	7,08042	70,3972	7,08042	66,2413	
7,24412	75,4217	7,24412	70,4849	7,24412	66,4035	7,24412	75,9788	7,24412	70,3976	7,24412	66,2411	
7,40812	75,4215	7,40812	70,4849	7,40812	66,4034	7,40812	75,9812	7,40812	70,3974	7,40812	66,2413	
7,5721	75,4205	7,5721	70,4837	7,5721	66,4032	7,5721	75,975	7,5721	70,3973	7,5721	66,2414	
7,73633	75,4214	7,73633	70,4831	7,73633	66,4036	7,73633	75,9766	7,73633	70,3968	7,73633	66,2412	
7,90062	75,4193	7,90062	70,4852	7,90062	66,4031	7,90062	75,976	7,90062	70,3972	7,90062	66,2412	
8,06463	75,4187	8,06463	70,4838	8,06463	66,4036	8,06463	75,9767	8,06463	70,397	8,06463	66,2416	
8,22833	75,418	8,22833	70,4848	8,22833	66,4036	8,22833	75,9708	8,22833	70,3961	8,22833	66,2408	
8,39253	75,4195	8,39253	70,4848	8,39253	66,4026	8,39253	75,979	8,39253	70,3973	8,39253	66,2406	
8,55652	75,4206	8,55652	70,4849	8,55652	66,4034	8,55652	75,9792	8,55652	70,3974	8,55652	66,2411	
8,72102	75,4209	8,72102	70,4853	8,72102	66,4037	8,72102	75,977	8,72102	70,3968	8,72102	66,2412	
8,88502	75,4221	8,88502	70,4845	8,88502	66,4038	8,88502	75,9758	8,88502	70,3978	8,88502	66,2407	
9,04873	75,4208	9,04873	70,4834	9,04873	66,4037	9,04873	75,9753	9,04873	70,398	9,04873	66,241	
9,21275	75,4188	9,21275	70,4851	9,21275	66,4042	9,21275	75,9727	9,21275	70,3972	9,21275	66,2406	
9,37673	75,4165	9,37673	70,4833	9,37673	66,403	9,37673	75,976	9,37673	70,3975	9,37673	66,2408	
9,5407	75,4162	9,5407	70,4843	9,5407	66,4037	9,5407	75,9752	9,5407	70,3979	9,5407	66,2406	
9,70528	75,4183	9,70528	70,4837	9,70528	66,403	9,70528	75,9767	9,70528	70,3969	9,70528	66,2407	
9,86955	75,4198	9,86955	70,4836	9,86955	66,4041	9,86955	75,9769	9,86955	70,3968	9,86955	66,2411	
10,0341	75,4174	10,0341	70,4855	10,0341	66,404	10,0341	75,9784	10,0341	70,397	10,0341	66,2413	
10,1983	75,419	10,1983	70,4843	10,1983	66,4039	10,1983	75,9765	10,1983	70,3972	10,1983	66,2412	
10,3626	75,4191	10,3626	70,4838	10,3626	66,4039	10,3626	75,9756	10,3626	70,3969	10,3626	66,2413	
10,5266	75,4178	10,5266	70,4854	10,5266	66,4033	10,5266	75,9771	10,5266	70,3968	10,5266	66,2408	
10,6903	75,4207	10,6903	70,4859	10,6903	66,4025	10,6903	75,9761	10,6903	70,3971	10,6903	66,2409	
10,854	75,4187	10,854	70,482	10,854	66,4022	10,854	75,9774	10,854	70,3968	10,854	66,241	
11,0183	75,418	11,0183	70,4836	11,0183	66,4035	11,0183	75,9688	11,0183	70,397	11,0183	66,2409	
11,1826	75,4164	11,1826	70,4822	11,1826	66,4031	11,1826	75,9751	11,1826	70,3958	11,1826	66,2409	
11,3463	75,4151	11,3463	70,4838	11,3463	66,4036	11,3463	75,9692	11,3463	70,3969	11,3463	66,2403	
11,5103	75,4189	11,5103	70,4827	11,5103	66,4034	11,5103	75,9769	11,5103	70,3965	11,5103	66,2409	
11,6743	75,4255	11,6743	70,4852	11,6743	66,4036	11,6743	75,9732	11,6743	70,3966	11,6743	66,2404	
11,8385	75,4176	11,8385	70,4846	11,8385	66,4036	11,8385	75,9757	11,8385	70,3969	11,8385	66,2409	
12,0028	75,4187	12,0028	70,4833	12,0028	66,4029	12,0028	75,9714	12,0028	70,3976	12,0028	66,241	
12,1662	75,4155	12,1662	70,4855	12,1662	66,4034	12,1662	75,97	12,1662	70,3972	12,1662	66,2405	
12,3305	75,4182	12,3305	70,4851	12,3305	66,4024	12,3305	75,974	12,3305	70,3973	12,3305	66,2404	
12,4942	75,4176	12,4942	70,4851	12,4942	66,4035	12,4942	75,9767	12,4942	70,3978	12,4942	66,2405	
12,6593	75,4183	12,6593	70,489	12,6593	66,4038	12,6593	75,9748	12,6593	70,3972	12,6593	66,2411	
12,8232	75,4181	12,8232	70,4843	12,8232	66,4034	12,8232	75,9758	12,8232	70,3959	12,8232	66,2406	
12,9883	75,4148	12,9883	70,4827	12,9883	66,4033	12,9883	75,9765	12,9883	70,3963	12,9883	66,2407	
13,1531	75,4142	13,1531	70,4832	13,1531	66,4033	13,1531	75,9743	13,1531	70,397	13,1531	66,2401	
13,3176	75,4154	13,3176	70,4842	13,3176	66,4025	13,3176	75,9701	13,3176	70,3951	13,3176	66,2404	
13,4813	75,4141	13,4813	70,4829	13,4813	66,4029	13,4813	75,9743	13,4813	70,3963	13,4813	66,2405	
13,6454	75,4129	13,6454	70,4833	13,6454	66,4034	13,6454	75,9736	13,6454	70,3957	13,6454	66,2404	
13,809	75,4252	13,809	70,4843	13,809	66,4034	13,809	75,9762	13,809	70,3951	13,809	66,2406	
13,9728	75,4173	13,9728	70,4844	13,9728	66,4032	13,9728	75,9749	13,9728	70,3974	13,9728	66,2408	
14,1368	75,4173	14,1368	70,483	14,1368	66,4047	14,1368	75,973	14,1368	70,3965	14,1368	66,2404	
14,3002	75,4151	14,3002	70,4842	14,3002	66,4036	14,3002	75,9777	14,3002	70,3972	14,3002	66,2412	
14,4645	75,4167	14,4645	70,4814	14,4645	66,4032	14,4645	75,9722	14,4645	70,3962	14,4645	66,2409	
14,6282	75,4163	14,6282	70,4848	14,6282	66,4032	14,6282	75,9681	14,6282	70,395	14,6282	66,2407	
14,7919	75,4254	14,7919	70,4829	14,7919	66,4034	14,7919	75,9757	14,7919	70,3966	14,7919	66,2406	
14,9562	75,4132	14,9562	70,483	14,9562	66,4034	14,9562	75,978	14,9562	70,3968	14,9562	66,2408	
15,1205	75,4167	15,1205	70,4842	15,1205	66,4034	15,1205	75,9768	15,1205	70,395	15,1205	66,2407	
15,2842	75,4159	15,2842	70,4837	15,2842	66,4038	15,2842	75,9723	15,2842	70,3963	15,2842	66,2407	
15,4479	75,4116	15,4479	70,4845	15,4479	66,4034	15,4479	75,9722	15,4479	70,3955	15,4479	66,2408	
15,6119	75,4105	15,6119	70,4846	15,6119	66,403	15,6119	75,9747	15,6119	70,3963	15,6119	66,2406	
15,7759	75,4139	15,7759	70,4843	15,7759	66,4033	15,7759	75,9731	15,7759	70,3964	15,7759	66,2405	
15,9399	75,4129	15,9399	70,4841	15,9399	66,4037	15,9399	75,9746	15,9399	70,3961	15,9399	66,2407	
16,1036	75,4122	16,1036	70,4847	16,1036	66,4024	16,1036	75,9756	16,1036	70,3961	16,1036	66,2407	
16,267	75,4118	16,267	70,4846	16,267	66,4033	16,267	75,9736	16,267	70,3952	16,267	66,2406	
16,4313	75,4112	16,4313	70,4828	16,4313	66,4027	16,4313	75,9735	16,4313	70,397	16,4313	66,2407	
16,5948	75,4159	16,5948	70,4851	16,5948	66,4034	16,5948	75,9725	16,5948	70,3964	16,5948	66,2407	
16,7585	75,4129	16,7585	70,4843	16,7585	66,4031	16,7585	75,9711	16,7585	70,397	16,7585	66,2408	
16,9225	75,4152	16,9225	70,4852	16,9225	66,403	16,9225	75,974	16,9225	70,3977	16,9225	66,2409	
17,086	75,4142	17,086	70,4822	17,086	66,4036	17,086	75,9744	17,086	70,3974	17,086	66,2412	
17,2497	75,4142	17,2497	70,4862	17,2497	66,4032	17,2497	75,9738	17,2497	70,3971	17,2497	66,2411	
17,4132	75,4146	17,4132	70,4894	17,4132	66,4027	17,4132	75,9754	17,4132	70,3964	17,4132	66,2408	
17,5772	75,4137	17,5772	70,4839	17,5772	66,4032	17,5772	75,9737	17,5772	70,3972	17,5772	66,2407	
17,7409	75,4141	17,7409	70,485	17,7409	66,4031	17,7409	75,9716	17,7409	70,3976	17,7409	66,2409	
17,9046	75,4137	17,9046	70,483	17,9046	66,4035	17,9046	75,9754	17,9046	70,397	17,9046	66,2407	
18,0683	75,4129	18,0683	70,484	18,0683	66,4031	18,0683	75,9726	18,0683	70,3964	18,0683	66,241	
18,2318	75,4141	18,2318	70,4838	18,2318	66,4033	18,2318	75,9756	18,2318	70,3964	18,2318	66,2408	
18,3961	75,4151	18,3961	70,4842	18,3961	66,4034	18,3961	75,9743	18,3961	70,3964	18,3961	66,2407	
18,5596	75,4141	18,5596	70,4847	18,5596	66,4034	18,5596	75,9768	18,5596	70,3956	18,5596	66,2404	
18,7233	75,4136	18,7233	70,4848	18,7233	66,4033	18,7233	75,9747	18,7233	70,3972	18,7233	66,2406	
18,8873	75,4145	18,8873	70,4842	18,8873	66,4029	18,8873	75,9724	18,8873	70,397	18,8873	66,2407	
19,051	75,4094	19,051	70,4846	19,051	66,4031	19,051	75,9671	19,051	70,3952	19,051	66,24	
19,215	75,4122	19,215	70,4839	19,215	66,4032	19,215	75,9737	19,215	70,3965	19,215	66,241	
19,379	75,4112	19,379	70,4839	19,379	66,4031	19,379	75,9717	19,379	70,3981	19,379	66,2407	
19,543	75,4118	19,543	70,4849	19,543	66,4048	19,543	75,9743	19,543	70,3979	19,543	66,2408	
19,707	75,4204	19,707	70,4934	19,707	66,4083	19,707	75,9742	19,707	70,3964	19,707	66,2408	
19,8707	75,4274	19,8707	70,5067	19,8707	66,4164	19,8707	75,9758	19,8707	70,3962	19,8707	66,241	
20,0344	75,4351	20,0344	70,5191	20,0344	66,4233	20,0344	75,9757	20,0344	70,3964	20,0344	66,2408	
20,1984	75,4382	20,1984	70,5323	20,1984	66,4307	20,1984	75,9727	20,1984	70,3959	20,1984	66,2404	
20,3619	75,441	20,3619	70,5437	20,3619	66,4367	20,3619	75,9728	20,3619	70,3963	20,3619	66,2408	
20,5256	75,4536	20,5256	70,5546	20,5256	66,443	20,5256	75,9761	20,5256	70,3979	20,5256	66,2407	
20,6893	75,4616	20,6893	70,5676	20,6893	66,4493	20,6893	75,9742	20,6893	70,3963	20,6893	66,2408	
20,8538	75,4661	20,8538	70,5794	20,8538	66,4557	20,8538	75,9731	20,8538	70,3973	20,8538	66,2407	
21,0181	75,471	21,0181	70,5885	21,0181	66,4611	21,0181	75,9733	21,0181	70,3967	21,0181	66,2407	
21,1815	75,4768	21,1815	70,5943	21,1815	66,4644	21,1815	75,9691	21,1815	70,3974	21,1815	66,2412	
21,3452	75,4799	21,3452	70,5993	21,3452	66,466	21,3452	75,9724	21,3452	70,397	21,3452	66,2413	
21,5096	75,478	21,5096	70,5998	21,5096	66,467	21,5096	75,9722	21,5096	70,3955	21,5096	66,2407	
21,6733	75,4812	21,6733	70,5998	21,6733	66,4676	21,6733	75,9725	21,6733	70,3973	21,6733	66,2408	
21,8371	75,4803	21,8371	70,6019	21,8371	66,4687	21,8371	75,9745	21,8371	70,3973	21,8371	66,2414	
22,0011	75,4842	22,0011	70,6016	22,0011	66,4683	22,0011	75,9741	22,0011	70,3978	22,0011	66,2411	
22,1656	75,482	22,1656	70,6031	22,1656	66,4673	22,1656	75,9721	22,1656	70,3954	22,1656	66,2413	
22,3297	75,4835	22,3297	70,6054	22,3297	66,4681	22,3297	75,9753	22,3297	70,3972	22,3297	66,241	
22,4934	75,4818	22,4934	70,6035	22,4934	66,4696	22,4934	75,9741	22,4934	70,3975	22,4934	66,2409	
22,6571	75,4812	22,6571	70,6049	22,6571	66,4692	22,6571	75,9739	22,6571	70,398	22,6571	66,2415	
22,8205	75,4813	22,8205	70,6062	22,8205	66,4709	22,8205	75,9763	22,8205	70,3983	22,8205	66,2416	
22,9842	75,487	22,9842	70,6077	22,9842	66,4708	22,9842	75,9738	22,9842	70,398	22,9842	66,2417	
23,1479	75,4836	23,1479	70,6078	23,1479	66,4704	23,1479	75,9724	23,1479	70,3989	23,1479	66,2414	
23,3122	75,4815	23,3122	70,6084	23,3122	66,471	23,3122	75,9747	23,3122	70,3974	23,3122	66,2413	
23,4759	75,4846	23,4759	70,6059	23,4759	66,4708	23,4759	75,975	23,4759	70,3967	23,4759	66,2412	
23,6396	75,4826	23,6396	70,6065	23,6396	66,4718	23,6396	75,9751	23,6396	70,3986	23,6396	66,2415	
23,8033	75,4886	23,8033	70,6077	23,8033	66,4726	23,8033	75,9769	23,8033	70,3983	23,8033	66,242	
23,967	75,4861	23,967	70,6103	23,967	66,4705	23,967	75,9762	23,967	70,3989	23,967	66,2418	
24,1308	75,4835	24,1308	70,6103	24,1308	66,4729	24,1308	75,9721	24,1308	70,3984	24,1308	66,2417	
24,2948	75,4845	24,2948	70,6093	24,2948	66,4732	24,2948	75,9743	24,2948	70,3993	24,2948	66,2418	
24,4587	75,4843	24,4587	70,611	24,4587	66,4721	24,4587	75,9734	24,4587	70,3988	24,4587	66,2416	
24,6222	75,4881	24,6222	70,6118	24,6222	66,4739	24,6222	62,0504	24,6222	58,0327	24,6222	78,0466	
24,7857	75,49	24,7857	70,6099	24,7857	66,4731	24,7857	76,2457	24,7857	48,4388	24,7857	45,2642	
24,9494	75,4876	24,9494	70,61	24,9494	66,4736	24,9494	76,2479	24,9494	48,3757	24,9494	45,2297	
25,1131	75,4899	25,1131	70,6119	25,1131	66,4738	25,1131	76,2457	25,1131	48,3566	25,1131	45,2188	
25,2768	75,4898	25,2768	70,6124	25,2768	66,4714	25,2768	76,2482	25,2768	48,3469	25,2768	45,2172	
25,4408	75,4913	25,4408	70,6112	25,4408	66,4726	25,4408	76,2475	25,4408	48,3308	25,4408	45,2088	
25,6045	75,4852	25,6045	70,6127	25,6045	66,4722	25,6045	76,2465	25,6045	48,3187	25,6045	45,2034	
25,7685	75,491	25,7685	70,61	25,7685	66,4725	25,7685	76,2501	25,7685	48,308	25,7685	45,1984	
25,9328	75,4879	25,9328	70,6129	25,9328	66,4726	25,9328	76,2595	25,9328	48,3046	25,9328	45,1922	
26,0965	75,4905	26,0965	70,6124	26,0965	66,4717	26,0965	76,2595	26,0965	48,2684	26,0965	45,1734	
26,2603	75,4883	26,2603	70,6127	26,2603	66,4724	26,2603	76,2627	26,2603	48,2674	26,2603	45,1725	
26,4245	75,4884	26,4245	70,6118	26,4245	66,4728	26,4245	76,265	26,4245	48,259	26,4245	45,1688	
26,5883	75,4864	26,5883	70,6135	26,5883	66,474	26,5883	76,2801	26,5883	48,2397	26,5883	45,1601	
26,7523	75,4848	26,7523	70,611	26,7523	66,4728	26,7523	76,2836	26,7523	48,231	26,7523	45,1529	
26,9163	75,4879	26,9163	70,6124	26,9163	66,4742	26,9163	76,3035	26,9163	48,2206	26,9163	45,1493	
27,0805	75,4856	27,0805	70,6123	27,0805	66,4729	27,0805	76,2984	27,0805	48,2172	27,0805	45,1475	
27,244	75,4873	27,244	70,6087	27,244	66,471	27,244	76,3093	27,244	48,2057	27,244	45,1421	
27,4074	75,4843	27,4074	70,6107	27,4074	66,4738	27,4074	76,3088	27,4074	48,201	27,4074	45,1382	
27,5714	75,4893	27,5714	70,6106	27,5714	66,4728	27,5714	76,3101	27,5714	48,1967	27,5714	45,1375	
27,7357	75,4877	27,7357	70,6125	27,7357	66,4723	27,7357	76,3164	27,7357	48,1888	27,7357	45,1316	
27,9002	75,4907	27,9002	70,6074	27,9002	66,4718	27,9002	76,327	27,9002	48,1845	27,9002	45,1302	
28,0639	75,4829	28,0639	70,6079	28,0639	66,4706	28,0639	76,3215	28,0639	48,1828	28,0639	45,1263	
28,2279	75,4823	28,2279	70,6064	28,2279	66,4697	28,2279	76,3375	28,2279	48,1753	28,2279	45,123	
28,3924	75,4811	28,3924	70,6033	28,3924	66,4685	28,3924	76,3266	28,3924	48,1674	28,3924	45,1188	
28,5561	75,4834	28,5561	70,6006	28,5561	66,4667	28,5561	76,3406	28,5561	48,1595	28,5561	45,1179	
28,7204	75,4811	28,7204	70,6003	28,7204	66,4662	28,7204	76,335	28,7204	48,1545	28,7204	45,1141	
28,8841	75,4844	28,8841	70,5988	28,8841	66,4662	28,8841	76,34	28,8841	48,1516	28,8841	45,1126	
29,049	75,4808	29,049	70,5966	29,049	66,4651	29,049	76,32	29,049	48,1508	29,049	45,1094	
29,213	75,482	29,213	70,5965	29,213	66,4641	29,213	76,3419	29,213	48,1472	29,213	45,1085	
29,3775	75,4827	29,3775	70,5956	29,3775	66,4637	29,3775	76,3232	29,3775	48,1425	29,3775	45,1057	
29,542	75,4812	29,542	70,5956	29,542	66,4636	29,542	52,4419	29,542	48,142	29,542	45,1046	
29,7071	75,4754	29,7071	70,5914	29,7071	66,4634	29,7071	52,4434	29,7071	48,1346	29,7071	45,1001	
29,8708	75,4772	29,8708	70,5914	29,8708	66,4621	29,8708	52,4101	29,8708	48,1355	29,8708	45,0989	
30,0351	75,4748	30,0351	70,5908	30,0351	66,4617	30,0351	52,4066	30,0351	48,1331	30,0351	45,0988	
30,2001	75,4775	30,2001	70,5896	30,2001	66,462	30,2001	52,4167	30,2001	48,1278	30,2001	45,097	
30,3644	75,4713	30,3644	70,5888	30,3644	66,4619	30,3644	52,3832	30,3644	48,1283	30,3644	45,0968	
30,5284	75,4749	30,5284	70,5891	30,5284	66,461	30,5284	52,4014	30,5284	48,1282	30,5284	45,0962	
30,6918	75,4739	30,6918	70,5898	30,6918	66,4611	30,6918	52,4027	30,6918	48,1336	30,6918	45,0986	
30,8558	75,4756	30,8558	70,5873	30,8558	66,4602	30,8558	52,4097	30,8558	48,1308	30,8558	45,0964	
31,0206	75,476	31,0206	70,5867	31,0206	66,4592	31,0206	52,415	31,0206	48,1334	31,0206	45,0979	
31,1851	75,4708	31,1851	70,5862	31,1851	66,4595	31,1851	52,4123	31,1851	48,1302	31,1851	45,0957	
31,3496	75,4744	31,3496	70,5875	31,3496	66,4591	31,3496	52,4162	31,3496	48,1326	31,3496	45,0971	
31,5144	75,4735	31,5144	70,5851	31,5144	66,4592	31,5144	52,4003	31,5144	48,1298	31,5144	45,096	
31,6789	75,4724	31,6789	70,5849	31,6789	66,4592	31,6789	52,404	31,6789	48,1313	31,6789	45,095	
31,8432	75,4681	31,8432	70,5834	31,8432	66,459	31,8432	52,3999	31,8432	48,1291	31,8432	45,0963	
32,0069	75,4732	32,0069	70,5851	32,0069	66,4576	32,0069	52,4075	32,0069	48,1295	32,0069	45,0959	
32,1714	75,47	32,1714	70,5826	32,1714	66,4581	32,1714	52,4053	32,1714	48,1301	32,1714	45,0971	
32,3357	75,47	32,3357	70,5833	32,3357	66,4577	32,3357	52,4016	32,3357	48,132	32,3357	45,0962	
32,4999	75,4711	32,4999	70,5817	32,4999	66,4579	32,4999	52,4153	32,4999	48,1278	32,4999	45,0965	
32,6645	75,4702	32,6645	70,5817	32,6645	66,4575	32,6645	52,4199	32,6645	48,1278	32,6645	45,097	
32,829	75,4682	32,829	70,581	32,829	66,4576	32,829	52,4125	32,829	48,1325	32,829	45,0946	
32,9935	75,4721	32,9935	70,5835	32,9935	66,4575	32,9935	52,4033	32,9935	48,1335	32,9935	45,0948	
33,1578	75,4711	33,1578	70,5814	33,1578	66,4565	33,1578	52,4107	33,1578	48,1293	33,1578	45,0955	
33,3223	75,4711	33,3223	70,5828	33,3223	66,4561	33,3223	52,4133	33,3223	48,1296	33,3223	45,0948	
33,4863	75,4686	33,4863	70,581	33,4863	66,456	33,4863	52,4057	33,4863	48,1291	33,4863	45,0945	
33,6508	75,4731	33,6508	70,5811	33,6508	66,456	33,6508	52,4174	33,6508	48,1328	33,6508	45,0961	
33,815	75,4706	33,815	70,5789	33,815	66,4551	33,815	52,418	33,815	48,1298	33,815	45,0965	
33,9793	75,4705	33,9793	70,579	33,9793	66,4553	33,9793	52,425	33,9793	48,1276	33,9793	45,0955	
34,1433	75,4674	34,1433	70,5808	34,1433	66,4551	34,1433	52,4101	34,1433	48,1299	34,1433	45,0961	
34,307	75,468	34,307	70,5774	34,307	66,4542	34,307	52,3975	34,307	48,1289	34,307	45,0958	
34,4705	75,4663	34,4705	70,578	34,4705	66,4551	34,4705	52,4115	34,4705	48,1296	34,4705	45,0954	
34,6349	75,4666	34,6349	70,578	34,6349	66,4549	34,6349	52,4037	34,6349	48,133	34,6349	45,096	
34,7992	75,4644	34,7992	70,577	34,7992	66,4552	34,7992	52,4137	34,7992	48,1301	34,7992	45,0968	
34,9632	75,4655	34,9632	70,577	34,9632	66,454	34,9632	52,4122	34,9632	48,13	34,9632	45,0972	
35,1269	75,4705	35,1269	70,577	35,1269	66,4539	35,1269	52,3914	35,1269	48,1322	35,1269	45,0964	
35,2909	75,4695	35,2909	70,5765	35,2909	66,4551	35,2909	52,4045	35,2909	48,1318	35,2909	45,0955	
35,4552	75,4737	35,4552	70,5769	35,4552	66,454	35,4552	52,3948	35,4552	48,1309	35,4552	45,0954	
35,6191	75,464	35,6191	70,5767	35,6191	66,454	35,6191	52,422	35,6191	48,1322	35,6191	45,0963	
35,7834	75,4707	35,7834	70,5768	35,7834	66,4543	35,7834	52,4228	35,7834	48,1334	35,7834	45,0965	
35,9473	75,4586	35,9473	70,5776	35,9473	66,4539	35,9473	52,4169	35,9473	48,135	35,9473	45,0981	
36,1113	75,4615	36,1113	70,5759	36,1113	66,4539	36,1113	52,4154	36,1113	48,1338	36,1113	45,097	
36,2756	75,4692	36,2756	70,5771	36,2756	66,4534	36,2756	52,4147	36,2756	48,1347	36,2756	45,0955	
36,4395	75,4652	36,4395	70,5756	36,4395	66,4528	36,4395	52,4206	36,4395	48,1327	36,4395	45,0957	
36,604	75,46	36,604	70,575	36,604	66,4531	36,604	52,4184	36,604	48,1334	36,604	45,0956	
36,7686	75,4674	36,7686	70,5765	36,7686	66,4532	36,7686	52,4128	36,7686	48,132	36,7686	45,0972	
36,9328	75,4633	36,9328	70,5739	36,9328	66,4529	36,9328	52,4151	36,9328	48,1327	36,9328	45,097	
37,097	75,4649	37,097	70,5739	37,097	66,4525	37,097	52,4259	37,097	48,1344	37,097	45,0976	
37,261	75,4645	37,261	70,5754	37,261	66,4526	37,261	52,4106	37,261	48,1319	37,261	45,0963	
37,425	75,4604	37,425	70,5743	37,425	66,4523	37,425	52,4249	37,425	48,1348	37,425	45,0975	
37,5897	75,459	37,5897	70,572	37,5897	66,4512	37,5897	52,4947	37,5897	48,1816	37,5897	45,1288	
37,754	75,4591	37,754	70,5716	37,754	66,451	37,754	52,5056	37,754	48,1647	37,754	45,1091	
37,9184	75,4547	37,9184	70,5732	37,9184	66,4513	37,9184	52,5143	37,9184	48,1765	37,9184	45,1155	
38,0829	75,4636	38,0829	70,5714	38,0829	66,4512	38,0829	52,7103	38,0829	48,2732	38,0829	45,1069	
38,2469	75,4658	38,2469	70,5725	38,2469	66,451	38,2469	52,874	38,2469	48,2818	38,2469	45,1649	
38,4109	75,464	38,4109	70,5723	38,4109	66,4514	38,4109	52,7115	38,4109	48,2639	38,4109	45,1689	
38,5748	75,4641	38,5748	70,5726	38,5748	66,4528	38,5748	52,6845	38,5748	48,2554	38,5748	45,1636	
38,7388	75,4632	38,7388	70,5735	38,7388	66,4518	38,7388	52,6671	38,7388	48,2472	38,7388	45,1607	
38,9033	75,4659	38,9033	70,5727	38,9033	66,4515	38,9033	52,6275	38,9033	48,2427	38,9033	45,1588	
39,0673	75,4617	39,0673	70,5748	39,0673	66,4529	39,0673	52,6157	39,0673	48,2378	39,0673	45,1533	
39,231	75,4664	39,231	70,5724	39,231	66,4513	39,231	52,6024	39,231	48,2273	39,231	45,1507	
39,395	75,46	39,395	70,5717	39,395	66,4512	39,395	52,5841	39,395	48,2257	39,395	45,1462	
39,5599	75,464	39,5599	70,5738	39,5599	66,4519	39,5599	52,5782	39,5599	48,2219	39,5599	45,1445	
39,7241	75,4623	39,7241	70,572	39,7241	66,4524	39,7241	52,5765	39,7241	48,217	39,7241	45,1415	
39,8886	75,4624	39,8886	70,572	39,8886	66,4516	39,8886	52,5816	39,8886	48,2139	39,8886	45,1422	
40,0527	75,461	40,0527	70,5702	40,0527	66,4521	40,0527	52,5613	40,0527	48,2103	40,0527	45,1383	
40,2172	75,4621	40,2172	70,5706	40,2172	66,4518	40,2172	52,5624	40,2172	48,21	40,2172	45,1386	
40,3809	75,4668	40,3809	70,5716	40,3809	66,452	40,3809	52,556	40,3809	48,2072	40,3809	45,138	
40,5448	75,4607	40,5448	70,5716	40,5448	66,4507	40,5448	52,5561	40,5448	48,2021	40,5448	45,1342	
40,7091	75,4647	40,7091	70,5712	40,7091	66,4514	40,7091	52,5399	40,7091	48,2008	40,7091	45,1324	
40,8728	75,4611	40,8728	70,5703	40,8728	66,4513	40,8728	52,5297	40,8728	48,2007	40,8728	45,1321	
41,0368	75,464	41,0368	70,5703	41,0368	66,4504	41,0368	52,5331	41,0368	48,1986	41,0368	45,1325	
41,2014	75,4621	41,2014	70,5716	41,2014	66,4507	41,2014	52,5301	41,2014	48,1981	41,2014	45,1315	
41,3653	75,4594	41,3653	70,5707	41,3653	66,4514	41,3653	52,528	41,3653	48,195	41,3653	45,1315	
41,5288	75,464	41,5288	70,5707	41,5288	66,451	41,5288	52,5248	41,5288	48,1972	41,5288	45,1309	
41,693	75,4605	41,693	70,572	41,693	66,4505	41,693	52,5177	41,693	48,1966	41,693	45,1309	
41,8576	75,4592	41,8576	70,5691	41,8576	66,4518	41,8576	52,5268	41,8576	48,1917	41,8576	45,129	
42,0221	75,4561	42,0221	70,5716	42,0221	66,4508	42,0221	52,5092	42,0221	48,1928	42,0221	45,1301	
42,1858	75,4571	42,1858	70,5692	42,1858	66,4497	42,1858	52,5099	42,1858	48,1915	42,1858	45,1284	
42,3492	75,4581	42,3492	70,5695	42,3492	66,4512	42,3492	52,5094	42,3492	48,1931	42,3492	45,1281	
42,5142	75,4633	42,5142	70,5695	42,5142	66,4505	42,5142	52,5195	42,5142	48,1914	42,5142	45,1275	
42,6782	75,4662	42,6782	70,569	42,6782	66,4502	42,6782	52,5145	42,6782	48,1922	42,6782	45,1269	
42,8422	75,4616	42,8422	70,569	42,8422	66,45	42,8422	52,523	42,8422	48,1903	42,8422	45,1277	
43,0059	75,4598	43,0059	70,5689	43,0059	66,4498	43,0059	52,5045	43,0059	48,1891	43,0059	45,1272	
43,1698	75,4583	43,1698	70,5688	43,1698	66,4497	43,1698	52,5035	43,1698	48,1897	43,1698	45,1278	
43,3346	75,4595	43,3346	70,569	43,3346	66,4499	43,3346	52,5095	43,3346	48,1873	43,3346	45,1257	
43,4989	75,4518	43,4989	70,569	43,4989	66,4509	43,4989	52,5054	43,4989	48,1898	43,4989	45,126	
43,6629	75,4581	43,6629	70,568	43,6629	66,45	43,6629	52,5077	43,6629	48,1922	43,6629	45,1274	
43,8266	75,4593	43,8266	70,5676	43,8266	66,4503	43,8266	52,4984	43,8266	48,1873	43,8266	45,1262	
43,9914	75,4634	43,9914	70,5687	43,9914	66,4493	43,9914	52,5152	43,9914	48,1868	43,9914	45,1257	
44,1554	75,4577	44,1554	70,5684	44,1554	66,4494	44,1554	52,5088	44,1554	48,1867	44,1554	45,1261	
44,3199	75,4566	44,3199	70,5694	44,3199	66,4491	44,3199	52,5215	44,3199	48,1867	44,3199	45,1248	
44,4842	75,457	44,4842	70,5675	44,4842	66,4492	44,4842	52,5033	44,4842	48,1886	44,4842	45,1257	
44,6482	75,4591	44,6482	70,5687	44,6482	66,449	44,6482	52,5145	44,6482	48,189	44,6482	45,125	
44,8124	75,4539	44,8124	70,5688	44,8124	66,4494	44,8124	52,4918	44,8124	48,1907	44,8124	45,1262	
44,9762	75,4605	44,9762	70,5694	44,9762	66,4493	44,9762	52,5118	44,9762	48,1834	44,9762	45,1266	
45,1404	75,4598	45,1404	70,5692	45,1404	66,449	45,1404	52,5074	45,1404	48,1874	45,1404	45,1243	
45,3044	75,4607	45,3044	70,567	45,3044	66,4489	45,3044	52,4848	45,3044	48,1843	45,3044	45,1226	
45,4686	75,4593	45,4686	70,5677	45,4686	66,4489	45,4686	52,4956	45,4686	48,1842	45,4686	45,1243	
45,6324	75,461	45,6324	70,5664	45,6324	66,4492	45,6324	52,4982	45,6324	48,1871	45,6324	45,1253	
45,7964	75,4573	45,7964	70,5657	45,7964	66,4491	45,7964	52,4981	45,7964	48,1876	45,7964	45,1229	
45,9606	75,4605	45,9606	70,5666	45,9606	66,4486	45,9606	52,4878	45,9606	48,1862	45,9606	45,1233	
46,1247	75,4514	46,1247	70,5654	46,1247	66,4483	46,1247	52,5073	46,1247	48,1821	46,1247	45,1254	
46,2884	75,4525	46,2884	70,5669	46,2884	66,4486	46,2884	52,4971	46,2884	48,1835	46,2884	45,1257	
46,4522	75,4571	46,4522	70,568	46,4522	66,4488	46,4522	52,519	46,4522	48,1848	46,4522	45,1252	
46,6164	75,4625	46,6164	70,5656	46,6164	66,4489	46,6164	52,5088	46,6164	48,1872	46,6164	45,1249	
46,7807	75,4572	46,7807	70,5664	46,7807	66,4487	46,7807	52,5133	46,7807	48,1853	46,7807	45,1253	
46,9447	75,4512	46,9447	70,5658	46,9447	66,4498	46,9447	52,4921	46,9447	48,1884	46,9447	45,1234	
47,1093	75,4573	47,1093	70,567	47,1093	66,4483	47,1093	52,4969	47,1093	48,1807	47,1093	45,1237	
47,2733	75,4543	47,2733	70,5661	47,2733	66,4481	47,2733	52,501	47,2733	48,1819	47,2733	45,1233	
47,4376	75,4518	47,4376	70,5673	47,4376	66,4482	47,4376	52,5042	47,4376	48,1812	47,4376	45,1241	
47,6024	75,4573	47,6024	70,5655	47,6024	66,4481	47,6024	52,4969	47,6024	48,1834	47,6024	45,1236	
47,7672	75,4568	47,7672	70,5649	47,7672	66,4481	47,7672	52,4984	47,7672	48,1847	47,7672	45,1233	
47,9314	75,4597	47,9314	70,5642	47,9314	66,4476	47,9314	52,5088	47,9314	48,186	47,9314	45,124	
48,0957	75,4565	48,0957	70,5671	48,0957	66,448	48,0957	52,5091	48,0957	48,1876	48,0957	45,125	
48,2597	75,4593	48,2597	70,5658	48,2597	66,4482	48,2597	52,5166	48,2597	48,1893	48,2597	45,1266	
48,4237	75,4562	48,4237	70,5651	48,4237	66,4481	48,4237	52,4946	48,4237	48,1849	48,4237	45,1254	
48,5879	75,4557	48,5879	70,5665	48,5879	66,4478	48,5879	52,4882	48,5879	48,185	48,5879	45,1257	
48,7522	75,4526	48,7522	70,5647	48,7522	66,4476	48,7522	52,488	48,7522	48,1863	48,7522	45,1247	
48,9164	75,455	48,9164	70,5639	48,9164	66,4476	48,9164	52,5045	48,9164	48,1855	48,9164	45,1237	
49,0812	75,4541	49,0812	70,5649	49,0812	66,4473	49,0812	52,5043	49,0812	48,1849	49,0812	45,1233	
49,2452	75,4546	49,2452	70,5667	49,2452	66,4473	49,2452	52,4963	49,2452	48,1854	49,2452	45,1243	
49,4092	75,4535	49,4092	70,5636	49,4092	66,4476	49,4092	52,5044	49,4092	48,1843	49,4092	45,1251	
49,5735	75,4519	49,5735	70,5646	49,5735	66,4483	49,5735	52,5008	49,5735	48,1857	49,5735	45,1232	
49,7372	75,4487	49,7372	70,5624	49,7372	66,4476	49,7372	52,4996	49,7372	48,1831	49,7372	45,1249	
49,9012	75,45	49,9012	70,5631	49,9012	66,4472	49,9012	52,4909	49,9012	48,1818	49,9012	45,1218	
50,0652	75,4489	50,0652	70,5637	50,0652	66,4469	50,0652	52,5034	50,0652	48,1852	50,0652	45,1253	
50,2292	75,4578	50,2292	70,5635	50,2292	66,4473	50,2292	52,4984	50,2292	48,1859	50,2292	45,1239	
50,3935	75,4537	50,3935	70,5636	50,3935	66,447	50,3935	52,4831	50,3935	48,1846	50,3935	45,1226	
50,5577	75,4542	50,5577	70,5649	50,5577	66,4483	50,5577	52,4973	50,5577	48,1817	50,5577	45,1244	
50,7217	75,4475	50,7217	70,5628	50,7217	66,4478	50,7217	52,4986	50,7217	48,1839	50,7217	45,123	
50,8855	75,458	50,8855	70,5634	50,8855	66,4473	50,8855	52,4892	50,8855	48,1829	50,8855	45,1237	
51,0503	75,4484	51,0503	70,5624	51,0503	66,4469	51,0503	52,4881	51,0503	48,1841	51,0503	45,122	
51,2144	75,4556	51,2144	70,5614	51,2144	66,4477	51,2144	52,4995	51,2144	48,1842	51,2144	45,1231	
51,3791	75,4538	51,3791	70,5629	51,3791	66,447	51,3791	52,5064	51,3791	48,1849	51,3791	45,1237	
51,5436	75,4508	51,5436	70,5625	51,5436	66,4462	51,5436	52,5085	51,5436	48,1849	51,5436	45,1242	
51,7076	75,4513	51,7076	70,5631	51,7076	66,4465	51,7076	52,5025	51,7076	48,1818	51,7076	45,123	
51,8718	75,4535	51,8718	70,5626	51,8718	66,4465	51,8718	52,4986	51,8718	48,182	51,8718	45,1225	
52,0363	75,4536	52,0363	70,5632	52,0363	66,4481	52,0363	52,4699	52,0363	48,1808	52,0363	45,1236	
52,1997	75,4466	52,1997	70,5615	52,1997	66,4467	52,1997	52,4866	52,1997	48,1827	52,1997	45,1216	
52,3637	75,4539	52,3637	70,5612	52,3637	66,446	52,3637	52,5017	52,3637	48,1823	52,3637	45,1239	
52,5272	75,4498	52,5272	70,5616	52,5272	66,4459	52,5272	52,5009	52,5272	48,1834	52,5272	45,1223	
52,6914	75,4533	52,6914	70,5619	52,6914	66,4463	52,6914	52,4811	52,6914	48,1814	52,6914	45,1243	
52,8557	75,4514	52,8557	70,561	52,8557	66,4462	52,8557	52,4986	52,8557	48,1865	52,8557	45,1245	
53,0196	75,4537	53,0196	70,561	53,0196	66,4473	53,0196	52,4949	53,0196	48,1838	53,0196	45,1252	
53,1836	75,4552	53,1836	70,5627	53,1836	66,4464	53,1836	52,4995	53,1836	48,1842	53,1836	45,1249	
53,3484	75,4533	53,3484	70,5619	53,3484	66,4471	53,3484	52,5046	53,3484	48,1826	53,3484	45,1246	
53,5121	75,4559	53,5121	70,5615	53,5121	66,4463	53,5121	52,4852	53,5121	48,1826	53,5121	45,1239	
53,6761	75,4521	53,6761	70,5617	53,6761	66,4463	53,6761	52,4963	53,6761	48,1824	53,6761	45,1229	
53,8403	75,4526	53,8403	70,5618	53,8403	66,4458	53,8403	52,4934	53,8403	48,1825	53,8403	45,1223	
54,0049	75,4507	54,0049	70,5614	54,0049	66,4458	54,0049	52,5046	54,0049	48,1859	54,0049	45,1235	
54,1688	75,4522	54,1688	70,563	54,1688	66,4459	54,1688	52,5093	54,1688	48,1775	54,1688	45,1263	
54,3328	75,452	54,3328	70,5611	54,3328	66,4469	54,3328	52,4946	54,3328	48,1826	54,3328	45,1233	
54,4971	75,4506	54,4971	70,5593	54,4971	66,4457	54,4971	52,4992	54,4971	48,184	54,4971	45,123	
54,6611	75,4489	54,6611	70,5634	54,6611	66,4455	54,6611	52,4995	54,6611	48,1796	54,6611	45,123	
54,8262	75,4498	54,8262	70,5602	54,8262	66,4452	54,8262	52,5018	54,8262	48,182	54,8262	45,1234	
54,9905	75,4499	54,9905	70,5616	54,9905	66,4456	54,9905	52,5146	54,9905	48,1837	54,9905	45,1243	
55,1542	75,453	55,1542	70,5596	55,1542	66,4453	55,1542	52,4998	55,1542	48,1796	55,1542	45,1239	
55,3182	75,4491	55,3182	70,56	55,3182	66,4467	55,3182	52,492	55,3182	48,1737	55,3182	45,1269	
55,4827	75,4535	55,4827	70,5593	55,4827	66,4464	55,4827	52,5028	55,4827	48,1821	55,4827	45,1238	
55,6478	75,4517	55,6478	70,5607	55,6478	66,4468	55,6478	52,4908	55,6478	48,1857	55,6478	45,1226	
55,8117	75,4551	55,8117	70,5625	55,8117	66,4445	55,8117	52,5042	55,8117	48,185	55,8117	45,1239	
55,9757	75,4522	55,9757	70,5597	55,9757	66,4449	55,9757	52,4827	55,9757	48,1837	55,9757	45,1234	
56,1398	75,4527	56,1398	70,5601	56,1398	66,4453	56,1398	52,5052	56,1398	48,1768	56,1398	45,1221	
56,3036	75,4497	56,3036	70,5604	56,3036	66,4452	56,3036	52,4915	56,3036	48,1814	56,3036	45,124	
56,4683	75,4506	56,4683	70,5612	56,4683	66,4455	56,4683	52,5057	56,4683	48,1804	56,4683	45,1236	
56,6329	75,4535	56,6329	70,5597	56,6329	66,4456	56,6329	52,4925	56,6329	48,1867	56,6329	45,125	
56,7963	75,4476	56,7963	70,5601	56,7963	66,4463	56,7963	52,5036	56,7963	48,1852	56,7963	45,1244	
56,96	75,4446	56,96	70,56	56,96	66,4453	56,96	52,4902	56,96	48,1806	56,96	45,1232	
57,124	75,4491	57,124	70,5607	57,124	66,445	57,124	52,501	57,124	48,1812	57,124	45,1237	
57,289	75,4498	57,289	70,5595	57,289	66,4452	57,289	52,4752	57,289	48,1836	57,289	45,1239	
57,4551	75,4469	57,4551	70,5616	57,4551	66,445	57,4551	52,4846	57,4551	48,1827	57,4551	45,1226	
57,6191	75,4489	57,6191	70,5595	57,6191	66,4455	57,6191	52,4864	57,6191	48,1847	57,6191	45,1221	
57,7826	75,4452	57,7826	70,5601	57,7826	66,4446	57,7826	52,4801	57,7826	48,1842	57,7826	45,1228	
57,946	75,4504	57,946	70,56	57,946	66,446	57,946	52,4973	57,946	48,1832	57,946	45,1228	
58,11	75,4432	58,11	70,5584	58,11	66,4451	58,11	52,4995	58,11	48,1855	58,11	45,1237	
58,2743	75,4505	58,2743	70,5594	58,2743	66,4443	58,2743	52,4846	58,2743	48,1833	58,2743	45,1227	
58,4384	75,4503	58,4384	70,5604	58,4384	66,4461	58,4384	52,4885	58,4384	48,1805	58,4384	45,1243	
58,6029	75,4466	58,6029	70,5585	58,6029	66,4445	58,6029	52,4974	58,6029	48,1837	58,6029	45,1235	
58,7671	75,4457	58,7671	70,561	58,7671	66,4446	58,7671	52,4941	58,7671	48,1811	58,7671	45,1243	
58,9318	75,4536	58,9318	70,5608	58,9318	66,4437	58,9318	52,501	58,9318	48,1788	58,9318	45,1206	
59,0962	75,4516	59,0962	70,5588	59,0962	66,4443	59,0962	52,5057	59,0962	48,1851	59,0962	45,1232	
59,2607	75,4529	59,2607	70,558	59,2607	66,4452	59,2607	52,5012	59,2607	48,1842	59,2607	45,1227	
59,425	75,4525	59,425	70,5584	59,425	66,4449	59,425	52,4906	59,425	48,1843	59,425	45,1232	
59,5887	75,4509	59,5887	70,5581	59,5887	66,4442	59,5887	52,5046	59,5887	48,1844	59,5887	45,1245	
59,7524	75,4506	59,7524	70,559	59,7524	66,4443	59,7524	52,5054	59,7524	48,1817	59,7524	45,1254	
59,9165	75,4486	59,9165	70,5595	59,9165	66,4441	59,9165	52,494	59,9165	48,1816	59,9165	45,1225	
60,081	75,451	60,081	70,5588	60,081	66,4444	60,081	52,4992	60,081	48,1811	60,081	45,1231	
60,2453	75,4503	60,2453	70,5585	60,2453	66,4455	60,2453	52,4954	60,2453	48,1815	60,2453	45,1228	
60,4093	75,4524	60,4093	70,5575	60,4093	66,4442	60,4093	52,489	60,4093	48,1845	60,4093	45,1229	
60,5738	75,4466	60,5738	70,558	60,5738	66,4437	60,5738	52,501	60,5738	48,1859	60,5738	45,123	
60,7378	75,4497	60,7378	70,5583	60,7378	66,4439	60,7378	52,4959	60,7378	48,1808	60,7378	45,1221	
60,9013	75,4507	60,9013	70,5577	60,9013	66,444	60,9013	52,5042	60,9013	48,1812	60,9013	45,1229	
61,0661	75,4497	61,0661	70,5576	61,0661	66,4439	61,0661	52,5022	61,0661	48,182	61,0661	45,122	
61,2298	75,4443	61,2298	70,5574	61,2298	66,4445	61,2298	52,5006	61,2298	48,181	61,2298	45,1212	
61,3938	75,4488	61,3938	70,559	61,3938	66,4447	61,3938	52,5004	61,3938	48,1801	61,3938	45,1234	
61,5578	75,4493	61,5578	70,559	61,5578	66,4439	61,5578	52,4834	61,5578	48,181	61,5578	45,1226	
61,722	75,4483	61,722	70,5573	61,722	66,4438	61,722	52,5002	61,722	48,1819	61,722	45,1228	
61,8862	75,4442	61,8862	70,5573	61,8862	66,4434	61,8862	52,4914	61,8862	48,1812	61,8862	45,1214	
62,0511	75,4441	62,0511	70,5582	62,0511	66,4438	62,0511	52,4973	62,0511	48,1811	62,0511	45,1224	
62,2151	75,4507	62,2151	70,5593	62,2151	66,4452	62,2151	52,4842	62,2151	48,1792	62,2151	45,1219	
62,3788	75,4443	62,3788	70,5576	62,3788	66,4437	62,3788	52,4982	62,3788	48,183	62,3788	45,1219	
62,5425	75,4485	62,5425	70,5566	62,5425	66,4434	62,5425	52,484	62,5425	48,1843	62,5425	45,1241	
62,7065	75,4477	62,7065	70,5568	62,7065	66,4436	62,7065	52,4973	62,7065	48,1799	62,7065	45,1231	
62,8703	75,4471	62,8703	70,5589	62,8703	66,4432	62,8703	52,5073	62,8703	48,1799	62,8703	45,1224	
63,034	75,4451	63,034	70,5587	63,034	66,4445	63,034	52,5	63,034	48,1802	63,034	45,1236	
63,1985	75,4459	63,1985	70,5588	63,1985	66,4435	63,1985	52,4952	63,1985	48,1826	63,1985	45,1232	
63,3622	75,4471	63,3622	70,5584	63,3622	66,4433	63,3622	52,5137	63,3622	48,1824	63,3622	45,1236	
63,5256	75,4471	63,5256	70,5593	63,5256	66,4432	63,5256	52,4994	63,5256	48,1814	63,5256	45,1227	
63,6896	75,445	63,6896	70,5583	63,6896	66,4437	63,6896	52,5027	63,6896	48,1824	63,6896	45,1235	
63,8539	75,4476	63,8539	70,5575	63,8539	66,443	63,8539	52,5022	63,8539	48,1821	63,8539	45,1232	
64,0179	75,4494	64,0179	70,5576	64,0179	66,4435	64,0179	52,5021	64,0179	48,1828	64,0179	45,1223	
64,1819	75,4437	64,1819	70,5575	64,1819	66,4447	64,1819	52,5121	64,1819	48,1849	64,1819	45,1229	
64,347	75,4462	64,347	70,5564	64,347	66,4435	64,347	52,4946	64,347	48,1834	64,347	45,1236	
64,5112	75,4465	64,5112	70,5583	64,5112	66,4431	64,5112	52,4897	64,5112	48,1855	64,5112	45,1231	
64,6749	75,4468	64,6749	70,5568	64,6749	66,4429	64,6749	52,4892	64,6749	48,1828	64,6749	45,1238	
64,8387	75,4459	64,8387	70,5569	64,8387	66,4431	64,8387	52,5	64,8387	48,1815	64,8387	45,1245	
65,0024	75,4407	65,0024	70,5559	65,0024	66,443	65,0024	52,4943	65,0024	48,1833	65,0024	45,1224	
65,1658	75,4411	65,1658	70,5568	65,1658	66,4439	65,1658	52,5012	65,1658	48,1831	65,1658	45,1231	
65,3298	75,4463	65,3298	70,5568	65,3298	66,4426	65,3298	52,4951	65,3298	48,1809	65,3298	45,1221	
65,494	75,4445	65,494	70,5572	65,494	66,4435	65,494	52,4991	65,494	48,1817	65,494	45,1236	
65,6581	75,446	65,6581	70,5583	65,6581	66,4442	65,6581	52,5039	65,6581	48,1808	65,6581	45,1219	
65,822	75,4498	65,822	70,5558	65,822	66,4422	65,822	52,4843	65,822	48,1809	65,822	45,1238	
65,9857	75,4485	65,9857	70,5567	65,9857	66,4431	65,9857	52,5033	65,9857	48,1819	65,9857	45,1235	
66,1495	75,4453	66,1495	70,5574	66,1495	66,443	66,1495	52,4932	66,1495	48,1782	66,1495	45,1231	
66,3135	75,4501	66,3135	70,5551	66,3135	66,4424	66,3135	52,5002	66,3135	48,1854	66,3135	45,124	
66,4775	75,4465	66,4775	70,5554	66,4775	66,4426	66,4775	52,501	66,4775	48,1823	66,4775	45,1231	
66,6414	75,4498	66,6414	70,5574	66,6414	66,4426	66,6414	52,5017	66,6414	48,1817	66,6414	45,1231	
66,8049	75,4481	66,8049	70,5555	66,8049	66,4438	66,8049	52,502	66,8049	48,1827	66,8049	45,123	
66,9689	75,4463	66,9689	70,5555	66,9689	66,443	66,9689	52,4958	66,9689	48,1795	66,9689	45,1231	
67,1324	75,4477	67,1324	70,5553	67,1324	66,4426	67,1324	52,5025	67,1324	48,1846	67,1324	45,1223	
67,2964	75,4454	67,2964	70,556	67,2964	66,4423	67,2964	52,472	67,2964	48,1777	67,2964	45,1219	
67,4603	75,4456	67,4603	70,5562	67,4603	66,4425	67,4603	52,4764	67,4603	48,1782	67,4603	45,1237	
67,6246	75,446	67,6246	70,5548	67,6246	66,442	67,6246	52,476	67,6246	48,1813	67,6246	45,1204	
67,7886	75,4497	67,7886	70,5549	67,7886	66,4432	67,7886	52,4922	67,7886	48,179	67,7886	45,1196	
67,9533	75,4471	67,9533	70,5561	67,9533	66,4422	67,9533	52,5011	67,9533	48,1807	67,9533	45,1186	
68,1173	75,4488	68,1173	70,5538	68,1173	66,4423	68,1173	52,4868	68,1173	48,1825	68,1173	45,1214	
68,2811	75,446	68,2811	70,555	68,2811	66,4421	68,2811	52,4976	68,2811	48,1815	68,2811	45,1223	
68,4447	75,4445	68,4447	70,5547	68,4447	66,4424	68,4447	52,4823	68,4447	48,1807	68,4447	45,1211	
68,609	75,4406	68,609	70,5563	68,609	66,4421	68,609	52,4905	68,609	48,179	68,609	45,1229	
68,7725	75,4426	68,7725	70,5545	68,7725	66,4424	68,7725	52,5046	68,7725	48,1812	68,7725	45,1228	
68,9364	75,4405	68,9364	70,5543	68,9364	66,4421	68,9364	52,501	68,9364	48,1798	68,9364	45,1204	
69,0999	75,4435	69,0999	70,5555	69,0999	66,442	69,0999	52,491	69,0999	48,1808	69,0999	45,1223	
69,2635	75,4443	69,2635	70,5542	69,2635	66,4428	69,2635	52,4992	69,2635	48,1844	69,2635	45,1251	
69,4281	75,4441	69,4281	70,5543	69,4281	66,4428	69,4281	52,5048	69,4281	48,1835	69,4281	45,1253	
69,5918	75,4433	69,5918	70,5543	69,5918	66,4423	69,5918	52,504	69,5918	48,1843	69,5918	45,1242	
69,7558	75,4449	69,7558	70,5543	69,7558	66,4425	69,7558	52,5148	69,7558	48,183	69,7558	45,1235	
69,9201	75,444	69,9201	70,5533	69,9201	66,442	69,9201	52,5027	69,9201	48,1836	69,9201	45,1228	
70,0836	75,4467	70,0836	70,5556	70,0836	66,442	70,0836	52,4968	70,0836	48,1853	70,0836	45,1236	
70,2473	75,4433	70,2473	70,5556	70,2473	66,442	70,2473	52,5016	70,2473	48,181	70,2473	45,1244	
70,4107	75,443	70,4107	70,5534	70,4107	66,4423	70,4107	52,5069	70,4107	48,1867	70,4107	45,1248	
70,5744	75,4459	70,5744	70,5555	70,5744	66,4424	70,5744	52,4992	70,5744	48,1854	70,5744	45,1232	
70,7382	75,4449	70,7382	70,5539	70,7382	66,4415	70,7382	52,5074	70,7382	48,1879	70,7382	45,1256	
70,9019	75,4574	70,9019	70,573	70,9019	66,4495	70,9019	52,4944	70,9019	48,1859	70,9019	45,1253	
71,0654	75,4926	71,0654	70,6446	71,0654	66,4849	71,0654	52,5094	71,0654	48,1876	71,0654	45,1252	
71,2288	75,4848	71,2288	70,6428	71,2288	66,4922	71,2288	52,4999	71,2288	48,1866	71,2288	45,1251	
71,3923	75,4847	71,3923	70,6395	71,3923	66,4952	71,3923	52,5096	71,3923	48,1846	71,3923	45,1256	
71,556	75,4833	71,556	70,638	71,556	66,4964	71,556	52,5071	71,556	48,1827	71,556	45,1243	
71,7195	75,4814	71,7195	70,6374	71,7195	66,4957	71,7195	52,5081	71,7195	48,1852	71,7195	45,1242	
71,8831	75,4808	71,8831	70,635	71,8831	66,4966	71,8831	52,5109	71,8831	48,1839	71,8831	45,1251	
72,0469	75,4776	72,0469	70,6318	72,0469	66,4953	72,0469	52,5082	72,0469	48,1849	72,0469	45,124	
72,2109	75,4757	72,2109	70,6303	72,2109	66,4954	72,2109	52,5021	72,2109	48,1827	72,2109	45,1234	
72,3746	75,4746	72,3746	70,6299	72,3746	66,4948	72,3746	52,482	72,3746	48,1833	72,3746	45,1247	
72,5386	75,4731	72,5386	70,6252	72,5386	66,493	72,5386	52,5019	72,5386	48,1873	72,5386	45,1248	
72,7023	75,4758	72,7023	70,6237	72,7023	66,4922	72,7023	52,4988	72,7023	48,1872	72,7023	45,1261	
72,8663	75,471	72,8663	70,6248	72,8663	66,4923	72,8663	52,5072	72,8663	48,1866	72,8663	45,1246	
73,0297	75,4671	73,0297	70,6204	73,0297	66,491	73,0297	52,4976	73,0297	48,1862	73,0297	45,1256	
73,1932	75,4651	73,1932	70,6181	73,1932	66,4915	73,1932	52,5186	73,1932	48,1877	73,1932	45,1257	
73,3574	75,4691	73,3574	70,6153	73,3574	66,4894	73,3574	52,5207	73,3574	48,1864	73,3574	45,1252	
73,5211	75,4627	73,5211	70,6158	73,5211	66,4898	73,5211	52,5098	73,5211	48,1845	73,5211	45,1248	
73,6849	75,4698	73,6849	70,6158	73,6849	66,4887	73,6849	52,4955	73,6849	48,1858	73,6849	45,1253	
73,8483	75,4659	73,8483	70,6128	73,8483	66,4885	73,8483	52,516	73,8483	48,187	73,8483	45,1252	
74,0123	75,4662	74,0123	70,6099	74,0123	66,4877	74,0123	52,5209	74,0123	48,1872	74,0123	45,125	
74,1757	75,4646	74,1757	70,6108	74,1757	66,4873	74,1757	52,5226	74,1757	48,1842	74,1757	45,1257	
74,3392	75,4646	74,3392	70,6088	74,3392	66,4867	74,3392	52,529	74,3392	48,1853	74,3392	45,1255	
74,5029	75,4661	74,5029	70,6092	74,5029	66,4869	74,5029	52,5271	74,5029	48,1847	74,5029	45,1246	
74,6669	75,4643	74,6669	70,608	74,6669	66,4858	74,6669	52,5176	74,6669	48,1867	74,6669	45,1249	
74,8304	75,4648	74,8304	70,6076	74,8304	66,4857	74,8304	52,5198	74,8304	48,1877	74,8304	45,1254	
74,9938	75,4614	74,9938	70,6058	74,9938	66,4855	74,9938	52,5255	74,9938	48,1838	74,9938	45,1248	
75,158	75,4608	75,158	70,6037	75,158	66,4854	75,158	52,5322	75,158	48,1882	75,158	45,1235	
75,322	75,4632	75,322	70,6051	75,322	66,485	75,322	52,5162	75,322	48,1807	75,322	45,1228	
75,4855	75,4604	75,4855	70,6019	75,4855	66,4846	75,4855	52,5216	75,4855	48,1825	75,4855	45,1247	
75,6495	75,4562	75,6495	70,6032	75,6495	66,4844	75,6495	52,507	75,6495	48,1825	75,6495	45,1241	
75,813	75,4618	75,813	70,6029	75,813	66,484	75,813	52,5065	75,813	48,1838	75,813	45,1242	
75,9764	75,4571	75,9764	70,6031	75,9764	66,4842	75,9764	52,5125	75,9764	48,1847	75,9764	45,125	
76,1404	75,4593	76,1404	70,5996	76,1404	66,4831	76,1404	52,5301	76,1404	48,1884	76,1404	45,1244	
76,3042	75,4553	76,3042	70,6016	76,3042	66,4836	76,3042	52,5063	76,3042	48,1834	76,3042	45,1247	
76,4676	75,4588	76,4676	70,5999	76,4676	66,4829	76,4676	52,507	76,4676	48,1841	76,4676	45,1249	
76,631	75,4596	76,631	70,6005	76,631	66,4829	76,631	52,5071	76,631	48,1862	76,631	45,1246	
76,7947	75,4601	76,7947	70,5987	76,7947	66,4831	76,7947	52,5113	76,7947	48,1871	76,7947	45,1245	
76,9583	75,4563	76,9583	70,5982	76,9583	66,4824	76,9583	52,5214	76,9583	48,1858	76,9583	45,1236	
77,122	75,4522	77,122	70,6002	77,122	66,4828	77,122	52,5311	77,122	48,1847	77,122	45,1251	
77,2858	75,4532	77,2858	70,5974	77,2858	66,4827	77,2858	52,5158	77,2858	48,1896	77,2858	45,1253	
77,4498	75,4531	77,4498	70,5976	77,4498	66,4826	77,4498	52,5357	77,4498	48,1831	77,4498	45,125	
77,6135	75,4532	77,6135	70,5989	77,6135	66,4822	77,6135	52,5223	77,6135	48,1854	77,6135	45,126	
77,7772	75,4556	77,7772	70,597	77,7772	66,4822	77,7772	52,5267	77,7772	48,1881	77,7772	45,1269	
77,9411	75,4575	77,9411	70,5985	77,9411	66,4823	77,9411	52,5285	77,9411	48,1888	77,9411	45,1275	
78,1049	75,4558	78,1049	70,5958	78,1049	66,4821	78,1049	52,501	78,1049	48,1851	78,1049	45,1262	
78,2688	75,4544	78,2688	70,5962	78,2688	66,4822	78,2688	52,5204	78,2688	48,1903	78,2688	45,1268	
78,4334	75,4547	78,4334	70,5978	78,4334	66,4831	78,4334	52,5168	78,4334	48,189	78,4334	45,1277	
78,5971	75,4556	78,5971	70,597	78,5971	66,4815	78,5971	52,5265	78,5971	48,1931	78,5971	45,1251	
78,761	75,4588	78,761	70,5958	78,761	66,4821	78,761	52,5248	78,761	48,1908	78,761	45,1266	
78,9248	75,4551	78,9248	70,5923	78,9248	66,4792	78,9248	52,5247	78,9248	48,1912	78,9248	45,1259	
79,0888	75,4512	79,0888	70,5876	79,0888	66,4745	79,0888	52,5156	79,0888	48,189	79,0888	45,1273	
79,2528	75,4467	79,2528	70,5845	79,2528	66,4709	79,2528	52,5285	79,2528	48,1932	79,2528	45,1256	
79,4171	75,4486	79,4171	70,5827	79,4171	66,4691	79,4171	52,5264	79,4171	48,1852	79,4171	45,1261	
79,5816	75,448	79,5816	70,578	79,5816	66,4665	79,5816	52,5276	79,5816	48,1864	79,5816	45,1271	
79,7454	75,4454	79,7454	70,5763	79,7454	66,4642	79,7454	52,5313	79,7454	48,1859	79,7454	45,1267	
79,9091	75,4454	79,9091	70,5676	79,9091	66,4604	79,9091	52,5153	79,9091	48,1872	79,9091	45,1259	
80,0728	75,4244	80,0728	70,5409	80,0728	66,4441	80,0728	52,5269	80,0728	48,1829	80,0728	45,1237	
80,2371	75,4132	80,2371	70,506	80,2371	66,4218	80,2371	52,4983	80,2371	48,1851	80,2371	45,1241	
80,4013	75,4067	80,4013	70,4908	80,4013	66,4099	80,4013	52,5172	80,4013	48,1859	80,4013	45,124	
80,565	75,4021	80,565	70,4814	80,565	66,4043	80,565	52,5228	80,565	48,1868	80,565	45,1239	
80,7288	75,3997	80,7288	70,4768	80,7288	66,402	80,7288	52,5243	80,7288	48,1826	80,7288	45,1224	
80,8934	75,3949	80,8934	70,474	80,8934	66,4005	80,8934	52,5006	80,8934	48,1831	80,8934	45,1237	
81,0574	75,3955	81,0574	70,4731	81,0574	66,3984	81,0574	52,5146	81,0574	48,1801	81,0574	45,1243	
81,2211	75,395	81,2211	70,473	81,2211	66,3987	81,2211	52,5189	81,2211	48,185	81,2211	45,1244	
81,3851	75,3937	81,3851	70,4717	81,3851	66,3982	81,3851	52,5121	81,3851	48,1832	81,3851	45,1243	
81,5491	75,3997	81,5491	70,4692	81,5491	66,3973	81,5491	52,4885	81,5491	48,1858	81,5491	45,1249	
81,7139	75,3938	81,7139	70,4704	81,7139	66,3976	81,7139	52,504	81,7139	48,1874	81,7139	45,1243	
81,8779	75,3913	81,8779	70,4696	81,8779	66,3957	81,8779	52,5165	81,8779	48,1839	81,8779	45,1244	
82,0419	75,395	82,0419	70,47	82,0419	66,3972	82,0419	52,5177	82,0419	48,1864	82,0419	45,1255	
82,2062	75,3928	82,2062	70,4736	82,2062	66,3979	82,2062	52,6398	82,2062	48,2553	82,2062	45,1691	
82,3707	75,4004	82,3707	70,468	82,3707	66,3967	82,3707	52,6563	82,3707	48,2541	82,3707	45,1673	
82,535	75,4007	82,535	70,4683	82,535	66,3968	82,535	52,6479	82,535	48,2509	82,535	45,1693	
82,6995	75,3923	82,6995	70,4669	82,6995	66,3965	82,6995	52,6234	82,6995	48,2503	82,6995	45,1658	
82,8643	75,3915	82,8643	70,4674	82,8643	66,3963	82,8643	52,6422	82,8643	48,2508	82,8643	45,1647	
83,0283	75,3926	83,0283	70,4676	83,0283	66,3967	83,0283	52,644	83,0283	48,2499	83,0283	45,1665	
83,1918	75,3905	83,1918	70,4686	83,1918	66,3969	83,1918	52,6174	83,1918	48,2424	83,1918	45,1619	
83,3563	75,3965	83,3563	70,468	83,3563	66,3956	83,3563	52,6126	83,3563	48,2452	83,3563	45,1613	
83,5208	75,3915	83,5208	70,4708	83,5208	66,3959	83,5208	52,612	83,5208	48,2368	83,5208	45,1601	
83,6845	75,3912	83,6845	70,4701	83,6845	66,3955	83,6845	52,6058	83,6845	48,2377	83,6845	45,1596	
83,8485	75,3905	83,8485	70,4673	83,8485	66,3954	83,8485	52,5887	83,8485	48,2385	83,8485	45,1566	
84,013	75,3916	84,013	70,4696	84,013	66,3951	84,013	52,5961	84,013	48,2307	84,013	45,1583	
84,177	75,3887	84,177	70,4668	84,177	66,3945	84,177	52,5897	84,177	48,228	84,177	45,1553	
84,3413	75,3898	84,3413	70,4657	84,3413	66,3952	84,3413	52,5926	84,3413	48,2344	84,3413	45,1571	
84,5053	75,3917	84,5053	70,4647	84,5053	66,3955	84,5053	52,5773	84,5053	48,2337	84,5053	45,1558	
84,6695	75,3989	84,6695	70,4672	84,6695	66,3951	84,6695	52,578	84,6695	48,2293	84,6695	45,1552	
84,8335	75,3934	84,8335	70,4708	84,8335	66,395	84,8335	52,5752	84,8335	48,2326	84,8335	45,151	
84,9972	75,391	84,9972	70,4643	84,9972	66,3947	84,9972	52,5736	84,9972	48,228	84,9972	45,1546	
85,1618	75,3896	85,1618	70,4643	85,1618	66,3949	85,1618	52,5713	85,1618	48,2285	85,1618	45,1526	
85,326	75,3897	85,326	70,4643	85,326	66,3946	85,326	52,5683	85,326	48,2257	85,326	45,1511	
85,49	75,384	85,49	70,4643	85,49	66,3934	85,49	52,554	85,49	48,2236	85,49	45,1497	
85,6545	75,3883	85,6545	70,4655	85,6545	66,3941	85,6545	52,5591	85,6545	48,2203	85,6545	45,1498	
85,819	75,3878	85,819	70,4618	85,819	66,394	85,819	52,5474	85,819	48,2202	85,819	45,1501	
