Time (min) - L1 670nm	 - L1 670nm	Time (min) - L2 785nm	 - L2 785nm	Time (min) - L3 980nm	 - L3 980nm	Time (min) - L5 670nm	 - L5 670nm	Time (min) - L6 785nm	 - L6 785nm	Time (min) - L7 980nm	 - L7 980nm	
0,174367	75,3806	0,174367	70,472	0,174367	66,4003	0,174367	76,1462	0,174367	70,32	0,174367	66,222	
0,338383	75,3866	0,338383	70,4663	0,338383	66,3983	0,338383	76,1414	0,338383	70,3176	0,338383	66,2217	
0,5021	75,3826	0,5021	70,4672	0,5021	66,3985	0,5021	76,1391	0,5021	70,3173	0,5021	66,2211	
0,666617	75,3875	0,666617	70,4663	0,666617	66,3983	0,666617	76,137	0,666617	70,3179	0,666617	66,2203	
0,830617	75,393	0,830617	70,4683	0,830617	66,3974	0,830617	76,1382	0,830617	70,3171	0,830617	66,2193	
0,994883	75,3943	0,994883	70,4648	0,994883	66,3969	0,994883	76,1343	0,994883	70,3175	0,994883	66,2189	
1,15858	75,393	1,15858	70,4641	1,15858	66,3973	1,15858	76,1338	1,15858	70,3181	1,15858	66,218	
1,32228	75,3934	1,32228	70,4651	1,32228	66,3959	1,32228	76,132	1,32228	70,3167	1,32228	66,2189	
1,48627	75,3908	1,48627	70,464	1,48627	66,3955	1,48627	76,1335	1,48627	70,318	1,48627	66,2194	
1,6505	75,3871	1,6505	70,4631	1,6505	66,3954	1,6505	76,1296	1,6505	70,3178	1,6505	66,2179	
1,81448	75,3922	1,81448	70,4634	1,81448	66,3951	1,81448	76,1289	1,81448	70,317	1,81448	66,2188	
1,97792	75,3867	1,97792	70,4639	1,97792	66,3957	1,97792	76,1283	1,97792	70,3172	1,97792	66,2173	
2,14462	75,39	2,14462	70,4627	2,14462	66,3949	2,14462	76,1289	2,14462	70,3184	2,14462	66,2175	
2,30912	75,391	2,30912	70,4621	2,30912	66,3946	2,30912	76,1268	2,30912	70,319	2,30912	66,2179	
2,4739	75,391	2,4739	70,4621	2,4739	66,3946	2,4739	76,1268	2,4739	70,3188	2,4739	66,217	
2,63763	75,3927	2,63763	70,4673	2,63763	66,3939	2,63763	76,1277	2,63763	70,3172	2,63763	66,2176	
2,8016	75,3978	2,8016	70,4637	2,8016	66,3941	2,8016	76,1261	2,8016	70,3181	2,8016	66,2177	
2,96587	75,3909	2,96587	70,4615	2,96587	66,3935	2,96587	76,1247	2,96587	70,3162	2,96587	66,2176	
3,12957	75,3921	3,12957	70,4619	3,12957	66,3934	3,12957	76,1268	3,12957	70,3177	3,12957	66,2167	
3,29352	75,3864	3,29352	70,4643	3,29352	66,3941	3,29352	76,1273	3,29352	70,3163	3,29352	66,2171	
3,45843	75,3923	3,45843	70,4614	3,45843	66,3933	3,45843	76,1234	3,45843	70,3174	3,45843	66,2169	
3,62268	75,3936	3,62268	70,4619	3,62268	66,3936	3,62268	76,1139	3,62268	70,3159	3,62268	66,2165	
3,7867	75,3928	3,7867	70,4629	3,7867	66,3938	3,7867	76,1152	3,7867	70,318	3,7867	66,217	
3,95068	75,3992	3,95068	70,4633	3,95068	66,3935	3,95068	76,1241	3,95068	70,3153	3,95068	66,2175	
4,1152	75,3911	4,1152	70,4597	4,1152	66,3933	4,1152	76,1233	4,1152	70,3186	4,1152	66,2159	
4,27973	75,3922	4,27973	70,4632	4,27973	66,3931	4,27973	76,1252	4,27973	70,3181	4,27973	66,2165	
4,44407	75,398	4,44407	70,4659	4,44407	66,3929	4,44407	76,1243	4,44407	70,317	4,44407	66,2167	
4,6078	75,3883	4,6078	70,4666	4,6078	66,3932	4,6078	76,1257	4,6078	70,3177	4,6078	66,2174	
4,77178	75,3882	4,77178	70,4615	4,77178	66,3931	4,77178	76,1254	4,77178	70,3179	4,77178	66,2164	
4,93587	75,3864	4,93587	70,4665	4,93587	66,3932	4,93587	76,1281	4,93587	70,3195	4,93587	66,2176	
5,0996	75,3912	5,0996	70,4667	5,0996	66,3927	5,0996	76,1268	5,0996	70,3203	5,0996	66,218	
5,2636	75,3877	5,2636	70,4623	5,2636	66,3928	5,2636	76,1243	5,2636	70,3199	5,2636	66,218	
5,42757	75,3902	5,42757	70,4631	5,42757	66,3925	5,42757	76,127	5,42757	70,3207	5,42757	66,2172	
5,59153	75,3881	5,59153	70,4613	5,59153	66,3926	5,59153	76,1237	5,59153	70,3187	5,59153	66,2173	
5,75555	75,3879	5,75555	70,4615	5,75555	66,3927	5,75555	76,1245	5,75555	70,3188	5,75555	66,2176	
5,91927	75,3874	5,91927	70,4635	5,91927	66,3928	5,91927	76,1259	5,91927	70,3189	5,91927	66,2166	
6,08355	75,39	6,08355	70,4609	6,08355	66,3929	6,08355	76,1243	6,08355	70,3181	6,08355	66,2168	
6,24777	75,3905	6,24777	70,459	6,24777	66,3926	6,24777	76,1242	6,24777	70,3201	6,24777	66,2163	
6,41198	75,3909	6,41198	70,4609	6,41198	66,3925	6,41198	76,1261	6,41198	70,3167	6,41198	66,2173	
6,5757	75,387	6,5757	70,46	6,5757	66,3921	6,5757	76,124	6,5757	70,3188	6,5757	66,2175	
6,74052	75,3876	6,74052	70,4606	6,74052	66,3927	6,74052	76,1252	6,74052	70,3188	6,74052	66,2168	
6,9051	75,3885	6,9051	70,4624	6,9051	66,3924	6,9051	76,1255	6,9051	70,3187	6,9051	66,2167	
7,06908	75,3877	7,06908	70,4601	7,06908	66,3927	7,06908	76,1245	7,06908	70,319	7,06908	66,2163	
7,23385	75,3895	7,23385	70,4627	7,23385	66,3926	7,23385	76,1234	7,23385	70,3208	7,23385	66,217	
7,39812	75,3907	7,39812	70,4661	7,39812	66,3925	7,39812	76,1262	7,39812	70,3209	7,39812	66,217	
7,5621	75,3921	7,5621	70,4664	7,5621	66,3925	7,5621	76,1254	7,5621	70,3208	7,5621	66,217	
7,72608	75,3865	7,72608	70,4618	7,72608	66,3927	7,72608	76,1265	7,72608	70,3199	7,72608	66,2172	
7,89033	75,3903	7,89033	70,4615	7,89033	66,3922	7,89033	76,1261	7,89033	70,3211	7,89033	66,217	
8,05488	75,3832	8,05488	70,4618	8,05488	66,3926	8,05488	76,1258	8,05488	70,321	8,05488	66,2163	
8,21912	75,3824	8,21912	70,4613	8,21912	66,3922	8,21912	76,1235	8,21912	70,3198	8,21912	66,2166	
8,3831	75,3879	8,3831	70,4625	8,3831	66,3938	8,3831	76,1243	8,3831	70,318	8,3831	66,217	
8,54743	75,3888	8,54743	70,4619	8,54743	66,3924	8,54743	76,1263	8,54743	70,3196	8,54743	66,217	
8,7117	75,3841	8,7117	70,4622	8,7117	66,3932	8,7117	76,1302	8,7117	70,319	8,7117	66,2174	
8,8757	75,3894	8,8757	70,4616	8,8757	66,3927	8,8757	76,1255	8,8757	70,319	8,8757	66,2167	
9,03942	75,3894	9,03942	70,4618	9,03942	66,3922	9,03942	76,1261	9,03942	70,3202	9,03942	66,2168	
9,20312	75,3874	9,20312	70,461	9,20312	66,3926	9,20312	76,1262	9,20312	70,3207	9,20312	66,2171	
9,36792	75,3911	9,36792	70,462	9,36792	66,3929	9,36792	76,1253	9,36792	70,3196	9,36792	66,2174	
9,53247	75,3902	9,53247	70,4621	9,53247	66,3933	9,53247	76,1297	9,53247	70,3199	9,53247	66,217	
9,69672	75,3934	9,69672	70,4639	9,69672	66,3929	9,69672	76,1275	9,69672	70,3206	9,69672	66,2176	
9,86077	75,3908	9,86077	70,4607	9,86077	66,3925	9,86077	76,1312	9,86077	70,32	9,86077	66,2169	
10,0245	75,3885	10,0245	70,4613	10,0245	66,3923	10,0245	76,1282	10,0245	70,3218	10,0245	66,218	
10,189	75,3884	10,189	70,4618	10,189	66,3925	10,189	76,1247	10,189	70,3201	10,189	66,2173	
10,3533	75,3897	10,3533	70,4624	10,3533	66,3926	10,3533	76,1291	10,3533	70,3226	10,3533	66,2179	
10,5173	75,3871	10,5173	70,4625	10,5173	66,3921	10,5173	76,1273	10,5173	70,3224	10,5173	66,2182	
10,6811	75,3848	10,6811	70,4621	10,6811	66,3925	10,6811	76,1268	10,6811	70,3223	10,6811	66,2174	
10,8453	75,3892	10,8453	70,4607	10,8453	66,3923	10,8453	76,1265	10,8453	70,3228	10,8453	66,2178	
11,009	75,3902	11,009	70,466	11,009	66,3923	11,009	76,1282	11,009	70,3209	11,009	66,218	
11,173	75,3921	11,173	70,4664	11,173	66,3924	11,173	76,1267	11,173	70,3233	11,173	66,2182	
11,3372	75,3944	11,3372	70,4638	11,3372	66,3932	11,3372	76,1266	11,3372	70,3224	11,3372	66,2176	
11,5012	75,3891	11,5012	70,4661	11,5012	66,3923	11,5012	76,1265	11,5012	70,3235	11,5012	66,2166	
11,6647	75,3909	11,6647	70,4593	11,6647	66,3917	11,6647	76,1281	11,6647	70,3228	11,6647	66,218	
11,8284	75,3912	11,8284	70,4617	11,8284	66,3919	11,8284	76,1303	11,8284	70,323	11,8284	66,2179	
11,9921	75,3967	11,9921	70,4658	11,9921	66,3926	11,9921	76,1269	11,9921	70,3205	11,9921	66,2169	
12,1567	75,3909	12,1567	70,4662	12,1567	66,3924	12,1567	76,1291	12,1567	70,3233	12,1567	66,2177	
12,3207	75,3914	12,3207	70,4625	12,3207	66,3919	12,3207	76,1261	12,3207	70,3234	12,3207	66,2173	
12,4849	75,3874	12,4849	70,4618	12,4849	66,3918	12,4849	76,1268	12,4849	70,3221	12,4849	66,2186	
12,6489	75,388	12,6489	70,4614	12,6489	66,3922	12,6489	76,1279	12,6489	70,3218	12,6489	66,2182	
12,8129	75,3899	12,8129	70,4611	12,8129	66,3926	12,8129	76,1295	12,8129	70,3221	12,8129	66,2186	
12,9766	75,3879	12,9766	70,4634	12,9766	66,3916	12,9766	76,1282	12,9766	70,3236	12,9766	66,2192	
13,14	75,3889	13,14	70,4663	13,14	66,3927	13,14	76,1267	13,14	70,3218	13,14	66,2187	
13,3038	75,3889	13,3038	70,461	13,3038	66,3924	13,3038	76,1281	13,3038	70,3222	13,3038	66,2179	
13,4676	75,3887	13,4676	70,4608	13,4676	66,3928	13,4676	76,1261	13,4676	70,3226	13,4676	66,2176	
13,6315	75,3941	13,6315	70,4622	13,6315	66,3925	13,6315	76,1265	13,6315	70,3222	13,6315	66,2183	
13,7952	75,388	13,7952	70,4606	13,7952	66,3921	13,7952	76,1276	13,7952	70,3234	13,7952	66,218	
13,9586	75,3861	13,9586	70,4629	13,9586	66,3925	13,9586	76,1282	13,9586	70,322	13,9586	66,2178	
14,1223	75,3888	14,1223	70,4602	14,1223	66,3924	14,1223	76,1285	14,1223	70,322	14,1223	66,2181	
14,2866	75,3876	14,2866	70,4611	14,2866	66,3924	14,2866	76,1264	14,2866	70,3219	14,2866	66,2179	
14,4508	75,3944	14,4508	70,4653	14,4508	66,3924	14,4508	76,1285	14,4508	70,3226	14,4508	66,2188	
14,6148	75,3868	14,6148	70,4637	14,6148	66,3922	14,6148	76,125	14,6148	70,3226	14,6148	66,2184	
14,7783	75,3878	14,7783	70,461	14,7783	66,3919	14,7783	76,1267	14,7783	70,3229	14,7783	66,2185	
14,942	75,3847	14,942	70,4659	14,942	66,3923	14,942	76,1258	14,942	70,3214	14,942	66,2177	
15,106	75,3862	15,106	70,4604	15,106	66,392	15,106	76,1246	15,106	70,3236	15,106	66,2173	
15,2703	75,3882	15,2703	70,4608	15,2703	66,3923	15,2703	76,1249	15,2703	70,3242	15,2703	66,2179	
15,4343	75,3862	15,4343	70,4621	15,4343	66,3923	15,4343	76,1262	15,4343	70,3225	15,4343	66,2178	
15,5977	75,3894	15,5977	70,4619	15,5977	66,3925	15,5977	76,126	15,5977	70,3224	15,5977	66,2184	
15,7612	75,3859	15,7612	70,4604	15,7612	66,3928	15,7612	76,1255	15,7612	70,3228	15,7612	66,2184	
15,9254	75,3866	15,9254	70,466	15,9254	66,3923	15,9254	76,1254	15,9254	70,3216	15,9254	66,2181	
16,0892	75,3945	16,0892	70,4613	16,0892	66,3931	16,0892	76,1242	16,0892	70,3233	16,0892	66,2185	
16,2526	75,3876	16,2526	70,4605	16,2526	66,3923	16,2526	76,1243	16,2526	70,3244	16,2526	66,2194	
16,4163	75,3887	16,4163	70,4613	16,4163	66,3926	16,4163	76,1254	16,4163	70,3241	16,4163	66,2192	
16,5806	75,3884	16,5806	70,4609	16,5806	66,3925	16,5806	76,1221	16,5806	70,3238	16,5806	66,2193	
16,7446	75,3869	16,7446	70,4608	16,7446	66,3923	16,7446	76,1205	16,7446	70,3256	16,7446	66,2185	
16,9083	75,3852	16,9083	70,4655	16,9083	66,3923	16,9083	76,12	16,9083	70,3261	16,9083	66,2183	
17,0723	75,3876	17,0723	70,4608	17,0723	66,3922	17,0723	76,1223	17,0723	70,3259	17,0723	66,2193	
17,2363	75,3933	17,2363	70,4598	17,2363	66,3925	17,2363	76,1205	17,2363	70,3271	17,2363	66,2194	
17,4004	75,3847	17,4004	70,461	17,4004	66,3923	17,4004	76,1193	17,4004	70,3262	17,4004	66,2189	
17,5644	75,3887	17,5644	70,4665	17,5644	66,3928	17,5644	76,1191	17,5644	70,3275	17,5644	66,219	
17,7281	75,428	17,7281	70,5274	17,7281	66,4239	17,7281	76,1206	17,7281	70,3284	17,7281	66,2193	
17,8923	75,4686	17,8923	70,5978	17,8923	66,4674	17,8923	76,1179	17,8923	70,3292	17,8923	66,2191	
18,0564	75,4714	18,0564	70,6083	18,0564	66,4729	18,0564	76,1154	18,0564	70,3301	18,0564	66,2204	
18,2201	75,4754	18,2201	70,6125	18,2201	66,4759	18,2201	76,1178	18,2201	70,3302	18,2201	66,2202	
18,3843	75,4781	18,3843	70,6152	18,3843	66,4768	18,3843	76,1184	18,3843	70,3314	18,3843	66,2206	
18,548	75,4793	18,548	70,6201	18,548	66,4785	18,548	76,1193	18,548	70,3299	18,548	66,2219	
18,7115	75,4786	18,7115	70,6202	18,7115	66,4793	18,7115	76,1186	18,7115	70,3333	18,7115	66,2211	
18,8755	75,4832	18,8755	70,6244	18,8755	66,481	18,8755	76,1169	18,8755	70,3333	18,8755	66,2213	
19,0392	75,4821	19,0392	70,6263	19,0392	66,4823	19,0392	76,1188	19,0392	70,3345	19,0392	66,2224	
19,2029	75,4845	19,2029	70,6254	19,2029	66,4835	19,2029	76,12	19,2029	70,3356	19,2029	66,2225	
19,3666	75,4869	19,3666	70,6295	19,3666	66,4848	19,3666	76,1193	19,3666	70,3364	19,3666	66,224	
19,5304	75,4847	19,5304	70,6342	19,5304	66,4854	19,5304	76,1192	19,5304	70,3361	19,5304	66,223	
19,6944	75,4874	19,6944	70,6368	19,6944	66,4859	19,6944	76,12	19,6944	70,337	19,6944	66,2242	
19,858	75,4864	19,858	70,6375	19,858	66,4878	19,858	76,1189	19,858	70,3386	19,858	66,2237	
20,0217	75,4881	20,0217	70,637	20,0217	66,4886	20,0217	76,1193	20,0217	70,3397	20,0217	66,2252	
20,1855	75,4906	20,1855	70,6414	20,1855	66,4885	20,1855	76,119	20,1855	70,3399	20,1855	66,2248	
20,3495	75,4914	20,3495	70,6402	20,3495	66,4889	20,3495	76,1183	20,3495	70,3401	20,3495	66,2243	
20,513	75,4909	20,513	70,641	20,513	66,491	20,513	76,1206	20,513	70,3396	20,513	66,2238	
20,6764	75,4911	20,6764	70,6454	20,6764	66,4909	20,6764	76,118	20,6764	70,3394	20,6764	66,2243	
20,8405	75,4909	20,8405	70,642	20,8405	66,4904	20,8405	76,1216	20,8405	70,3401	20,8405	66,2244	
21,0041	75,4944	21,0041	70,6423	21,0041	66,4909	21,0041	76,1207	21,0041	70,3415	21,0041	66,2259	
21,1676	75,49	21,1676	70,6455	21,1676	66,4906	21,1676	76,1217	21,1676	70,3407	21,1676	66,2257	
21,3313	75,4932	21,3313	70,6438	21,3313	66,4922	21,3313	76,1217	21,3313	70,3411	21,3313	66,2251	
21,4948	75,4895	21,4948	70,644	21,4948	66,4909	21,4948	76,1176	21,4948	70,3419	21,4948	66,226	
21,6585	75,4902	21,6585	70,6442	21,6585	66,4916	21,6585	76,1216	21,6585	70,3412	21,6585	66,2261	
21,8222	75,4918	21,8222	70,645	21,8222	66,4925	21,8222	76,1223	21,8222	70,3439	21,8222	66,2252	
21,9857	75,4902	21,9857	70,6452	21,9857	66,4925	21,9857	76,1203	21,9857	70,3421	21,9857	66,2259	
22,1496	75,4917	22,1496	70,6454	22,1496	66,4927	22,1496	76,1194	22,1496	70,3424	22,1496	66,2256	
22,3133	75,4888	22,3133	70,6461	22,3133	66,493	22,3133	76,1178	22,3133	70,342	22,3133	66,2265	
22,4771	75,4877	22,4771	70,6504	22,4771	66,4929	22,4771	76,12	22,4771	70,3422	22,4771	66,2259	
22,6408	75,4931	22,6408	70,6486	22,6408	66,4946	22,6408	76,1198	22,6408	70,3427	22,6408	66,2258	
22,8053	75,4937	22,8053	70,647	22,8053	66,4934	22,8053	76,1213	22,8053	70,3435	22,8053	66,2272	
22,9688	75,4934	22,9688	70,6468	22,9688	66,4931	22,9688	76,1203	22,9688	70,3425	22,9688	66,2267	
23,1326	75,4898	23,1326	70,6491	23,1326	66,4931	23,1326	76,1211	23,1326	70,3419	23,1326	66,2269	
23,2964	75,4929	23,2964	70,6486	23,2964	66,4931	23,2964	76,121	23,2964	70,3423	23,2964	66,2263	
23,4604	75,4902	23,4604	70,6479	23,4604	66,4937	23,4604	76,1215	23,4604	70,3432	23,4604	66,2255	
23,6241	75,4891	23,6241	70,6507	23,6241	66,4938	23,6241	76,1206	23,6241	70,3409	23,6241	66,2262	
23,7879	75,4929	23,7879	70,651	23,7879	66,4941	23,7879	76,1228	23,7879	70,3425	23,7879	66,2265	
23,9513	75,4928	23,9513	70,6525	23,9513	66,4941	23,9513	76,12	23,9513	70,3445	23,9513	66,2267	
24,1153	75,4925	24,1153	70,6507	24,1153	66,494	24,1153	76,1208	24,1153	70,3426	24,1153	66,2259	
24,2793	75,4951	24,2793	70,6501	24,2793	66,4931	24,2793	76,1228	24,2793	70,3445	24,2793	66,2265	
24,4438	75,4949	24,4438	70,652	24,4438	66,4942	24,4438	76,1209	24,4438	70,3431	24,4438	66,2258	
24,6075	75,4933	24,6075	70,648	24,6075	66,494	24,6075	76,1221	24,6075	70,3424	24,6075	66,2266	
24,7721	75,4918	24,7721	70,6488	24,7721	66,4934	24,7721	76,1224	24,7721	70,3428	24,7721	66,2266	
24,9358	75,4929	24,9358	70,6511	24,9358	66,4939	24,9358	76,1217	24,9358	70,3436	24,9358	66,2267	
25,1	75,4864	25,1	70,6492	25,1	66,4938	25,1	76,1192	25,1	70,3418	25,1	66,2258	
25,2635	75,4904	25,2635	70,6514	25,2635	66,4931	25,2635	76,1207	25,2635	70,3428	25,2635	66,2257	
25,4275	75,4938	25,4275	70,6484	25,4275	66,4943	25,4275	76,1209	25,4275	70,3424	25,4275	66,227	
25,591	75,4938	25,591	70,6486	25,591	66,4936	25,591	76,1239	25,591	70,3435	25,591	66,2268	
25,7547	75,4916	25,7547	70,6484	25,7547	66,4933	25,7547	76,1215	25,7547	70,3426	25,7547	66,227	
25,9186	75,491	25,9186	70,6493	25,9186	66,493	25,9186	76,122	25,9186	70,3438	25,9186	66,2259	
26,0824	75,4882	26,0824	70,6464	26,0824	66,4917	26,0824	76,1217	26,0824	70,3427	26,0824	66,226	
26,2464	75,4865	26,2464	70,644	26,2464	66,49	26,2464	76,1226	26,2464	70,3438	26,2464	66,2263	
26,4109	75,4874	26,4109	70,6384	26,4109	66,4882	26,4109	76,1213	26,4109	70,3425	26,4109	66,2265	
26,5755	75,4857	26,5755	70,6361	26,5755	66,4858	26,5755	76,1212	26,5755	70,3412	26,5755	66,2257	
26,7402	75,4819	26,7402	70,6315	26,7402	66,4834	26,7402	76,1226	26,7402	70,3429	26,7402	66,2265	
26,9042	75,483	26,9042	70,6286	26,9042	66,4824	26,9042	76,1223	26,9042	70,3423	26,9042	66,2253	
27,0684	75,4759	27,0684	70,6255	27,0684	66,4797	27,0684	76,1213	27,0684	70,3431	27,0684	66,2262	
27,2327	75,4763	27,2327	70,6232	27,2327	66,4788	27,2327	76,1238	27,2327	70,342	27,2327	66,2267	
27,3967	75,4792	27,3967	70,6179	27,3967	66,4776	27,3967	76,1221	27,3967	70,3418	27,3967	66,2264	
27,5612	75,4744	27,5612	70,6149	27,5612	66,4761	27,5612	76,1206	27,5612	70,3413	27,5612	66,2258	
27,7251	75,4742	27,7251	70,6155	27,7251	66,4756	27,7251	76,1222	27,7251	70,3415	27,7251	66,2263	
27,8902	75,4738	27,8902	70,6115	27,8902	66,4741	27,8902	76,123	27,8902	70,3447	27,8902	66,2266	
28,0546	75,4763	28,0546	70,6086	28,0546	66,473	28,0546	76,1231	28,0546	70,3408	28,0546	66,2271	
28,2189	75,4674	28,2189	70,6082	28,2189	66,472	28,2189	76,1203	28,2189	70,3427	28,2189	66,2253	
28,3834	75,4677	28,3834	70,6064	28,3834	66,4702	28,3834	76,1229	28,3834	70,3428	28,3834	66,2262	
28,5468	75,4633	28,5468	70,6023	28,5468	66,4706	28,5468	76,1208	28,5468	70,3417	28,5468	66,2266	
28,7108	75,4673	28,7108	70,603	28,7108	66,4693	28,7108	76,1217	28,7108	70,3419	28,7108	66,2253	
28,875	75,4674	28,875	70,6008	28,875	66,4682	28,875	76,1212	28,875	70,3417	28,875	66,2268	
29,0393	75,4638	29,0393	70,5979	29,0393	66,4675	29,0393	76,1225	29,0393	70,3424	29,0393	66,2264	
29,2035	75,4654	29,2035	70,5973	29,2035	66,4675	29,2035	76,1241	29,2035	70,3429	29,2035	66,2264	
29,3673	75,4652	29,3673	70,5964	29,3673	66,4665	29,3673	76,1211	29,3673	70,3424	29,3673	66,226	
29,5313	75,4667	29,5313	70,598	29,5313	66,466	29,5313	76,1233	29,5313	70,3415	29,5313	66,2273	
29,6955	75,463	29,6955	70,5944	29,6955	66,4641	29,6955	76,1225	29,6955	70,3412	29,6955	66,2264	
29,8616	75,4627	29,8616	70,5933	29,8616	66,4646	29,8616	76,121	29,8616	70,341	29,8616	66,2255	
30,0256	75,4629	30,0256	70,5923	30,0256	66,4646	30,0256	76,1214	30,0256	70,3414	30,0256	66,226	
30,1896	75,4634	30,1896	70,591	30,1896	66,4638	30,1896	76,1214	30,1896	70,3413	30,1896	66,2266	
30,3536	75,4626	30,3536	70,5928	30,3536	66,4632	30,3536	76,1225	30,3536	70,3428	30,3536	66,2269	
30,5173	75,4628	30,5173	70,5919	30,5173	66,4638	30,5173	76,1229	30,5173	70,3416	30,5173	66,2259	
30,681	75,4589	30,681	70,5918	30,681	66,4626	30,681	76,1225	30,681	70,3423	30,681	66,2263	
30,8448	75,461	30,8448	70,5892	30,8448	66,462	30,8448	76,1208	30,8448	70,3433	30,8448	66,2261	
31,0088	75,4583	31,0088	70,5884	31,0088	66,4624	31,0088	76,1203	31,0088	70,343	31,0088	66,2258	
31,1727	75,4601	31,1727	70,5876	31,1727	66,4614	31,1727	76,1222	31,1727	70,3418	31,1727	66,2265	
31,337	75,4568	31,337	70,588	31,337	66,4613	31,337	76,1229	31,337	70,3436	31,337	66,2263	
31,5016	75,4575	31,5016	70,5873	31,5016	66,4612	31,5016	76,1206	31,5016	70,3427	31,5016	66,2273	
31,6655	75,4583	31,6655	70,5879	31,6655	66,4615	31,6655	76,1207	31,6655	70,3435	31,6655	66,2262	
31,829	75,4575	31,829	70,5872	31,829	66,4602	31,829	76,1221	31,829	70,3415	31,829	66,2266	
31,9932	75,4561	31,9932	70,5844	31,9932	66,4605	31,9932	76,122	31,9932	70,3431	31,9932	66,2266	
32,1572	75,4574	32,1572	70,5837	32,1572	66,4602	32,1572	76,1211	32,1572	70,3413	32,1572	66,2267	
32,322	75,4592	32,322	70,5853	32,322	66,46	32,322	76,1238	32,322	70,3436	32,322	66,2261	
32,4865	75,4552	32,4865	70,5819	32,4865	66,459	32,4865	76,1228	32,4865	70,3423	32,4865	66,2264	
32,6505	75,4535	32,6505	70,5817	32,6505	66,4595	32,6505	76,124	32,6505	70,342	32,6505	66,2268	
32,815	75,4552	32,815	70,5841	32,815	66,4591	32,815	76,1207	32,815	70,3428	32,815	66,2258	
32,979	75,4579	32,979	70,58	32,979	66,4583	32,979	76,1227	32,979	70,3413	32,979	66,2263	
33,1427	75,4558	33,1427	70,5815	33,1427	66,4591	33,1427	76,123	33,1427	70,3409	33,1427	66,2257	
33,3067	75,4563	33,3067	70,5827	33,3067	66,458	33,3067	76,1238	33,3067	70,3401	33,3067	66,2259	
33,4702	75,4478	33,4702	70,5824	33,4702	66,4584	33,4702	76,1251	33,4702	70,3421	33,4702	66,2254	
33,6341	75,4587	33,6341	70,5802	33,6341	66,4579	33,6341	76,1247	33,6341	70,3436	33,6341	66,2272	
33,7984	75,4496	33,7984	70,5801	33,7984	66,4581	33,7984	76,1234	33,7984	70,3416	33,7984	66,2274	
33,9621	75,4581	33,9621	70,58	33,9621	66,4586	33,9621	76,1248	33,9621	70,3413	33,9621	66,2274	
34,1259	75,4567	34,1259	70,5806	34,1259	66,4576	34,1259	76,1218	34,1259	70,3415	34,1259	66,226	
34,2904	75,4534	34,2904	70,58	34,2904	66,4568	34,2904	76,1259	34,2904	70,3414	34,2904	66,2256	
34,4546	75,4529	34,4546	70,5794	34,4546	66,4564	34,4546	76,1192	34,4546	70,3419	34,4546	66,2256	
34,6183	75,4549	34,6183	70,5779	34,6183	66,4561	34,6183	76,1222	34,6183	70,3405	34,6183	66,2259	
34,7828	75,4574	34,7828	70,5775	34,7828	66,4556	34,7828	76,1268	34,7828	70,3427	34,7828	66,2253	
34,9471	75,457	34,9471	70,5773	34,9471	66,4562	34,9471	76,1238	34,9471	70,3413	34,9471	66,2266	
35,1111	75,4551	35,1111	70,5781	35,1111	66,4573	35,1111	76,1248	35,1111	70,3425	35,1111	66,226	
35,2751	75,4508	35,2751	70,5761	35,2751	66,457	35,2751	76,1242	35,2751	70,3423	35,2751	66,2271	
35,4402	75,4549	35,4402	70,5756	35,4402	66,4554	35,4402	76,1247	35,4402	70,3408	35,4402	66,2268	
35,6044	75,4537	35,6044	70,5756	35,6044	66,4557	35,6044	76,127	35,6044	70,343	35,6044	66,2259	
35,7684	75,4537	35,7684	70,5756	35,7684	66,4549	35,7684	76,1237	35,7684	70,3413	35,7684	66,2253	
35,9324	75,455	35,9324	70,5764	35,9324	66,4548	35,9324	76,1236	35,9324	70,3409	35,9324	66,2261	
36,0964	75,4494	36,0964	70,5744	36,0964	66,4552	36,0964	76,1217	36,0964	70,3428	36,0964	66,2247	
36,2601	75,4541	36,2601	70,5758	36,2601	66,4546	36,2601	76,1236	36,2601	70,3412	36,2601	66,2247	
36,4246	75,4581	36,4246	70,5743	36,4246	66,4544	36,4246	76,1238	36,4246	70,3421	36,4246	66,2262	
36,5886	75,4557	36,5886	70,5761	36,5886	66,4541	36,5886	76,1246	36,5886	70,3417	36,5886	66,2263	
36,7526	75,4543	36,7526	70,5753	36,7526	66,4545	36,7526	76,1249	36,7526	70,3422	36,7526	66,2258	
36,9163	75,4545	36,9163	70,5755	36,9163	66,4535	36,9163	76,1225	36,9163	70,3414	36,9163	66,2256	
37,0809	75,4514	37,0809	70,5729	37,0809	66,4545	37,0809	76,124	37,0809	70,3429	37,0809	66,2265	
37,2446	75,4541	37,2446	70,5726	37,2446	66,4537	37,2446	76,1226	37,2446	70,3408	37,2446	66,2262	
37,4089	75,4489	37,4089	70,5728	37,4089	66,454	37,4089	76,1238	37,4089	70,342	37,4089	66,2258	
37,5735	75,4503	37,5735	70,5716	37,5735	66,4537	37,5735	76,1225	37,5735	70,3404	37,5735	66,226	
37,7377	75,4503	37,7377	70,5729	37,7377	66,4535	37,7377	76,1246	37,7377	70,3422	37,7377	66,2257	
37,9017	75,4515	37,9017	70,5732	37,9017	66,4532	37,9017	76,1238	37,9017	70,3425	37,9017	66,2259	
38,0671	75,452	38,0671	70,5733	38,0671	66,4543	38,0671	76,1234	38,0671	70,3424	38,0671	66,2261	
38,2313	75,45	38,2313	70,5711	38,2313	66,4533	38,2313	76,1226	38,2313	70,3418	38,2313	66,226	
38,3952	75,4498	38,3952	70,57	38,3952	66,4531	38,3952	76,1226	38,3952	70,3407	38,3952	66,2262	
38,5595	75,4496	38,5595	70,5727	38,5595	66,4518	38,5595	76,1248	38,5595	70,3427	38,5595	66,2263	
38,7232	75,4494	38,7232	70,5703	38,7232	66,4522	38,7232	76,1224	38,7232	70,3431	38,7232	66,2253	
38,8872	75,4499	38,8872	70,5706	38,8872	66,4539	38,8872	76,1239	38,8872	70,3421	38,8872	66,2265	
39,0515	75,45	39,0515	70,5711	39,0515	66,4529	39,0515	76,1235	39,0515	70,343	39,0515	66,2263	
39,2165	75,4466	39,2165	70,5719	39,2165	66,4527	39,2165	76,1248	39,2165	70,3428	39,2165	66,2267	
39,3808	75,45	39,3808	70,5689	39,3808	66,4536	39,3808	76,1232	39,3808	70,3417	39,3808	66,226	
39,5449	75,4486	39,5449	70,5694	39,5449	66,4523	39,5449	76,1238	39,5449	70,3403	39,5449	66,226	
39,7091	75,45	39,7091	70,5692	39,7091	66,4519	39,7091	76,1247	39,7091	70,3428	39,7091	66,2267	
39,8731	75,4479	39,8731	70,5698	39,8731	66,4524	39,8731	76,125	39,8731	70,3424	39,8731	66,2264	
40,0368	75,4496	40,0368	70,5687	40,0368	66,4522	40,0368	76,1243	40,0368	70,3415	40,0368	66,2262	
40,2006	75,4475	40,2006	70,5705	40,2006	66,4516	40,2006	76,1219	40,2006	70,3418	40,2006	66,2261	
40,3645	75,4441	40,3645	70,5677	40,3645	66,4521	40,3645	76,1204	40,3645	70,3406	40,3645	66,2265	
40,5288	75,4434	40,5288	70,5692	40,5288	66,4505	40,5288	76,1255	40,5288	70,3417	40,5288	66,2266	
40,6933	75,4478	40,6933	70,5686	40,6933	66,452	40,6933	76,1257	40,6933	70,3418	40,6933	66,2263	
40,8568	75,4472	40,8568	70,57	40,8568	66,451	40,8568	76,1258	40,8568	70,3426	40,8568	66,2266	
41,0202	75,446	41,0202	70,5686	41,0202	66,4504	41,0202	76,1244	41,0202	70,3431	41,0202	66,2259	
41,1839	75,4508	41,1839	70,5668	41,1839	66,4509	41,1839	76,122	41,1839	70,3407	41,1839	66,2257	
41,3487	75,4426	41,3487	70,5672	41,3487	66,4511	41,3487	76,1224	41,3487	70,3418	41,3487	66,2263	
41,5127	75,4466	41,5127	70,5687	41,5127	66,4518	41,5127	76,1248	41,5127	70,3431	41,5127	66,2261	
41,6767	75,4472	41,6767	70,5675	41,6767	66,4518	41,6767	76,1217	41,6767	70,3405	41,6767	66,2251	
41,8416	75,4485	41,8416	70,5669	41,8416	66,4515	41,8416	76,1228	41,8416	70,3416	41,8416	66,2252	
42,0059	75,4467	42,0059	70,5672	42,0059	66,4505	42,0059	76,1215	42,0059	70,3419	42,0059	66,226	
42,1693	75,4499	42,1693	70,5673	42,1693	66,4504	42,1693	76,1237	42,1693	70,341	42,1693	66,2268	
42,3327	75,4496	42,3327	70,5666	42,3327	66,4501	42,3327	76,1268	42,3327	70,3419	42,3327	66,2262	
42,497	75,4479	42,497	70,5666	42,497	66,4505	42,497	76,1261	42,497	70,3426	42,497	66,2266	
42,6612	75,4487	42,6612	70,5673	42,6612	66,4514	42,6612	76,1241	42,6612	70,3427	42,6612	66,2262	
42,8247	75,4484	42,8247	70,5676	42,8247	66,4499	42,8247	76,123	42,8247	70,3416	42,8247	66,2261	
42,9887	75,4438	42,9887	70,5653	42,9887	66,4503	42,9887	76,1242	42,9887	70,342	42,9887	66,2262	
43,1521	75,4447	43,1521	70,5647	43,1521	66,4508	43,1521	76,1225	43,1521	70,3415	43,1521	66,2265	
43,3156	75,4463	43,3156	70,5649	43,3156	66,4502	43,3156	76,124	43,3156	70,3409	43,3156	66,226	
43,4793	75,4479	43,4793	70,5651	43,4793	66,4496	43,4793	76,1255	43,4793	70,3407	43,4793	66,2262	
43,6432	75,4468	43,6432	70,5669	43,6432	66,4515	43,6432	76,1239	43,6432	70,3419	43,6432	66,2262	
43,8075	75,4474	43,8075	70,5642	43,8075	66,4491	43,8075	76,1234	43,8075	70,3424	43,8075	66,2265	
43,9714	75,4459	43,9714	70,5666	43,9714	66,4493	43,9714	76,1254	43,9714	70,3415	43,9714	66,2263	
44,1351	75,4493	44,1351	70,5648	44,1351	66,449	44,1351	76,1257	44,1351	70,343	44,1351	66,2261	
44,2999	75,4477	44,2999	70,565	44,2999	66,449	44,2999	76,1228	44,2999	70,3406	44,2999	66,2269	
44,4639	75,4464	44,4639	70,5661	44,4639	66,4493	44,4639	76,1211	44,4639	70,3418	44,4639	66,2257	
44,6277	75,4435	44,6277	70,5639	44,6277	66,4494	44,6277	76,1243	44,6277	70,3423	44,6277	66,2255	
44,7914	75,4442	44,7914	70,5651	44,7914	66,4491	44,7914	76,1243	44,7914	70,3424	44,7914	66,226	
44,9562	75,4462	44,9562	70,5658	44,9562	66,4481	44,9562	76,1256	44,9562	70,3424	44,9562	66,2263	
45,1204	75,4478	45,1204	70,5654	45,1204	66,4494	45,1204	76,1221	45,1204	70,343	45,1204	66,2261	
45,2844	75,4463	45,2844	70,5645	45,2844	66,4491	45,2844	76,1264	45,2844	70,3426	45,2844	66,2264	
45,4486	75,447	45,4486	70,5635	45,4486	66,4488	45,4486	76,124	45,4486	70,3425	45,4486	66,2274	
45,6134	75,4455	45,6134	70,5626	45,6134	66,449	45,6134	76,1234	45,6134	70,3418	45,6134	66,2258	
45,7778	75,4446	45,7778	70,563	45,7778	66,4489	45,7778	76,1232	45,7778	70,3436	45,7778	66,2256	
45,9418	75,4488	45,9418	70,5626	45,9418	66,4486	45,9418	76,1253	45,9418	70,3412	45,9418	66,226	
46,1057	75,4458	46,1057	70,5645	46,1057	66,4486	46,1057	76,1249	46,1057	70,3419	46,1057	66,2258	
46,2697	75,444	46,2697	70,5627	46,2697	66,4481	46,2697	76,1237	46,2697	70,3412	46,2697	66,2266	
46,4337	75,4426	46,4337	70,5648	46,4337	66,448	46,4337	76,1265	46,4337	70,3421	46,4337	66,2256	
46,5978	75,4455	46,5978	70,5613	46,5978	66,4482	46,5978	76,1231	46,5978	70,3404	46,5978	66,2256	
46,7617	75,4429	46,7617	70,5623	46,7617	66,4477	46,7617	76,1235	46,7617	70,3418	46,7617	66,226	
46,9265	75,4459	46,9265	70,5614	46,9265	66,4481	46,9265	76,1262	46,9265	70,3423	46,9265	66,2261	
47,0913	75,4452	47,0913	70,5627	47,0913	66,4478	47,0913	76,1227	47,0913	70,3412	47,0913	66,2259	
47,2547	75,4449	47,2547	70,5619	47,2547	66,4482	47,2547	76,1252	47,2547	70,3418	47,2547	66,2262	
47,4193	75,4465	47,4193	70,5613	47,4193	66,4476	47,4193	76,1258	47,4193	70,3412	47,4193	66,2268	
47,5835	75,4445	47,5835	70,5639	47,5835	66,4484	47,5835	76,1255	47,5835	70,3426	47,5835	66,2255	
47,7477	75,4445	47,7477	70,5614	47,7477	66,4477	47,7477	76,1255	47,7477	70,3419	47,7477	66,2276	
47,9115	75,4448	47,9115	70,5634	47,9115	66,4476	47,9115	76,1219	47,9115	70,3419	47,9115	66,2252	
48,0765	75,4422	48,0765	70,5608	48,0765	66,4476	48,0765	76,1233	48,0765	70,3409	48,0765	66,2256	
48,2402	75,4455	48,2402	70,5619	48,2402	66,4486	48,2402	76,1243	48,2402	70,3415	48,2402	66,2256	
48,4039	75,4474	48,4039	70,5619	48,4039	66,4475	48,4039	76,1252	48,4039	70,341	48,4039	66,2267	
48,5679	75,4407	48,5679	70,5612	48,5679	66,4475	48,5679	76,126	48,5679	70,3436	48,5679	66,2254	
48,7319	75,4463	48,7319	70,5607	48,7319	66,4473	48,7319	76,1216	48,7319	70,3422	48,7319	66,2266	
48,8956	75,4457	48,8956	70,5632	48,8956	66,4486	48,8956	76,1263	48,8956	70,3415	48,8956	66,2257	
49,0601	75,4475	49,0601	70,5599	49,0601	66,4464	49,0601	76,1275	49,0601	70,3423	49,0601	66,2259	
49,2238	75,4466	49,2238	70,563	49,2238	66,4482	49,2238	76,1252	49,2238	70,3423	49,2238	66,2268	
49,3881	75,4459	49,3881	70,5617	49,3881	66,4471	49,3881	76,1259	49,3881	70,3429	49,3881	66,2272	
49,5527	75,4457	49,5527	70,5615	49,5527	66,4468	49,5527	76,1259	49,5527	70,3424	49,5527	66,2258	
49,7169	75,4503	49,7169	70,5607	49,7169	66,4464	49,7169	76,1242	49,7169	70,3424	49,7169	66,2262	
49,8811	75,4448	49,8811	70,5609	49,8811	66,4465	49,8811	76,1252	49,8811	70,3415	49,8811	66,2264	
50,0448	75,4435	50,0448	70,5605	50,0448	66,4471	50,0448	76,1217	50,0448	70,3419	50,0448	66,2267	
50,2094	75,444	50,2094	70,5606	50,2094	66,4466	50,2094	76,1269	50,2094	70,3426	50,2094	66,2268	
50,3734	75,4435	50,3734	70,5592	50,3734	66,4471	50,3734	76,1268	50,3734	70,3432	50,3734	66,2268	
50,5379	75,4453	50,5379	70,5617	50,5379	66,4473	50,5379	76,1259	50,5379	70,3436	50,5379	66,2263	
50,7025	75,447	50,7025	70,5617	50,7025	66,4468	50,7025	76,1248	50,7025	70,3436	50,7025	66,2262	
50,8667	75,4429	50,8667	70,5597	50,8667	66,4471	50,8667	76,1276	50,8667	70,3428	50,8667	66,2266	
51,0313	75,4448	51,0313	70,5604	51,0313	66,4465	51,0313	76,1296	51,0313	70,3428	51,0313	66,2267	
51,1955	75,4427	51,1955	70,5591	51,1955	66,4476	51,1955	76,1254	51,1955	70,3423	51,1955	66,2258	
51,3598	75,4441	51,3598	70,5606	51,3598	66,4475	51,3598	76,127	51,3598	70,3433	51,3598	66,2265	
51,5238	75,4385	51,5238	70,5606	51,5238	66,4468	51,5238	76,1247	51,5238	70,3429	51,5238	66,2254	
51,6885	75,4433	51,6885	70,5597	51,6885	66,4475	51,6885	76,1259	51,6885	70,3414	51,6885	66,2261	
51,8528	75,4481	51,8528	70,5587	51,8528	66,445	51,8528	76,1266	51,8528	70,3429	51,8528	66,2275	
52,0171	75,4467	52,0171	70,5588	52,0171	66,4479	52,0171	76,1276	52,0171	70,3432	52,0171	66,2265	
52,1817	75,4481	52,1817	70,5583	52,1817	66,4467	52,1817	76,1259	52,1817	70,3429	52,1817	66,2262	
52,3456	75,4438	52,3456	70,5606	52,3456	66,446	52,3456	76,1279	52,3456	70,3428	52,3456	66,2266	
52,5099	75,4426	52,5099	70,5585	52,5099	66,4463	52,5099	76,1272	52,5099	70,3416	52,5099	66,2262	
52,6739	75,4397	52,6739	70,5594	52,6739	66,4459	52,6739	76,1284	52,6739	70,3431	52,6739	66,2259	
52,8384	75,4389	52,8384	70,5606	52,8384	66,4469	52,8384	76,1264	52,8384	70,3436	52,8384	66,2259	
53,0024	75,4396	53,0024	70,5579	53,0024	66,4461	53,0024	76,1264	53,0024	70,3427	53,0024	66,2264	
53,167	75,442	53,167	70,5603	53,167	66,4458	53,167	76,128	53,167	70,3424	53,167	66,2264	
53,3315	75,4429	53,3315	70,5599	53,3315	66,4473	53,3315	76,1266	53,3315	70,3434	53,3315	66,2268	
53,4955	75,442	53,4955	70,5598	53,4955	66,4474	53,4955	76,1252	53,4955	70,3421	53,4955	66,227	
53,66	75,4436	53,66	70,5577	53,66	66,446	53,66	76,1267	53,66	70,3422	53,66	66,227	
53,8243	75,4408	53,8243	70,5579	53,8243	66,4459	53,8243	76,1279	53,8243	70,3438	53,8243	66,2271	
53,9886	75,4433	53,9886	70,558	53,9886	66,4469	53,9886	76,1262	53,9886	70,3427	53,9886	66,2265	
54,1526	75,442	54,1526	70,5579	54,1526	66,4457	54,1526	76,127	54,1526	70,3408	54,1526	66,2272	
54,3166	75,4408	54,3166	70,5585	54,3166	66,4458	54,3166	76,1277	54,3166	70,3425	54,3166	66,227	
54,4808	75,4406	54,4808	70,5555	54,4808	66,4464	54,4808	76,1267	54,4808	70,3421	54,4808	66,2268	
54,6446	75,4401	54,6446	70,5572	54,6446	66,4454	54,6446	76,1292	54,6446	70,3433	54,6446	66,2274	
54,8093	75,4368	54,8093	70,5581	54,8093	66,4465	54,8093	76,1249	54,8093	70,3412	54,8093	66,2257	
54,973	75,4342	54,973	70,5567	54,973	66,4455	54,973	76,1271	54,973	70,3424	54,973	66,2265	
55,1367	75,4419	55,1367	70,5586	55,1367	66,4464	55,1367	76,1266	55,1367	70,3423	55,1367	66,2265	
55,3005	75,4397	55,3005	70,5549	55,3005	66,4452	55,3005	76,1262	55,3005	70,3431	55,3005	66,2264	
55,4647	75,4391	55,4647	70,5567	55,4647	66,4454	55,4647	76,1256	55,4647	70,3434	55,4647	66,2268	
55,6289	75,4423	55,6289	70,5576	55,6289	66,4466	55,6289	76,1274	55,6289	70,3416	55,6289	66,227	
55,7926	75,4403	55,7926	70,557	55,7926	66,4462	55,7926	76,1271	55,7926	70,3423	55,7926	66,2261	
55,9569	75,4393	55,9569	70,5566	55,9569	66,4448	55,9569	76,1254	55,9569	70,3427	55,9569	66,2276	
56,1206	75,4369	56,1206	70,5586	56,1206	66,4447	56,1206	76,1291	56,1206	70,3413	56,1206	66,2261	
56,2851	75,4401	56,2851	70,5562	56,2851	66,4443	56,2851	76,1285	56,2851	70,3416	56,2851	66,226	
56,4495	75,4411	56,4495	70,5557	56,4495	66,4447	56,4495	76,1277	56,4495	70,3411	56,4495	66,2263	
56,6132	75,4399	56,6132	70,5572	56,6132	66,4448	56,6132	76,126	56,6132	70,3443	56,6132	66,2268	
56,7775	75,4438	56,7775	70,5554	56,7775	66,4449	56,7775	76,1277	56,7775	70,3434	56,7775	66,2271	
56,9421	75,4413	56,9421	70,5568	56,9421	66,446	56,9421	76,1256	56,9421	70,343	56,9421	66,226	
57,1068	75,4387	57,1068	70,5555	57,1068	66,4452	57,1068	76,1249	57,1068	70,341	57,1068	66,226	
57,2714	75,4416	57,2714	70,5577	57,2714	66,4449	57,2714	76,1253	57,2714	70,3434	57,2714	66,226	
57,4356	75,4402	57,4356	70,5576	57,4356	66,4442	57,4356	76,1245	57,4356	70,3422	57,4356	66,2266	
57,5998	75,4387	57,5998	70,5574	57,5998	66,445	57,5998	76,1258	57,5998	70,3428	57,5998	66,226	
57,7641	75,4416	57,7641	70,5568	57,7641	66,4461	57,7641	76,1272	57,7641	70,3429	57,7641	66,2273	
57,9281	75,4391	57,9281	70,5554	57,9281	66,4447	57,9281	76,1286	57,9281	70,3424	57,9281	66,227	
58,0926	75,4405	58,0926	70,5582	58,0926	66,4459	58,0926	76,1273	58,0926	70,341	58,0926	66,226	
58,2569	75,4342	58,2569	70,5557	58,2569	66,4444	58,2569	76,1271	58,2569	70,3434	58,2569	66,2261	
58,4213	75,4388	58,4213	70,557	58,4213	66,4455	58,4213	76,1261	58,4213	70,3432	58,4213	66,2263	
58,5864	75,4366	58,5864	70,5558	58,5864	66,4443	58,5864	76,1255	58,5864	70,3417	58,5864	66,2263	
58,7501	75,4397	58,7501	70,5547	58,7501	66,4444	58,7501	76,1265	58,7501	70,3421	58,7501	66,2266	
58,9146	75,4398	58,9146	70,556	58,9146	66,4442	58,9146	76,1254	58,9146	70,3431	58,9146	66,2257	
59,0789	75,4388	59,0789	70,5552	59,0789	66,4451	59,0789	76,1276	59,0789	70,3438	59,0789	66,2267	
59,2426	75,4386	59,2426	70,5548	59,2426	66,4443	59,2426	76,1272	59,2426	70,3425	59,2426	66,2265	
59,4063	75,4361	59,4063	70,556	59,4063	66,444	59,4063	76,1224	59,4063	70,3429	59,4063	66,2264	
59,57	75,4365	59,57	70,5546	59,57	66,4454	59,57	76,1279	59,57	70,3432	59,57	66,2268	
59,734	75,4379	59,734	70,5568	59,734	66,4439	59,734	76,1266	59,734	70,3417	59,734	66,2267	
59,8978	75,4366	59,8978	70,5551	59,8978	66,4452	59,8978	76,1241	59,8978	70,3424	59,8978	66,226	
60,0617	75,4395	60,0617	70,5537	60,0617	66,4457	60,0617	76,1262	60,0617	70,3425	60,0617	66,2282	
60,226	75,4398	60,226	70,5569	60,226	66,4441	60,226	76,1268	60,226	70,3431	60,226	66,2278	
60,39	75,4389	60,39	70,5557	60,39	66,4455	60,39	76,1274	60,39	70,3434	60,39	66,2274	
60,554	75,437	60,554	70,556	60,554	66,444	60,554	76,1265	60,554	70,3429	60,554	66,2272	
60,7183	75,4396	60,7183	70,555	60,7183	66,4452	60,7183	76,127	60,7183	70,3425	60,7183	66,2269	
60,8823	75,4397	60,8823	70,5548	60,8823	66,4441	60,8823	76,1266	60,8823	70,3437	60,8823	66,2266	
61,0465	75,4359	61,0465	70,5547	61,0465	66,4451	61,0465	76,1298	61,0465	70,3432	61,0465	66,226	
61,2105	75,4354	61,2105	70,5543	61,2105	66,445	61,2105	76,1272	61,2105	70,3426	61,2105	66,2265	
61,3745	75,437	61,3745	70,5559	61,3745	66,4449	61,3745	76,1269	61,3745	70,3431	61,3745	66,2266	
61,5385	75,4352	61,5385	70,5547	61,5385	66,4436	61,5385	76,1272	61,5385	70,3424	61,5385	66,2278	
61,7025	75,4306	61,7025	70,5543	61,7025	66,4442	61,7025	76,0897	61,7025	70,3423	61,7025	66,2273	
61,8667	75,4348	61,8667	70,5517	61,8667	66,4425	61,8667	76,0872	61,8667	70,3465	61,8667	66,2304	
62,0313	75,431	62,0313	70,5517	62,0313	66,4421	62,0313	76,0854	62,0313	70,348	62,0313	66,2298	
62,1955	75,4367	62,1955	70,5514	62,1955	66,4432	62,1955	76,0924	62,1955	70,3499	62,1955	66,2308	
62,3611	75,4323	62,3611	70,5534	62,3611	66,4424	62,3611	76,0865	62,3611	70,3503	62,3611	66,2307	
62,5262	75,4362	62,5262	70,5508	62,5262	66,4423	62,5262	76,0728	62,5262	70,3504	62,5262	66,2302	
62,691	75,429	62,691	70,5535	62,691	66,4417	62,691	76,0866	62,691	70,3496	62,691	66,2307	
62,8555	75,4355	62,8555	70,5531	62,8555	66,4425	62,8555	76,0876	62,8555	70,3508	62,8555	66,2303	
63,0192	75,4387	63,0192	70,5529	63,0192	66,4426	63,0192	76,0871	63,0192	70,3518	63,0192	66,2307	
63,1832	75,4359	63,1832	70,5533	63,1832	66,4428	63,1832	76,0921	63,1832	70,3515	63,1832	66,2317	
63,3471	75,4361	63,3471	70,5526	63,3471	66,4425	63,3471	76,0753	63,3471	70,3512	63,3471	66,2316	
63,5114	75,4355	63,5114	70,555	63,5114	66,4439	63,5114	76,0878	63,5114	70,3494	63,5114	66,2315	
63,6754	75,4351	63,6754	70,5532	63,6754	66,4429	63,6754	76,0941	63,6754	70,3513	63,6754	66,2308	
63,8394	75,4369	63,8394	70,5535	63,8394	66,4425	63,8394	76,0922	63,8394	70,3514	63,8394	66,2313	
64,0031	75,4354	64,0031	70,5535	64,0031	66,4428	64,0031	76,0781	64,0031	70,3502	64,0031	66,2317	
64,1668	75,4351	64,1668	70,5525	64,1668	66,4429	64,1668	76,0737	64,1668	70,3526	64,1668	66,2316	
64,3314	75,4365	64,3314	70,5536	64,3314	66,4439	64,3314	76,0924	64,3314	70,3519	64,3314	66,2312	
64,4951	75,4352	64,4951	70,5532	64,4951	66,4429	64,4951	76,0919	64,4951	70,3505	64,4951	66,232	
64,6588	75,4312	64,6588	70,5531	64,6588	66,4429	64,6588	76,0873	64,6588	70,3533	64,6588	66,2319	
64,8233	75,4357	64,8233	70,5545	64,8233	66,4432	64,8233	76,0786	64,8233	70,3515	64,8233	66,2312	
64,9868	75,4359	64,9868	70,5531	64,9868	66,443	64,9868	76,0768	64,9868	70,353	64,9868	66,232	
65,1505	75,4372	65,1505	70,5534	65,1505	66,4429	65,1505	76,077	65,1505	70,3512	65,1505	66,2321	
65,3142	75,4336	65,3142	70,5524	65,3142	66,443	65,3142	76,0916	65,3142	70,3524	65,3142	66,2321	
65,4785	75,4309	65,4785	70,5525	65,4785	66,4434	65,4785	76,0925	65,4785	70,3513	65,4785	66,2321	
65,643	75,4359	65,643	70,5525	65,643	66,4429	65,643	76,0927	65,643	70,3513	65,643	66,2323	
65,807	75,4362	65,807	70,5549	65,807	66,4431	65,807	76,0929	65,807	70,3528	65,807	66,2319	
65,9713	75,4365	65,9713	70,5543	65,9713	66,4423	65,9713	76,0942	65,9713	70,3516	65,9713	66,2319	
66,135	75,4354	66,135	70,5526	66,135	66,4439	66,135	76,0816	66,135	70,352	66,135	66,232	
66,2988	75,4372	66,2988	70,5527	66,2988	66,4429	66,2988	76,0895	66,2988	70,3519	66,2988	66,2324	
66,4625	75,438	66,4625	70,5522	66,4625	66,4436	66,4625	76,0937	66,4625	70,3526	66,4625	66,2317	
66,6263	75,4311	66,6263	70,5531	66,6263	66,4424	66,6263	76,0912	66,6263	70,3519	66,6263	66,2321	
66,79	75,4348	66,79	70,5515	66,79	66,4424	66,79	76,0926	66,79	70,3526	66,79	66,2325	
66,9537	75,4333	66,9537	70,5525	66,9537	66,4429	66,9537	76,0821	66,9537	70,3522	66,9537	66,2314	
67,1174	75,4366	67,1174	70,5522	67,1174	66,4426	67,1174	76,0904	67,1174	70,3524	67,1174	66,2319	
67,2814	75,4363	67,2814	70,5528	67,2814	66,4425	67,2814	76,092	67,2814	70,3528	67,2814	66,2317	
67,4451	75,4345	67,4451	70,5514	67,4451	66,4438	67,4451	76,0799	67,4451	70,3517	67,4451	66,2317	
67,6094	75,4377	67,6094	70,5517	67,6094	66,4433	67,6094	76,0944	67,6094	70,3516	67,6094	66,2316	
67,7729	75,442	67,7729	70,5519	67,7729	66,4426	67,7729	76,0829	67,7729	70,353	67,7729	66,2321	
67,9363	75,4364	67,9363	70,5528	67,9363	66,4425	67,9363	76,0916	67,9363	70,353	67,9363	66,2327	
68,1005	75,4361	68,1005	70,5536	68,1005	66,4427	68,1005	76,0813	68,1005	70,3542	68,1005	66,2323	
68,2645	75,4461	68,2645	70,569	68,2645	66,4496	68,2645	76,0903	68,2645	70,3523	68,2645	66,2332	
68,4283	75,4832	68,4283	70,6422	68,4283	66,4861	68,4283	76,0798	68,4283	70,3525	68,4283	66,2328	
68,5926	75,4735	68,5926	70,6316	68,5926	66,4938	68,5926	76,0784	68,5926	70,3529	68,5926	66,2318	
68,756	75,473	68,756	70,631	68,756	66,4949	68,756	76,0958	68,756	70,3549	68,756	66,2323	
68,9197	75,4712	68,9197	70,6288	68,9197	66,4947	68,9197	76,0811	68,9197	70,3523	68,9197	66,2332	
69,0834	75,4686	69,0834	70,6271	69,0834	66,495	69,0834	76,0959	69,0834	70,3539	69,0834	66,2327	
69,2477	75,4665	69,2477	70,626	69,2477	66,4947	69,2477	76,0955	69,2477	70,3539	69,2477	66,233	
69,4112	75,4655	69,4112	70,6245	69,4112	66,4943	69,4112	76,0941	69,4112	70,3536	69,4112	66,2325	
69,5746	75,4649	69,5746	70,6219	69,5746	66,494	69,5746	76,0956	69,5746	70,3537	69,5746	66,2337	
69,7386	75,4616	69,7386	70,6198	69,7386	66,4934	69,7386	76,0944	69,7386	70,3541	69,7386	66,2329	
69,9026	75,4572	69,9026	70,6177	69,9026	66,4913	69,9026	76,0955	69,9026	70,3554	69,9026	66,233	
70,0666	75,4564	70,0666	70,6136	70,0666	66,491	70,0666	76,0838	70,0666	70,3555	70,0666	66,2343	
70,2303	75,4556	70,2303	70,6136	70,2303	66,4906	70,2303	76,0982	70,2303	70,3543	70,2303	66,2334	
70,394	75,457	70,394	70,6117	70,394	66,4891	70,394	76,083	70,394	70,3551	70,394	66,2336	
70,5577	75,4552	70,5577	70,6109	70,5577	66,4891	70,5577	76,0983	70,5577	70,356	70,5577	66,2343	
70,7215	75,4569	70,7215	70,6068	70,7215	66,4875	70,7215	76,0935	70,7215	70,3548	70,7215	66,2336	
70,8852	75,4577	70,8852	70,6048	70,8852	66,4872	70,8852	76,0944	70,8852	70,3553	70,8852	66,2336	
71,0495	75,4545	71,0495	70,6047	71,0495	66,4861	71,0495	76,0939	71,0495	70,3559	71,0495	66,2339	
71,2132	75,4543	71,2132	70,6052	71,2132	66,4873	71,2132	76,0927	71,2132	70,3569	71,2132	66,2335	
71,3772	75,4513	71,3772	70,6037	71,3772	66,4855	71,3772	76,0944	71,3772	70,3552	71,3772	66,2338	
71,5412	75,4515	71,5412	70,6031	71,5412	66,4853	71,5412	76,0814	71,5412	70,3549	71,5412	66,2337	
71,7046	75,455	71,7046	70,6017	71,7046	66,4846	71,7046	76,084	71,7046	70,3557	71,7046	66,2336	
71,8681	75,455	71,8681	70,6037	71,8681	66,4845	71,8681	76,097	71,8681	70,357	71,8681	66,2339	
72,0321	75,456	72,0321	70,6008	72,0321	66,4835	72,0321	76,0973	72,0321	70,3557	72,0321	66,2336	
72,1958	75,4518	72,1958	70,5996	72,1958	66,4839	72,1958	76,0944	72,1958	70,3556	72,1958	66,2333	
72,3592	75,4519	72,3592	70,5993	72,3592	66,4829	72,3592	76,0972	72,3592	70,3555	72,3592	66,234	
72,5227	75,4486	72,5227	70,5988	72,5227	66,4832	72,5227	76,0961	72,5227	70,3548	72,5227	66,2337	
72,6867	75,4491	72,6867	70,5977	72,6867	66,4833	72,6867	76,0968	72,6867	70,3565	72,6867	66,234	
72,8513	75,4513	72,8513	70,5979	72,8513	66,482	72,8513	76,0978	72,8513	70,3564	72,8513	66,2337	
73,0152	75,4503	73,0152	70,5966	73,0152	66,4823	73,0152	76,0973	73,0152	70,3533	73,0152	66,234	
73,1789	75,4454	73,1789	70,594	73,1789	66,4816	73,1789	76,0837	73,1789	70,3549	73,1789	66,2339	
73,3427	75,4467	73,3427	70,597	73,3427	66,4817	73,3427	76,0925	73,3427	70,355	73,3427	66,2332	
73,5061	75,4496	73,5061	70,5971	73,5061	66,4811	73,5061	76,0963	73,5061	70,3559	73,5061	66,2336	
73,6704	75,4472	73,6704	70,5954	73,6704	66,4825	73,6704	76,095	73,6704	70,3547	73,6704	66,2339	
73,8346	75,4504	73,8346	70,5954	73,8346	66,4811	73,8346	76,0986	73,8346	70,3547	73,8346	66,2341	
73,9984	75,4492	73,9984	70,5946	73,9984	66,4807	73,9984	76,0845	73,9984	70,3548	73,9984	66,2336	
74,1621	75,4459	74,1621	70,5938	74,1621	66,4805	74,1621	76,0934	74,1621	70,3552	74,1621	66,234	
74,3258	75,4431	74,3258	70,5942	74,3258	66,4802	74,3258	76,0928	74,3258	70,3559	74,3258	66,2331	
74,4896	75,4469	74,4896	70,5923	74,4896	66,4806	74,4896	76,0951	74,4896	70,3564	74,4896	66,2338	
74,6533	75,4477	74,6533	70,5941	74,6533	66,4789	74,6533	76,0952	74,6533	70,3552	74,6533	66,234	
74,8167	75,4435	74,8167	70,5923	74,8167	66,4793	74,8167	76,0953	74,8167	70,3556	74,8167	66,2333	
74,9801	75,4447	74,9801	70,5901	74,9801	66,4788	74,9801	76,0845	74,9801	70,3553	74,9801	66,2333	
75,1439	75,4447	75,1439	70,5917	75,1439	66,4789	75,1439	76,0952	75,1439	70,3544	75,1439	66,2332	
75,3074	75,4444	75,3074	70,5915	75,3074	66,4785	75,3074	76,0819	75,3074	70,355	75,3074	66,2334	
75,471	75,4469	75,471	70,5905	75,471	66,4777	75,471	76,0941	75,471	70,357	75,471	66,2341	
75,6344	75,4429	75,6344	70,59	75,6344	66,4772	75,6344	76,0951	75,6344	70,3542	75,6344	66,2328	
75,7981	75,4412	75,7981	70,5874	75,7981	66,476	75,7981	76,0821	75,7981	70,3547	75,7981	66,2328	
75,9624	75,4461	75,9624	70,589	75,9624	66,4759	75,9624	76,0934	75,9624	70,3546	75,9624	66,2327	
76,1264	75,4432	76,1264	70,5886	76,1264	66,4756	76,1264	76,0835	76,1264	70,3556	76,1264	66,2338	
76,2898	75,4404	76,2898	70,5869	76,2898	66,4744	76,2898	76,0934	76,2898	70,3553	76,2898	66,2331	
76,4538	75,438	76,4538	70,5811	76,4538	66,4722	76,4538	76,0914	76,4538	70,3547	76,4538	66,2329	
76,6183	75,438	76,6183	70,5793	76,6183	66,4686	76,6183	76,0812	76,6183	70,3537	76,6183	66,2333	
76,7828	75,4381	76,7828	70,5759	76,7828	66,4654	76,7828	76,0921	76,7828	70,3539	76,7828	66,2327	
76,9469	75,4386	76,9469	70,5723	76,9469	66,4648	76,9469	76,0797	76,9469	70,3535	76,9469	66,2325	
77,1111	75,4342	77,1111	70,5704	77,1111	66,4626	77,1111	76,0891	77,1111	70,3531	77,1111	66,2325	
77,2761	75,4269	77,2761	70,5597	77,2761	66,4557	77,2761	76,09	77,2761	70,3531	77,2761	66,233	
77,4411	75,4134	77,4411	70,5247	77,4411	66,4356	77,4411	76,0909	77,4411	70,3538	77,4411	66,2328	
77,6048	75,3983	77,6048	70,4974	77,6048	66,417	77,6048	76,0923	77,6048	70,3527	77,6048	66,233	
77,7688	75,3963	77,7688	70,4839	77,7688	66,408	77,7688	76,092	77,7688	70,3528	77,7688	66,2326	
77,9328	75,3927	77,9328	70,4785	77,9328	66,4035	77,9328	76,0959	77,9328	70,3529	77,9328	66,2324	
78,0968	75,3916	78,0968	70,4746	78,0968	66,4023	78,0968	76,0952	78,0968	70,3532	78,0968	66,2325	
78,2616	75,3974	78,2616	70,4718	78,2616	66,3997	78,2616	76,0784	78,2616	70,3526	78,2616	66,232	
78,4258	75,395	78,4258	70,4691	78,4258	66,3991	78,4258	76,0939	78,4258	70,3537	78,4258	66,2319	
78,5901	75,3806	78,5901	70,4699	78,5901	66,3979	78,5901	76,0909	78,5901	70,3533	78,5901	66,2323	
78,7549	75,385	78,7549	70,4677	78,7549	66,3979	78,7549	76,0811	78,7549	70,3522	78,7549	66,2323	
78,9194	75,3873	78,9194	70,4685	78,9194	66,3972	78,9194	76,0917	78,9194	70,3514	78,9194	66,2323	
79,0837	75,3843	79,0837	70,467	79,0837	66,3977	79,0837	76,0929	79,0837	70,3516	79,0837	66,232	
79,2485	75,3884	79,2485	70,4673	79,2485	66,3969	79,2485	76,0939	79,2485	70,3528	79,2485	66,2333	
79,4125	75,3936	79,4125	70,4674	79,4125	66,3976	79,4125	76,0938	79,4125	70,3513	79,4125	66,2317	
79,5762	75,3794	79,5762	70,4669	79,5762	66,3965	79,5762	76,0981	79,5762	70,3535	79,5762	66,2321	
79,7405	75,3927	79,7405	70,4712	79,7405	66,3961	79,7405	76,0807	79,7405	70,3533	79,7405	66,2326	
79,9042	75,3849	79,9042	70,4697	79,9042	66,3957	79,9042	76,082	79,9042	70,3529	79,9042	66,2322	
80,0684	75,3911	80,0684	70,4642	80,0684	66,3954	80,0684	76,0923	80,0684	70,3522	80,0684	66,2322	
80,2324	75,3861	80,2324	70,4632	80,2324	66,3957	80,2324	76,099	80,2324	70,3533	80,2324	66,2315	
80,3964	75,3789	80,3964	70,4655	80,3964	66,3957	80,3964	76,0948	80,3964	70,3532	80,3964	66,2326	
80,5607	75,3921	80,5607	70,4635	80,5607	66,3952	80,5607	76,0916	80,5607	70,3546	80,5607	66,2326	
80,7247	75,3858	80,7247	70,4635	80,7247	66,3955	80,7247	76,0945	80,7247	70,353	80,7247	66,2322	
80,8889	75,3841	80,8889	70,4643	80,8889	66,3959	80,8889	76,0833	80,8889	70,353	80,8889	66,2322	
81,0532	75,3841	81,0532	70,4635	81,0532	66,3953	81,0532	76,0968	81,0532	70,3531	81,0532	66,2329	
81,2175	75,3828	81,2175	70,463	81,2175	66,3946	81,2175	76,0943	81,2175	70,354	81,2175	66,2326	
81,3826	75,3835	81,3826	70,4676	81,3826	66,3945	81,3826	76,0953	81,3826	70,3533	81,3826	66,2323	
81,5468	75,3824	81,5468	70,463	81,5468	66,3943	81,5468	76,0956	81,5468	70,3531	81,5468	66,2324	
81,7111	75,3873	81,7111	70,4643	81,7111	66,3947	81,7111	76,0938	81,7111	70,3528	81,7111	66,2325	
81,8755	75,3851	81,8755	70,4624	81,8755	66,3956	81,8755	76,0991	81,8755	70,3543	81,8755	66,2324	
82,0398	75,3854	82,0398	70,4637	82,0398	66,3944	82,0398	76,0954	82,0398	70,3511	82,0398	66,2331	
82,2038	75,3838	82,2038	70,4673	82,2038	66,3936	82,2038	76,0838	82,2038	70,3542	82,2038	66,2322	
82,3676	75,3902	82,3676	70,4632	82,3676	66,3936	82,3676	76,0968	82,3676	70,3529	82,3676	66,2322	
82,5313	75,3802	82,5313	70,4605	82,5313	66,3935	82,5313	76,0969	82,5313	70,3527	82,5313	66,2329	
