Time (min) - L1 670nm	 - L1 670nm	Time (min) - L2 785nm	 - L2 785nm	Time (min) - L3 980nm	 - L3 980nm	Time (min) - L5 670nm	 - L5 670nm	Time (min) - L6 785nm	 - L6 785nm	Time (min) - L7 980nm	 - L7 980nm	
0,174217	75,3814	0,174217	70,4617	0,174217	66,3941	0,174217	76,0988	0,174217	70,3551	0,174217	66,2335	
0,338467	75,3912	0,338467	70,4621	0,338467	66,3933	0,338467	76,097	0,338467	70,354	0,338467	66,2327	
0,502167	75,3849	0,502167	70,4608	0,502167	66,393	0,502167	76,093	0,502167	70,3534	0,502167	66,2329	
0,666133	75,3833	0,666133	70,4598	0,666133	66,3931	0,666133	76,0958	0,666133	70,3524	0,666133	66,2335	
0,830733	75,3853	0,830733	70,4615	0,830733	66,3933	0,830733	76,0979	0,830733	70,3537	0,830733	66,2326	
0,994683	75,3866	0,994683	70,4599	0,994683	66,3935	0,994683	76,0973	0,994683	70,3545	0,994683	66,2329	
1,15867	75,3906	1,15867	70,4601	1,15867	66,3932	1,15867	76,0821	1,15867	70,3528	1,15867	66,2322	
1,32345	75,3838	1,32345	70,4618	1,32345	66,3929	1,32345	76,086	1,32345	70,3537	1,32345	66,2332	
1,48773	75,3907	1,48773	70,4606	1,48773	66,3929	1,48773	76,0956	1,48773	70,3543	1,48773	66,2332	
1,6538	75,3856	1,6538	70,4589	1,6538	66,3929	1,6538	76,0968	1,6538	70,3532	1,6538	66,2328	
1,81807	75,3922	1,81807	70,4627	1,81807	66,3927	1,81807	76,0875	1,81807	70,3539	1,81807	66,2324	
1,98212	75,3834	1,98212	70,4615	1,98212	66,3923	1,98212	76,0979	1,98212	70,3535	1,98212	66,2324	
2,1461	75,3888	2,1461	70,4589	2,1461	66,3924	2,1461	76,0867	2,1461	70,3538	2,1461	66,2325	
2,31013	75,3831	2,31013	70,4596	2,31013	66,3933	2,31013	76,0978	2,31013	70,3541	2,31013	66,2324	
2,47463	75,3856	2,47463	70,46	2,47463	66,3929	2,47463	76,0857	2,47463	70,3551	2,47463	66,2336	
2,63833	75,3829	2,63833	70,4614	2,63833	66,3922	2,63833	76,0987	2,63833	70,3526	2,63833	66,2332	
2,80232	75,3872	2,80232	70,4595	2,80232	66,3924	2,80232	76,0868	2,80232	70,3543	2,80232	66,233	
2,96578	75,3908	2,96578	70,4586	2,96578	66,3921	2,96578	76,1012	2,96578	70,3543	2,96578	66,2332	
3,12948	75,3781	3,12948	70,4586	3,12948	66,3921	3,12948	76,0976	3,12948	70,3531	3,12948	66,2328	
3,29293	75,3906	3,29293	70,4643	3,29293	66,3921	3,29293	76,0975	3,29293	70,3536	3,29293	66,2333	
3,45747	75,3816	3,45747	70,4594	3,45747	66,3926	3,45747	76,0975	3,45747	70,3551	3,45747	66,2324	
3,6212	75,3815	3,6212	70,4597	3,6212	66,3922	3,6212	76,0844	3,6212	70,3539	3,6212	66,2328	
3,7857	75,3821	3,7857	70,4588	3,7857	66,3923	3,7857	76,0972	3,7857	70,355	3,7857	66,2331	
3,94995	75,3897	3,94995	70,4593	3,94995	66,3926	3,94995	76,0998	3,94995	70,3548	3,94995	66,2338	
4,11475	75,3853	4,11475	70,4594	4,11475	66,3929	4,11475	76,0984	4,11475	70,3547	4,11475	66,2333	
4,27872	75,3831	4,27872	70,4593	4,27872	66,3918	4,27872	76,0977	4,27872	70,3539	4,27872	66,2331	
4,44298	75,3838	4,44298	70,4584	4,44298	66,3924	4,44298	76,0954	4,44298	70,3543	4,44298	66,2325	
4,60698	75,3857	4,60698	70,4588	4,60698	66,3921	4,60698	76,0969	4,60698	70,3528	4,60698	66,2325	
4,7707	75,3838	4,7707	70,465	4,7707	66,3921	4,7707	76,0944	4,7707	70,3553	4,7707	66,2328	
4,93498	75,3885	4,93498	70,4592	4,93498	66,3924	4,93498	76,0987	4,93498	70,3543	4,93498	66,2333	
5,09973	75,3832	5,09973	70,4618	5,09973	66,3922	5,09973	76,0992	5,09973	70,3529	5,09973	66,233	
5,26395	75,3845	5,26395	70,4577	5,26395	66,392	5,26395	76,0835	5,26395	70,3534	5,26395	66,2345	
5,42763	75,386	5,42763	70,4631	5,42763	66,3924	5,42763	76,097	5,42763	70,3554	5,42763	66,233	
5,59188	75,3802	5,59188	70,4597	5,59188	66,3924	5,59188	76,0974	5,59188	70,354	5,59188	66,2329	
5,75613	75,3863	5,75613	70,4635	5,75613	66,3927	5,75613	76,0979	5,75613	70,354	5,75613	66,2335	
5,92063	75,3893	5,92063	70,4629	5,92063	66,393	5,92063	76,0863	5,92063	70,3542	5,92063	66,2338	
6,08462	75,3841	6,08462	70,4588	6,08462	66,3931	6,08462	76,0859	6,08462	70,3542	6,08462	66,2332	
6,24887	75,3827	6,24887	70,4632	6,24887	66,3932	6,24887	76,0968	6,24887	70,3541	6,24887	66,2329	
6,41382	75,3864	6,41382	70,4578	6,41382	66,3917	6,41382	76,0838	6,41382	70,3523	6,41382	66,2339	
6,57805	75,3781	6,57805	70,4584	6,57805	66,3927	6,57805	76,0976	6,57805	70,3551	6,57805	66,2332	
6,74203	75,3806	6,74203	70,4593	6,74203	66,3918	6,74203	76,0943	6,74203	70,3548	6,74203	66,2334	
6,90573	75,3818	6,90573	70,4635	6,90573	66,3921	6,90573	76,0986	6,90573	70,3542	6,90573	66,2328	
7,06943	75,3856	7,06943	70,4602	7,06943	66,3925	7,06943	76,0844	7,06943	70,3538	7,06943	66,2334	
7,23315	75,3902	7,23315	70,4606	7,23315	66,3924	7,23315	76,0964	7,23315	70,355	7,23315	66,2332	
7,3974	75,3824	7,3974	70,4606	7,3974	66,392	7,3974	76,0985	7,3974	70,3544	7,3974	66,2331	
7,56202	75,3852	7,56202	70,4589	7,56202	66,3926	7,56202	76,0999	7,56202	70,3514	7,56202	66,2329	
7,72625	75,3833	7,72625	70,4585	7,72625	66,392	7,72625	76,101	7,72625	70,3559	7,72625	66,2331	
7,8905	75,3834	7,8905	70,46	7,8905	66,392	7,8905	76,0849	7,8905	70,3543	7,8905	66,2333	
8,05503	75,3823	8,05503	70,4637	8,05503	66,3926	8,05503	76,0843	8,05503	70,3551	8,05503	66,2328	
8,2193	75,3837	8,2193	70,4593	8,2193	66,3924	8,2193	76,0851	8,2193	70,3548	8,2193	66,2335	
8,38353	75,382	8,38353	70,4598	8,38353	66,3921	8,38353	76,0842	8,38353	70,3552	8,38353	66,2337	
8,54763	75,3914	8,54763	70,4576	8,54763	66,3919	8,54763	76,0988	8,54763	70,3533	8,54763	66,2331	
8,71188	75,3894	8,71188	70,4599	8,71188	66,3921	8,71188	76,0983	8,71188	70,3535	8,71188	66,2331	
8,8764	75,3885	8,8764	70,4586	8,8764	66,3921	8,8764	76,0989	8,8764	70,3539	8,8764	66,2336	
9,04072	75,3828	9,04072	70,4581	9,04072	66,3919	9,04072	76,0967	9,04072	70,3556	9,04072	66,2334	
9,2047	75,3838	9,2047	70,4592	9,2047	66,3916	9,2047	76,0951	9,2047	70,3548	9,2047	66,2345	
9,36868	75,3814	9,36868	70,4596	9,36868	66,3918	9,36868	76,0972	9,36868	70,3526	9,36868	66,2335	
9,53268	75,3826	9,53268	70,463	9,53268	66,3924	9,53268	76,0974	9,53268	70,3536	9,53268	66,2336	
9,69695	75,383	9,69695	70,4589	9,69695	66,3915	9,69695	76,095	9,69695	70,3547	9,69695	66,2332	
9,86148	75,3827	9,86148	70,4575	9,86148	66,3924	9,86148	76,0966	9,86148	70,3532	9,86148	66,233	
10,0255	75,3844	10,0255	70,4595	10,0255	66,3914	10,0255	76,0945	10,0255	70,353	10,0255	66,2328	
10,1895	75,3863	10,1895	70,4587	10,1895	66,3915	10,1895	76,0963	10,1895	70,3549	10,1895	66,2338	
10,354	75,3904	10,354	70,4583	10,354	66,392	10,354	76,1004	10,354	70,3543	10,354	66,2336	
10,5185	75,3784	10,5185	70,4577	10,5185	66,3917	10,5185	76,0967	10,5185	70,3537	10,5185	66,2332	
10,6822	75,3853	10,6822	70,4592	10,6822	66,3917	10,6822	76,0954	10,6822	70,354	10,6822	66,2331	
10,846	75,392	10,846	70,4586	10,846	66,3915	10,846	76,0861	10,846	70,3548	10,846	66,2332	
11,0113	75,3818	11,0113	70,4579	11,0113	66,3923	11,0113	76,0985	11,0113	70,3555	11,0113	66,2336	
11,1758	75,3844	11,1758	70,4584	11,1758	66,3925	11,1758	76,0961	11,1758	70,354	11,1758	66,2334	
11,3401	75,3901	11,3401	70,4579	11,3401	66,3912	11,3401	76,0972	11,3401	70,3547	11,3401	66,2335	
11,5038	75,3793	11,5038	70,4606	11,5038	66,3918	11,5038	76,0962	11,5038	70,3543	11,5038	66,2325	
11,6675	75,3813	11,6675	70,4569	11,6675	66,3917	11,6675	76,099	11,6675	70,3546	11,6675	66,2343	
11,8314	75,3816	11,8314	70,4595	11,8314	66,3921	11,8314	76,0946	11,8314	70,3553	11,8314	66,2334	
11,9955	75,3827	11,9955	70,463	11,9955	66,3914	11,9955	76,0973	11,9955	70,354	11,9955	66,2337	
12,1598	75,3899	12,1598	70,4588	12,1598	66,3919	12,1598	76,0967	12,1598	70,353	12,1598	66,2332	
12,3243	75,3839	12,3243	70,4593	12,3243	66,3918	12,3243	76,0957	12,3243	70,3547	12,3243	66,2322	
12,4881	75,3839	12,4881	70,4574	12,4881	66,3916	12,4881	76,0968	12,4881	70,3545	12,4881	66,2338	
12,6515	75,3835	12,6515	70,4591	12,6515	66,3913	12,6515	76,0966	12,6515	70,3549	12,6515	66,2331	
12,8152	75,3919	12,8152	70,4591	12,8152	66,3928	12,8152	76,0971	12,8152	70,3538	12,8152	66,2332	
12,9792	75,3864	12,9792	70,4578	12,9792	66,3908	12,9792	76,0838	12,9792	70,3541	12,9792	66,2342	
13,1435	75,3915	13,1435	70,4582	13,1435	66,3913	13,1435	76,0965	13,1435	70,3545	13,1435	66,233	
13,3072	75,3843	13,3072	70,4586	13,3072	66,392	13,3072	76,0975	13,3072	70,3551	13,3072	66,2332	
13,4712	75,3858	13,4712	70,4577	13,4712	66,3918	13,4712	76,0987	13,4712	70,3549	13,4712	66,2327	
13,6349	75,3821	13,6349	70,4592	13,6349	66,3919	13,6349	76,0984	13,6349	70,3551	13,6349	66,2325	
13,7986	75,3808	13,7986	70,4558	13,7986	66,3918	13,7986	76,0852	13,7986	70,355	13,7986	66,233	
13,9632	75,3808	13,9632	70,4594	13,9632	66,3916	13,9632	76,0995	13,9632	70,3549	13,9632	66,233	
14,1274	75,3821	14,1274	70,4592	14,1274	66,3918	14,1274	76,0845	14,1274	70,3538	14,1274	66,2337	
14,2917	75,3896	14,2917	70,4595	14,2917	66,3928	14,2917	76,0853	14,2917	70,3543	14,2917	66,2336	
14,4554	75,3835	14,4554	70,4572	14,4554	66,3921	14,4554	76,0883	14,4554	70,355	14,4554	66,2337	
14,6189	75,3836	14,6189	70,457	14,6189	66,3922	14,6189	76,0872	14,6189	70,356	14,6189	66,2336	
14,7826	75,3903	14,7826	70,4603	14,7826	66,392	14,7826	76,0883	14,7826	70,3552	14,7826	66,2329	
14,9463	75,3839	14,9463	70,4593	14,9463	66,3921	14,9463	76,0976	14,9463	70,3553	14,9463	66,2332	
15,1097	75,3851	15,1097	70,4596	15,1097	66,3919	15,1097	76,0883	15,1097	70,3545	15,1097	66,2332	
15,2739	75,3835	15,2739	70,4585	15,2739	66,3924	15,2739	76,0882	15,2739	70,3529	15,2739	66,2339	
15,4391	75,3809	15,4391	70,4579	15,4391	66,3931	15,4391	76,0854	15,4391	70,3547	15,4391	66,2335	
15,6031	75,3825	15,6031	70,4593	15,6031	66,3924	15,6031	76,0884	15,6031	70,3544	15,6031	66,2333	
15,7671	75,3822	15,7671	70,4631	15,7671	66,3929	15,7671	76,0975	15,7671	70,3563	15,7671	66,2343	
15,931	75,3865	15,931	70,4594	15,931	66,392	15,931	76,0986	15,931	70,3552	15,931	66,2326	
16,095	75,3823	16,095	70,4592	16,095	66,3921	16,095	76,1	16,095	70,3531	16,095	66,2331	
16,2593	75,3908	16,2593	70,4584	16,2593	66,3919	16,2593	76,0986	16,2593	70,3548	16,2593	66,2333	
16,423	75,3877	16,423	70,4591	16,423	66,3917	16,423	76,0987	16,423	70,3564	16,423	66,2335	
16,587	75,3859	16,587	70,4652	16,587	66,395	16,587	76,082	16,587	70,3538	16,587	66,2335	
16,7504	75,4165	16,7504	70,5143	16,7504	66,4213	16,7504	76,098	16,7504	70,3569	16,7504	66,2333	
16,9141	75,4501	16,9141	70,5779	16,9141	66,4556	16,9141	76,1015	16,9141	70,3561	16,9141	66,2345	
17,0784	75,4671	17,0784	70,5956	17,0784	66,4672	17,0784	76,1008	17,0784	70,3548	17,0784	66,2345	
17,2418	75,4653	17,2418	70,6028	17,2418	66,4696	17,2418	76,0872	17,2418	70,3574	17,2418	66,2358	
17,4058	75,4693	17,4058	70,606	17,4058	66,4715	17,4058	76,0881	17,4058	70,357	17,4058	66,2355	
17,5698	75,4697	17,5698	70,6081	17,5698	66,4724	17,5698	76,1007	17,5698	70,3582	17,5698	66,2363	
17,7338	75,4722	17,7338	70,6128	17,7338	66,4751	17,7338	76,1035	17,7338	70,3609	17,7338	66,235	
17,8975	75,4695	17,8975	70,6166	17,8975	66,4768	17,8975	76,1012	17,8975	70,3606	17,8975	66,2373	
18,0613	75,477	18,0613	70,6191	18,0613	66,4806	18,0613	76,1035	18,0613	70,3619	18,0613	66,2366	
18,2253	75,4771	18,2253	70,6246	18,2253	66,4811	18,2253	76,1031	18,2253	70,3622	18,2253	66,2366	
18,3893	75,4811	18,3893	70,6242	18,3893	66,4819	18,3893	76,0904	18,3893	70,3624	18,3893	66,2372	
18,5528	75,4712	18,5528	70,6306	18,5528	66,4844	18,5528	76,1026	18,5528	70,3611	18,5528	66,2374	
18,7165	75,481	18,7165	70,6325	18,7165	66,4866	18,7165	76,1048	18,7165	70,3646	18,7165	66,2377	
18,8805	75,4851	18,8805	70,6342	18,8805	66,4877	18,8805	76,0902	18,8805	70,3657	18,8805	66,2379	
19,0442	75,4864	19,0442	70,6351	19,0442	66,4872	19,0442	76,0931	19,0442	70,3638	19,0442	66,2397	
19,2076	75,4875	19,2076	70,6403	19,2076	66,4882	19,2076	76,1049	19,2076	70,3654	19,2076	66,2387	
19,3713	75,4847	19,3713	70,6383	19,3713	66,4899	19,3713	76,105	19,3713	70,3657	19,3713	66,2377	
19,5356	75,4854	19,5356	70,6404	19,5356	66,4885	19,5356	76,105	19,5356	70,3632	19,5356	66,2392	
19,6996	75,4829	19,6996	70,6414	19,6996	66,4905	19,6996	76,0894	19,6996	70,3636	19,6996	66,2407	
19,8633	75,4869	19,8633	70,6406	19,8633	66,4906	19,8633	76,0936	19,8633	70,3632	19,8633	66,2405	
20,027	75,486	20,027	70,6415	20,027	66,4907	20,027	76,1045	20,027	70,3658	20,027	66,2397	
20,191	75,4868	20,191	70,6421	20,191	66,4923	20,191	76,105	20,191	70,367	20,191	66,2386	
20,355	75,4868	20,355	70,6467	20,355	66,4916	20,355	76,1061	20,355	70,3645	20,355	66,2405	
20,5187	75,4842	20,5187	70,6431	20,5187	66,4914	20,5187	76,1024	20,5187	70,3666	20,5187	66,2393	
20,683	75,4894	20,683	70,6455	20,683	66,4915	20,683	76,1051	20,683	70,3649	20,683	66,2409	
20,8475	75,482	20,8475	70,6455	20,8475	66,4915	20,8475	76,0934	20,8475	70,3649	20,8475	66,2398	
21,0115	75,4814	21,0115	70,6468	21,0115	66,4935	21,0115	76,0932	21,0115	70,3649	21,0115	66,2397	
21,1752	75,4851	21,1752	70,6452	21,1752	66,4929	21,1752	76,1068	21,1752	70,3693	21,1752	66,2404	
21,3392	75,4911	21,3392	70,6496	21,3392	66,4924	21,3392	76,0942	21,3392	70,3665	21,3392	66,2412	
21,5032	75,4922	21,5032	70,6482	21,5032	66,4926	21,5032	76,1069	21,5032	70,3665	21,5032	66,2399	
21,6672	75,4891	21,6672	70,6482	21,6672	66,493	21,6672	76,1042	21,6672	70,3664	21,6672	66,2397	
21,8314	75,4904	21,8314	70,6511	21,8314	66,4925	21,8314	76,1056	21,8314	70,3655	21,8314	66,2396	
21,9948	75,4908	21,9948	70,6487	21,9948	66,4931	21,9948	76,0966	21,9948	70,3662	21,9948	66,2404	
22,1583	75,4884	22,1583	70,6456	22,1583	66,4938	22,1583	76,1043	22,1583	70,3674	22,1583	66,2388	
22,322	75,4915	22,322	70,6457	22,322	66,494	22,322	76,1046	22,322	70,3685	22,322	66,2394	
22,486	75,491	22,486	70,648	22,486	66,493	22,486	76,1038	22,486	70,3674	22,486	66,2408	
22,65	75,491	22,65	70,6522	22,65	66,494	22,65	76,1032	22,65	70,3678	22,65	66,2413	
22,8137	75,4923	22,8137	70,6501	22,8137	66,4938	22,8137	76,1055	22,8137	70,3675	22,8137	66,239	
22,9776	75,4923	22,9776	70,649	22,9776	66,4938	22,9776	76,1041	22,9776	70,367	22,9776	66,241	
23,1414	75,4909	23,1414	70,6491	23,1414	66,4947	23,1414	76,1043	23,1414	70,3676	23,1414	66,241	
23,3057	75,4944	23,3057	70,649	23,3057	66,4945	23,3057	76,1076	23,3057	70,3662	23,3057	66,2406	
23,4696	75,494	23,4696	70,648	23,4696	66,4951	23,4696	76,1054	23,4696	70,3678	23,4696	66,2414	
23,6336	75,4912	23,6336	70,6525	23,6336	66,4942	23,6336	76,0951	23,6336	70,3688	23,6336	66,2405	
23,7974	75,4916	23,7974	70,6501	23,7974	66,4945	23,7974	76,106	23,7974	70,3696	23,7974	66,2403	
23,9614	75,491	23,9614	70,65	23,9614	66,494	23,9614	76,1062	23,9614	70,3693	23,9614	66,2409	
24,1256	75,4896	24,1256	70,6491	24,1256	66,4956	24,1256	76,1046	24,1256	70,3688	24,1256	66,2408	
24,2893	75,4943	24,2893	70,6513	24,2893	66,4949	24,2893	76,1069	24,2893	70,3673	24,2893	66,2414	
24,4533	75,4898	24,4533	70,65	24,4533	66,4959	24,4533	76,1072	24,4533	70,3696	24,4533	66,2406	
24,6175	75,4867	24,6175	70,6514	24,6175	66,4946	24,6175	76,1058	24,6175	70,3686	24,6175	66,2397	
24,7824	75,4936	24,7824	70,6484	24,7824	66,4944	24,7824	76,0911	24,7824	70,3683	24,7824	66,2417	
24,9464	75,4889	24,9464	70,6451	24,9464	66,4933	24,9464	76,11	24,9464	70,3666	24,9464	66,241	
25,1104	75,4886	25,1104	70,6447	25,1104	66,4919	25,1104	76,0921	25,1104	70,3663	25,1104	66,2411	
25,2749	75,4884	25,2749	70,6422	25,2749	66,4906	25,2749	76,0961	25,2749	70,3675	25,2749	66,2403	
25,4395	75,4809	25,4395	70,6384	25,4395	66,4889	25,4395	76,1057	25,4395	70,3687	25,4395	66,2409	
25,6035	75,4865	25,6035	70,6373	25,6035	66,4872	25,6035	76,106	25,6035	70,3669	25,6035	66,2407	
25,768	75,4836	25,768	70,6304	25,768	66,4851	25,768	76,1058	25,768	70,3692	25,768	66,2411	
25,9325	75,4757	25,9325	70,6314	25,9325	66,4842	25,9325	76,1067	25,9325	70,3693	25,9325	66,2398	
26,0965	75,4755	26,0965	70,6261	26,0965	66,4814	26,0965	76,096	26,0965	70,3659	26,0965	66,2412	
26,2602	75,4725	26,2602	70,6221	26,2602	66,4813	26,2602	76,1079	26,2602	70,3681	26,2602	66,2402	
26,4252	75,4753	26,4252	70,6202	26,4252	66,4787	26,4252	76,0948	26,4252	70,368	26,4252	66,2395	
26,59	75,468	26,59	70,6176	26,59	66,4782	26,59	76,1051	26,59	70,3686	26,59	66,2403	
26,7546	75,4709	26,7546	70,6154	26,7546	66,4776	26,7546	76,107	26,7546	70,3687	26,7546	66,2386	
26,9191	75,473	26,9191	70,6139	26,9191	66,4753	26,9191	76,091	26,9191	70,3688	26,9191	66,2408	
27,0833	75,4729	27,0833	70,6113	27,0833	66,4755	27,0833	76,1053	27,0833	70,3695	27,0833	66,2413	
27,2481	75,4678	27,2481	70,6093	27,2481	66,4743	27,2481	76,0973	27,2481	70,3661	27,2481	66,2412	
27,4121	75,4636	27,4121	70,6084	27,4121	66,4735	27,4121	76,1079	27,4121	70,3683	27,4121	66,2398	
27,5766	75,4659	27,5766	70,6058	27,5766	66,4716	27,5766	76,0922	27,5766	70,366	27,5766	66,2403	
27,7404	75,4664	27,7404	70,6053	27,7404	66,4711	27,7404	76,1066	27,7404	70,369	27,7404	66,2405	
27,9041	75,4637	27,9041	70,6033	27,9041	66,4715	27,9041	76,0934	27,9041	70,3693	27,9041	66,2408	
28,0678	75,4625	28,0678	70,6008	28,0678	66,47	28,0678	76,1055	28,0678	70,3684	28,0678	66,2413	
28,2315	75,4602	28,2315	70,6022	28,2315	66,4687	28,2315	76,0935	28,2315	70,3657	28,2315	66,2408	
28,3952	75,466	28,3952	70,6007	28,3952	66,4686	28,3952	76,1077	28,3952	70,3671	28,3952	66,2396	
28,5589	75,4658	28,5589	70,5978	28,5589	66,4682	28,5589	76,1051	28,5589	70,3672	28,5589	66,24	
28,7235	75,461	28,7235	70,5992	28,7235	66,4687	28,7235	76,105	28,7235	70,3674	28,7235	66,2404	
28,8873	75,4585	28,8873	70,5977	28,8873	66,4675	28,8873	76,1055	28,8873	70,3678	28,8873	66,2398	
29,0515	75,461	29,0515	70,5965	29,0515	66,4675	29,0515	76,1039	29,0515	70,3681	29,0515	66,2406	
29,2155	75,4613	29,2155	70,5961	29,2155	66,4661	29,2155	76,1056	29,2155	70,3643	29,2155	66,2388	
29,3795	75,4597	29,3795	70,5944	29,3795	66,4659	29,3795	76,0957	29,3795	70,3667	29,3795	66,2404	
29,5438	75,4648	29,5438	70,5943	29,5438	66,4667	29,5438	76,1038	29,5438	70,3662	29,5438	66,2395	
29,7083	75,4591	29,7083	70,5932	29,7083	66,4657	29,7083	76,1043	29,7083	70,3692	29,7083	66,2415	
29,8731	75,4587	29,8731	70,5921	29,8731	66,463	29,8731	76,1068	29,8731	70,3682	29,8731	66,2411	
30,0374	75,459	30,0374	70,5905	30,0374	66,4647	30,0374	76,1064	30,0374	70,3682	30,0374	66,2395	
30,2019	75,4574	30,2019	70,5912	30,2019	66,4641	30,2019	76,1079	30,2019	70,3658	30,2019	66,2407	
30,3666	75,4612	30,3666	70,5885	30,3666	66,463	30,3666	76,1048	30,3666	70,3683	30,3666	66,2393	
30,5312	75,4558	30,5312	70,5876	30,5312	66,4631	30,5312	76,1053	30,5312	70,3668	30,5312	66,2403	
30,6954	75,4575	30,6954	70,5894	30,6954	66,4627	30,6954	76,0945	30,6954	70,3673	30,6954	66,2404	
30,86	75,4578	30,86	70,5877	30,86	66,4627	30,86	76,1059	30,86	70,3682	30,86	66,239	
31,0247	75,4565	31,0247	70,5863	31,0247	66,462	31,0247	76,1043	31,0247	70,3695	31,0247	66,2409	
31,1884	75,4507	31,1884	70,5877	31,1884	66,4621	31,1884	76,1038	31,1884	70,3671	31,1884	66,2404	
31,3524	75,4606	31,3524	70,5867	31,3524	66,4616	31,3524	76,0946	31,3524	70,3665	31,3524	66,2406	
31,5167	75,4529	31,5167	70,5835	31,5167	66,4611	31,5167	76,0919	31,5167	70,3683	31,5167	66,2403	
31,6807	75,4507	31,6807	70,5853	31,6807	66,4615	31,6807	76,0921	31,6807	70,366	31,6807	66,2409	
31,8442	75,4509	31,8442	70,5849	31,8442	66,461	31,8442	76,0946	31,8442	70,3649	31,8442	66,241	
32,0085	75,4582	32,0085	70,5827	32,0085	66,461	32,0085	76,0954	32,0085	70,369	32,0085	66,2393	
32,1722	75,4534	32,1722	70,5829	32,1722	66,4614	32,1722	76,1047	32,1722	70,367	32,1722	66,2403	
32,3359	75,4541	32,3359	70,584	32,3359	66,4604	32,3359	76,0931	32,3359	70,3693	32,3359	66,2401	
32,4996	75,4508	32,4996	70,5818	32,4996	66,4595	32,4996	76,093	32,4996	70,3669	32,4996	66,2403	
32,6633	75,4528	32,6633	70,5817	32,6633	66,4599	32,6633	76,1079	32,6633	70,3659	32,6633	66,2408	
32,8271	75,4548	32,8271	70,5825	32,8271	66,4587	32,8271	76,0921	32,8271	70,3676	32,8271	66,2406	
32,9911	75,4557	32,9911	70,5818	32,9911	66,4591	32,9911	76,1049	32,9911	70,3658	32,9911	66,2406	
33,1558	75,4515	33,1558	70,5798	33,1558	66,4591	33,1558	76,1052	33,1558	70,3687	33,1558	66,2406	
33,3201	75,455	33,3201	70,5787	33,3201	66,4586	33,3201	76,1057	33,3201	70,3681	33,3201	66,2392	
33,4843	75,4514	33,4843	70,5806	33,4843	66,4588	33,4843	76,0938	33,4843	70,3691	33,4843	66,2406	
33,6483	75,4503	33,6483	70,5805	33,6483	66,4583	33,6483	76,0915	33,6483	70,3669	33,6483	66,2406	
33,8123	75,4513	33,8123	70,5783	33,8123	66,4585	33,8123	76,0925	33,8123	70,3687	33,8123	66,2403	
33,9771	75,4487	33,9771	70,5778	33,9771	66,458	33,9771	76,0933	33,9771	70,3689	33,9771	66,2399	
34,1409	75,4568	34,1409	70,577	34,1409	66,4579	34,1409	76,1077	34,1409	70,3694	34,1409	66,2413	
34,3057	75,4558	34,3057	70,5783	34,3057	66,4577	34,3057	76,1065	34,3057	70,3686	34,3057	66,2407	
34,4705	75,4483	34,4705	70,5765	34,4705	66,4579	34,4705	76,1047	34,4705	70,369	34,4705	66,2393	
34,6348	75,4551	34,6348	70,5771	34,6348	66,4573	34,6348	76,0926	34,6348	70,3659	34,6348	66,2411	
34,7993	75,4506	34,7993	70,5756	34,7993	66,457	34,7993	76,0929	34,7993	70,3684	34,7993	66,2408	
34,9643	75,4482	34,9643	70,5752	34,9643	66,4566	34,9643	76,1008	34,9643	70,3651	34,9643	66,2407	
35,1293	75,4511	35,1293	70,5753	35,1293	66,4561	35,1293	76,1028	35,1293	70,369	35,1293	66,2398	
35,2932	75,4501	35,2932	70,5773	35,2932	66,4569	35,2932	76,1043	35,2932	70,3686	35,2932	66,2394	
35,4575	75,4497	35,4575	70,5753	35,4575	66,4554	35,4575	76,1047	35,4575	70,3686	35,4575	66,2408	
35,6221	75,4531	35,6221	70,5769	35,6221	66,4556	35,6221	76,1055	35,6221	70,3681	35,6221	66,2392	
35,7863	75,451	35,7863	70,5761	35,7863	66,4557	35,7863	76,0957	35,7863	70,3663	35,7863	66,2408	
35,9503	75,4541	35,9503	70,5733	35,9503	66,4559	35,9503	76,1072	35,9503	70,3684	35,9503	66,2409	
36,1143	75,4519	36,1143	70,5735	36,1143	66,4555	36,1143	76,1082	36,1143	70,3687	36,1143	66,2397	
36,2793	75,4482	36,2793	70,574	36,2793	66,4562	36,2793	76,0945	36,2793	70,3656	36,2793	66,2414	
36,4431	75,4439	36,4431	70,5748	36,4431	66,4546	36,4431	76,1059	36,4431	70,3658	36,4431	66,241	
36,6078	75,4527	36,6078	70,5741	36,6078	66,4554	36,6078	76,0939	36,6078	70,3675	36,6078	66,2393	
36,7718	75,4469	36,7718	70,5743	36,7718	66,4546	36,7718	76,094	36,7718	70,3661	36,7718	66,2398	
36,9358	75,4454	36,9358	70,5739	36,9358	66,4537	36,9358	76,0935	36,9358	70,367	36,9358	66,2406	
37,0998	75,4508	37,0998	70,5714	37,0998	66,4546	37,0998	76,1059	37,0998	70,367	37,0998	66,2394	
37,2635	75,4434	37,2635	70,5715	37,2635	66,4551	37,2635	76,106	37,2635	70,3682	37,2635	66,2409	
37,4276	75,4514	37,4276	70,5715	37,4276	66,4539	37,4276	76,1044	37,4276	70,3673	37,4276	66,2384	
37,591	75,4501	37,591	70,5732	37,591	66,4539	37,591	76,1062	37,591	70,3665	37,591	66,2408	
37,7555	75,4471	37,7555	70,5717	37,7555	66,4539	37,7555	76,0943	37,7555	70,3659	37,7555	66,241	
37,9192	75,4487	37,9192	70,5699	37,9192	66,4537	37,9192	76,1067	37,9192	70,3681	37,9192	66,241	
38,0832	75,4466	38,0832	70,5727	38,0832	66,4536	38,0832	76,1033	38,0832	70,3696	38,0832	66,2392	
38,2469	75,4528	38,2469	70,5705	38,2469	66,4534	38,2469	76,105	38,2469	70,3692	38,2469	66,2409	
38,4114	75,4491	38,4114	70,5723	38,4114	66,4529	38,4114	76,1064	38,4114	70,3675	38,4114	66,2396	
38,5754	75,4489	38,5754	70,5702	38,5754	66,453	38,5754	76,1068	38,5754	70,3704	38,5754	66,2396	
38,7397	75,4484	38,7397	70,5699	38,7397	66,4529	38,7397	76,0946	38,7397	70,3673	38,7397	66,2406	
38,9039	75,4459	38,9039	70,571	38,9039	66,4531	38,9039	76,106	38,9039	70,3676	38,9039	66,2402	
39,0684	75,4483	39,0684	70,5687	39,0684	66,4535	39,0684	76,1068	39,0684	70,3676	39,0684	66,2402	
39,2327	75,4426	39,2327	70,5692	39,2327	66,4527	39,2327	76,094	39,2327	70,3701	39,2327	66,2387	
39,3969	75,4513	39,3969	70,5687	39,3969	66,4522	39,3969	76,1073	39,3969	70,3695	39,3969	66,2414	
39,5614	75,4468	39,5614	70,5695	39,5614	66,452	39,5614	76,0948	39,5614	70,3695	39,5614	66,2394	
39,726	75,4453	39,726	70,568	39,726	66,4517	39,726	76,0952	39,726	70,3664	39,726	66,2409	
39,8899	75,4449	39,8899	70,5697	39,8899	66,4513	39,8899	76,1041	39,8899	70,3672	39,8899	66,241	
40,0542	75,4434	40,0542	70,5681	40,0542	66,4519	40,0542	76,0936	40,0542	70,3694	40,0542	66,2404	
40,2185	75,4462	40,2185	70,5682	40,2185	66,4518	40,2185	76,1036	40,2185	70,3657	40,2185	66,2409	
40,3825	75,4471	40,3825	70,5667	40,3825	66,4518	40,3825	76,0937	40,3825	70,3676	40,3825	66,2396	
40,5464	75,4462	40,5464	70,5689	40,5464	66,453	40,5464	76,1068	40,5464	70,3682	40,5464	66,24	
40,7107	75,4435	40,7107	70,5684	40,7107	66,451	40,7107	76,0951	40,7107	70,3661	40,7107	66,2398	
40,8749	75,4457	40,8749	70,5665	40,8749	66,4522	40,8749	76,0936	40,8749	70,3687	40,8749	66,2412	
41,0387	75,4456	41,0387	70,567	41,0387	66,4511	41,0387	76,1082	41,0387	70,3683	41,0387	66,2395	
41,2027	75,4463	41,2027	70,5685	41,2027	66,4513	41,2027	76,0949	41,2027	70,3667	41,2027	66,2397	
41,3669	75,4448	41,3669	70,5673	41,3669	66,4511	41,3669	76,106	41,3669	70,3664	41,3669	66,2397	
41,5312	75,4422	41,5312	70,568	41,5312	66,4507	41,5312	76,094	41,5312	70,3687	41,5312	66,2405	
41,6956	75,4453	41,6956	70,5679	41,6956	66,451	41,6956	76,094	41,6956	70,367	41,6956	66,2402	
41,8597	75,445	41,8597	70,5657	41,8597	66,451	41,8597	76,0954	41,8597	70,368	41,8597	66,24	
42,024	75,442	42,024	70,5652	42,024	66,4507	42,024	76,1024	42,024	70,3685	42,024	66,2399	
42,188	75,4445	42,188	70,5648	42,188	66,4506	42,188	76,0954	42,188	70,3681	42,188	66,2394	
42,3514	75,4432	42,3514	70,5678	42,3514	66,4507	42,3514	76,1032	42,3514	70,369	42,3514	66,2393	
42,5156	75,4392	42,5156	70,5657	42,5156	66,4508	42,5156	76,0982	42,5156	70,3682	42,5156	66,2395	
42,6799	75,4401	42,6799	70,5652	42,6799	66,4502	42,6799	76,1049	42,6799	70,3671	42,6799	66,2393	
42,8442	75,4418	42,8442	70,5668	42,8442	66,4502	42,8442	76,1056	42,8442	70,3667	42,8442	66,2398	
43,0081	75,4411	43,0081	70,5641	43,0081	66,4495	43,0081	76,1043	43,0081	70,3692	43,0081	66,2398	
43,1718	75,4434	43,1718	70,5644	43,1718	66,4501	43,1718	76,0951	43,1718	70,3678	43,1718	66,2401	
43,3358	75,443	43,3358	70,5638	43,3358	66,4511	43,3358	76,0946	43,3358	70,3686	43,3358	66,2399	
43,4998	75,4404	43,4998	70,5662	43,4998	66,4497	43,4998	76,0916	43,4998	70,3685	43,4998	66,2401	
43,6638	75,4434	43,6638	70,565	43,6638	66,4508	43,6638	76,1059	43,6638	70,3676	43,6638	66,2396	
43,8275	75,4442	43,8275	70,5661	43,8275	66,4494	43,8275	76,1054	43,8275	70,3676	43,8275	66,2397	
43,9918	75,4437	43,9918	70,5654	43,9918	66,4492	43,9918	76,1054	43,9918	70,3674	43,9918	66,2402	
44,1555	75,4432	44,1555	70,5642	44,1555	66,4496	44,1555	76,1046	44,1555	70,3674	44,1555	66,2399	
44,3189	75,4429	44,3189	70,5645	44,3189	66,4505	44,3189	76,0922	44,3189	70,3675	44,3189	66,2397	
44,4829	75,4404	44,4829	70,5619	44,4829	66,4493	44,4829	76,1053	44,4829	70,3679	44,4829	66,2401	
44,6477	75,437	44,6477	70,5658	44,6477	66,4502	44,6477	76,0967	44,6477	70,3684	44,6477	66,2392	
44,8118	75,4383	44,8118	70,562	44,8118	66,4505	44,8118	76,0928	44,8118	70,3681	44,8118	66,2397	
44,9758	75,4377	44,9758	70,5639	44,9758	66,4501	44,9758	76,1011	44,9758	70,3675	44,9758	66,2399	
45,1406	75,4371	45,1406	70,5624	45,1406	66,4501	45,1406	76,0903	45,1406	70,3692	45,1406	66,2395	
45,3051	75,4358	45,3051	70,5619	45,3051	66,448	45,3051	76,0917	45,3051	70,3686	45,3051	66,2397	
45,4691	75,4429	45,4691	70,5616	45,4691	66,4501	45,4691	76,1026	45,4691	70,3698	45,4691	66,2404	
45,6339	75,4401	45,6339	70,5614	45,6339	66,4494	45,6339	76,1013	45,6339	70,369	45,6339	66,2405	
45,7978	75,442	45,7978	70,5639	45,7978	66,4489	45,7978	76,1019	45,7978	70,3709	45,7978	66,2401	
45,9618	75,4416	45,9618	70,5612	45,9618	66,4483	45,9618	76,0881	45,9618	70,37	45,9618	66,24	
46,1258	75,4416	46,1258	70,5628	46,1258	66,4487	46,1258	76,0889	46,1258	70,3703	46,1258	66,2398	
46,2903	75,4428	46,2903	70,5616	46,2903	66,4497	46,2903	76,1023	46,2903	70,368	46,2903	66,2401	
46,4543	75,446	46,4543	70,5637	46,4543	66,4481	46,4543	76,1029	46,4543	70,3691	46,4543	66,2395	
46,6183	75,4448	46,6183	70,561	46,6183	66,4499	46,6183	76,1041	46,6183	70,369	46,6183	66,2403	
46,7826	75,445	46,7826	70,5625	46,7826	66,448	46,7826	76,0908	46,7826	70,37	46,7826	66,2398	
46,9472	75,4445	46,9472	70,5613	46,9472	66,4484	46,9472	76,1034	46,9472	70,3696	46,9472	66,2403	
47,1111	75,4426	47,1111	70,5611	47,1111	66,4482	47,1111	76,1024	47,1111	70,3697	47,1111	66,2401	
47,2754	75,4424	47,2754	70,5609	47,2754	66,4478	47,2754	76,0874	47,2754	70,3711	47,2754	66,2408	
47,4399	75,4424	47,4399	70,5595	47,4399	66,448	47,4399	76,1008	47,4399	70,3691	47,4399	66,2401	
47,6042	75,4416	47,6042	70,5599	47,6042	66,4478	47,6042	76,0862	47,6042	70,3708	47,6042	66,2403	
47,769	75,4401	47,769	70,5603	47,769	66,4483	47,769	76,1001	47,769	70,369	47,769	66,241	
47,9327	75,4383	47,9327	70,5593	47,9327	66,4489	47,9327	76,0992	47,9327	70,37	47,9327	66,2398	
48,0967	75,4381	48,0967	70,5596	48,0967	66,4488	48,0967	76,0895	48,0967	70,3701	48,0967	66,2408	
48,2607	75,441	48,2607	70,5592	48,2607	66,4475	48,2607	76,1011	48,2607	70,3692	48,2607	66,2408	
48,4248	75,4433	48,4248	70,5591	48,4248	66,4477	48,4248	76,1017	48,4248	70,3708	48,4248	66,2399	
48,5885	75,4437	48,5885	70,56	48,5885	66,4485	48,5885	76,1008	48,5885	70,3697	48,5885	66,2404	
48,753	75,4418	48,753	70,5614	48,753	66,4487	48,753	76,1006	48,753	70,3695	48,753	66,2403	
48,9172	75,4396	48,9172	70,5608	48,9172	66,4473	48,9172	76,1004	48,9172	70,3713	48,9172	66,2417	
49,0812	75,4404	49,0812	70,5612	49,0812	66,4477	49,0812	76,1003	49,0812	70,3693	49,0812	66,2401	
49,2454	75,4429	49,2454	70,5611	49,2454	66,4485	49,2454	76,0899	49,2454	70,3692	49,2454	66,2404	
49,4094	75,446	49,4094	70,5608	49,4094	66,447	49,4094	76,0911	49,4094	70,3703	49,4094	66,2406	
49,5733	75,4438	49,5733	70,559	49,5733	66,4479	49,5733	76,0997	49,5733	70,3701	49,5733	66,2405	
49,7368	75,4407	49,7368	70,5615	49,7368	66,4474	49,7368	76,1003	49,7368	70,371	49,7368	66,2405	
49,9013	75,4387	49,9013	70,5598	49,9013	66,4472	49,9013	76,1007	49,9013	70,3703	49,9013	66,239	
50,0656	75,4382	50,0656	70,5583	50,0656	66,4466	50,0656	76,0981	50,0656	70,3699	50,0656	66,2408	
50,2301	75,4402	50,2301	70,559	50,2301	66,4467	50,2301	76,0891	50,2301	70,3708	50,2301	66,2396	
50,3949	75,4395	50,3949	70,5583	50,3949	66,4465	50,3949	76,0902	50,3949	70,3698	50,3949	66,2399	
50,5584	75,4407	50,5584	70,5578	50,5584	66,4465	50,5584	76,0997	50,5584	70,3698	50,5584	66,2406	
50,7229	75,4412	50,7229	70,5573	50,7229	66,4463	50,7229	76,09	50,7229	70,3712	50,7229	66,2399	
50,8869	75,4381	50,8869	70,5588	50,8869	66,4468	50,8869	76,0988	50,8869	70,3699	50,8869	66,2414	
51,0509	75,4379	51,0509	70,557	51,0509	66,4464	51,0509	76,0881	51,0509	70,3705	51,0509	66,2398	
51,2154	75,4385	51,2154	70,5601	51,2154	66,4464	51,2154	76,0911	51,2154	70,3721	51,2154	66,2403	
51,3794	75,4421	51,3794	70,5579	51,3794	66,4462	51,3794	76,0989	51,3794	70,3706	51,3794	66,2405	
51,5439	75,4411	51,5439	70,5586	51,5439	66,4479	51,5439	76,102	51,5439	70,3701	51,5439	66,2411	
51,7082	75,4351	51,7082	70,5587	51,7082	66,4472	51,7082	76,0894	51,7082	70,37	51,7082	66,2397	
51,8716	75,4408	51,8716	70,5562	51,8716	66,4462	51,8716	76,0884	51,8716	70,3712	51,8716	66,2403	
52,0351	75,4404	52,0351	70,5585	52,0351	66,4464	52,0351	76,1012	52,0351	70,3709	52,0351	66,24	
52,1988	75,4398	52,1988	70,557	52,1988	66,4463	52,1988	76,1012	52,1988	70,3727	52,1988	66,2405	
52,363	75,4383	52,363	70,5591	52,363	66,4465	52,363	76,0905	52,363	70,3716	52,363	66,2405	
52,5267	75,4387	52,5267	70,5569	52,5267	66,4457	52,5267	76,0884	52,5267	70,37	52,5267	66,2406	
52,6904	75,4389	52,6904	70,5569	52,6904	66,4457	52,6904	76,0888	52,6904	70,3723	52,6904	66,2402	
52,8542	75,4399	52,8542	70,5562	52,8542	66,4458	52,8542	76,1015	52,8542	70,3696	52,8542	66,24	
53,0185	75,4383	53,0185	70,5553	53,0185	66,4453	53,0185	76,0863	53,0185	70,3707	53,0185	66,2404	
53,1825	75,438	53,1825	70,5566	53,1825	66,4465	53,1825	76,099	53,1825	70,3707	53,1825	66,2399	
53,3468	75,4373	53,3468	70,5583	53,3468	66,4456	53,3468	76,1001	53,3468	70,3714	53,3468	66,2416	
53,5108	75,4369	53,5108	70,5563	53,5108	66,445	53,5108	76,084	53,5108	70,3708	53,5108	66,2398	
53,675	75,4394	53,675	70,5558	53,675	66,4458	53,675	76,089	53,675	70,3719	53,675	66,2403	
53,839	75,4341	53,839	70,5555	53,839	66,4467	53,839	76,0897	53,839	70,3708	53,839	66,2406	
54,0036	75,4421	54,0036	70,5574	54,0036	66,4462	54,0036	76,0904	54,0036	70,3712	54,0036	66,24	
54,1675	75,4344	54,1675	70,5558	54,1675	66,4451	54,1675	76,0898	54,1675	70,3721	54,1675	66,2425	
54,3318	75,4414	54,3318	70,5561	54,3318	66,4451	54,3318	76,0916	54,3318	70,3721	54,3318	66,2405	
54,4961	75,4395	54,4961	70,5554	54,4961	66,4449	54,4961	76,0995	54,4961	70,373	54,4961	66,2405	
54,6605	75,4383	54,6605	70,556	54,6605	66,4452	54,6605	76,1017	54,6605	70,3716	54,6605	66,2411	
54,8246	75,4381	54,8246	70,5549	54,8246	66,446	54,8246	76,09	54,8246	70,3716	54,8246	66,2412	
54,9891	75,4402	54,9891	70,5557	54,9891	66,4454	54,9891	76,1004	54,9891	70,372	54,9891	66,2411	
55,1536	75,4403	55,1536	70,5549	55,1536	66,4444	55,1536	76,0892	55,1536	70,3714	55,1536	66,2412	
55,3173	75,438	55,3173	70,5549	55,3173	66,4442	55,3173	76,0912	55,3173	70,372	55,3173	66,2426	
55,4815	75,438	55,4815	70,5541	55,4815	66,4447	55,4815	76,0994	55,4815	70,3714	55,4815	66,2403	
55,646	75,4378	55,646	70,5574	55,646	66,4456	55,646	76,0911	55,646	70,3716	55,646	66,2398	
55,8105	75,4342	55,8105	70,5549	55,8105	66,4448	55,8105	76,0902	55,8105	70,3701	55,8105	66,24	
55,9745	75,4404	55,9745	70,5555	55,9745	66,4459	55,9745	76,0912	55,9745	70,3711	55,9745	66,2408	
56,1387	75,4377	56,1387	70,5549	56,1387	66,4448	56,1387	76,102	56,1387	70,3708	56,1387	66,2407	
56,3027	75,4364	56,3027	70,5542	56,3027	66,4442	56,3027	76,1018	56,3027	70,3713	56,3027	66,2403	
56,4667	75,4363	56,4667	70,5557	56,4667	66,4452	56,4667	76,0874	56,4667	70,3719	56,4667	66,2402	
56,6307	75,4362	56,6307	70,5537	56,6307	66,4446	56,6307	76,0987	56,6307	70,3717	56,6307	66,2412	
56,795	75,4354	56,795	70,5542	56,795	66,4444	56,795	76,0995	56,795	70,371	56,795	66,2424	
56,9592	75,4394	56,9592	70,5543	56,9592	66,444	56,9592	76,0937	56,9592	70,3708	56,9592	66,241	
57,1235	75,4372	57,1235	70,5542	57,1235	66,4442	57,1235	76,091	57,1235	70,3706	57,1235	66,2404	
57,2877	75,4318	57,2877	70,5529	57,2877	66,4449	57,2877	76,1015	57,2877	70,371	57,2877	66,2403	
57,4521	75,4354	57,4521	70,5556	57,4521	66,4447	57,4521	76,1022	57,4521	70,372	57,4521	66,2411	
57,6159	75,4412	57,6159	70,5541	57,6159	66,444	57,6159	76,1009	57,6159	70,3706	57,6159	66,241	
57,7801	75,4373	57,7801	70,554	57,7801	66,4441	57,7801	76,101	57,7801	70,3735	57,7801	66,241	
57,9446	75,4408	57,9446	70,5528	57,9446	66,4454	57,9446	76,0894	57,9446	70,3716	57,9446	66,2414	
58,1084	75,4361	58,1084	70,5538	58,1084	66,4451	58,1084	76,0891	58,1084	70,371	58,1084	66,241	
58,2721	75,4372	58,2721	70,5533	58,2721	66,444	58,2721	76,0899	58,2721	70,3714	58,2721	66,2411	
58,4364	75,4387	58,4364	70,5538	58,4364	66,444	58,4364	76,1027	58,4364	70,3697	58,4364	66,2418	
58,6001	75,4358	58,6001	70,5536	58,6001	66,4451	58,6001	76,0891	58,6001	70,3723	58,6001	66,241	
58,7638	75,4369	58,7638	70,5533	58,7638	66,4444	58,7638	76,0893	58,7638	70,3726	58,7638	66,2406	
58,928	75,4316	58,928	70,5534	58,928	66,4436	58,928	76,091	58,928	70,3708	58,928	66,2406	
59,092	75,4362	59,092	70,5537	59,092	66,4441	59,092	76,0997	59,092	70,373	59,092	66,241	
59,256	75,436	59,256	70,5531	59,256	66,4453	59,256	76,0981	59,256	70,3721	59,256	66,2413	
59,4202	75,4361	59,4202	70,5527	59,4202	66,4442	59,4202	76,0904	59,4202	70,3731	59,4202	66,2421	
59,5842	75,4351	59,5842	70,5541	59,5842	66,4445	59,5842	76,1012	59,5842	70,3715	59,5842	66,2409	
59,7479	75,4304	59,7479	70,5523	59,7479	66,4447	59,7479	76,0991	59,7479	70,3728	59,7479	66,2424	
59,9128	75,4312	59,9128	70,5527	59,9128	66,4435	59,9128	76,0991	59,9128	70,371	59,9128	66,2408	
60,077	75,4347	60,077	70,5554	60,077	66,4436	60,077	76,0901	60,077	70,3719	60,077	66,2407	
60,2413	75,4357	60,2413	70,5549	60,2413	66,4435	60,2413	76,0892	60,2413	70,3711	60,2413	66,2414	
60,4053	75,4357	60,4053	70,5522	60,4053	66,4438	60,4053	76,1003	60,4053	70,3734	60,4053	66,2405	
60,5698	75,4378	60,5698	70,5528	60,5698	66,4438	60,5698	76,0871	60,5698	70,3717	60,5698	66,2411	
60,7341	75,432	60,7341	70,5528	60,7341	66,4435	60,7341	76,0986	60,7341	70,3716	60,7341	66,2408	
60,8981	75,4324	60,8981	70,5531	60,8981	66,4435	60,8981	76,0974	60,8981	70,3721	60,8981	66,2407	
61,0639	75,4347	61,0639	70,5527	61,0639	66,4435	61,0639	76,0987	61,0639	70,3719	61,0639	66,2403	
61,2287	75,4322	61,2287	70,5522	61,2287	66,4434	61,2287	76,09	61,2287	70,3714	61,2287	66,2412	
61,3931	75,4347	61,3931	70,5527	61,3931	66,4433	61,3931	76,0967	61,3931	70,3721	61,3931	66,2408	
61,5565	75,4338	61,5565	70,5513	61,5565	66,4432	61,5565	76,0882	61,5565	70,3721	61,5565	66,242	
61,7208	75,4341	61,7208	70,5515	61,7208	66,4441	61,7208	76,0974	61,7208	70,3713	61,7208	66,2422	
61,8845	75,4359	61,8845	70,5522	61,8845	66,4431	61,8845	76,0904	61,8845	70,3727	61,8845	66,2405	
62,0482	75,4357	62,0482	70,552	62,0482	66,4434	62,0482	76,0975	62,0482	70,3722	62,0482	66,2417	
62,2117	75,4347	62,2117	70,5512	62,2117	66,4432	62,2117	76,1001	62,2117	70,3742	62,2117	66,2417	
62,3756	75,4302	62,3756	70,5517	62,3756	66,4441	62,3756	76,0874	62,3756	70,373	62,3756	66,2416	
62,5396	75,4361	62,5396	70,5529	62,5396	66,4429	62,5396	76,0999	62,5396	70,372	62,5396	66,2417	
62,7031	75,4318	62,7031	70,5542	62,7031	66,443	62,7031	76,0973	62,7031	70,3725	62,7031	66,2417	
62,8669	75,4349	62,8669	70,5528	62,8669	66,4428	62,8669	76,1011	62,8669	70,3712	62,8669	66,2421	
63,0306	75,4364	63,0306	70,551	63,0306	66,4432	63,0306	76,0983	63,0306	70,3729	63,0306	66,242	
63,1943	75,4364	63,1943	70,5512	63,1943	66,4433	63,1943	76,0916	63,1943	70,3736	63,1943	66,2419	
63,3583	75,4335	63,3583	70,5513	63,3583	66,4429	63,3583	76,0889	63,3583	70,3732	63,3583	66,2414	
63,5223	75,4354	63,5223	70,5511	63,5223	66,4426	63,5223	76,0878	63,5223	70,3727	63,5223	66,2425	
63,6862	75,436	63,6862	70,5505	63,6862	66,4443	63,6862	76,0882	63,6862	70,3708	63,6862	66,2422	
63,8497	75,4377	63,8497	70,5502	63,8497	66,443	63,8497	76,09	63,8497	70,3741	63,8497	66,2419	
64,0137	75,4371	64,0137	70,5499	64,0137	66,4432	64,0137	76,0914	64,0137	70,3724	64,0137	66,2413	
64,1774	75,4352	64,1774	70,5502	64,1774	66,4422	64,1774	76,0877	64,1774	70,3724	64,1774	66,2415	
64,3416	75,4337	64,3416	70,5524	64,3416	66,442	64,3416	76,0887	64,3416	70,3726	64,3416	66,2418	
64,5053	75,4294	64,5053	70,5514	64,5053	66,4422	64,5053	76,0885	64,5053	70,3725	64,5053	66,2419	
64,6691	75,4307	64,6691	70,5522	64,6691	66,4429	64,6691	76,0891	64,6691	70,3716	64,6691	66,2415	
64,8331	75,4303	64,8331	70,5503	64,8331	66,4426	64,8331	76,0896	64,8331	70,3719	64,8331	66,243	
64,9971	75,4318	64,9971	70,5527	64,9971	66,4422	64,9971	76,0886	64,9971	70,3743	64,9971	66,2421	
65,1619	75,4329	65,1619	70,552	65,1619	66,4422	65,1619	76,0898	65,1619	70,3732	65,1619	66,2414	
65,3256	75,4345	65,3256	70,5503	65,3256	66,4423	65,3256	76,0881	65,3256	70,374	65,3256	66,2418	
65,4891	75,435	65,4891	70,549	65,4891	66,4421	65,4891	76,0859	65,4891	70,3737	65,4891	66,242	
65,6528	75,434	65,6528	70,55	65,6528	66,4424	65,6528	76,0889	65,6528	70,3741	65,6528	66,2428	
65,8166	75,4346	65,8166	70,5497	65,8166	66,4423	65,8166	76,0899	65,8166	70,3735	65,8166	66,2413	
65,9805	75,4337	65,9805	70,5505	65,9805	66,4431	65,9805	76,0896	65,9805	70,3732	65,9805	66,2424	
66,1451	75,4358	66,1451	70,5501	66,1451	66,4425	66,1451	76,0889	66,1451	70,373	66,1451	66,2413	
66,3091	75,432	66,3091	70,5511	66,3091	66,4427	66,3091	76,0893	66,3091	70,3735	66,3091	66,2414	
66,4733	75,4306	66,4733	70,5514	66,4733	66,4424	66,4733	76,0878	66,4733	70,3732	66,4733	66,2422	
66,6373	75,4334	66,6373	70,5513	66,6373	66,4417	66,6373	76,0894	66,6373	70,3739	66,6373	66,2421	
66,8016	75,4359	66,8016	70,5485	66,8016	66,4418	66,8016	76,1024	66,8016	70,3732	66,8016	66,2416	
66,965	75,4336	66,965	70,5509	66,965	66,4415	66,965	76,089	66,965	70,3748	66,965	66,2418	
67,1287	75,4342	67,1287	70,5514	67,1287	66,4421	67,1287	76,0873	67,1287	70,3736	67,1287	66,2423	
67,2927	75,4336	67,2927	70,5483	67,2927	66,4417	67,2927	76,0973	67,2927	70,3738	67,2927	66,2425	
67,4565	75,4497	67,4565	70,5737	67,4565	66,4523	67,4565	76,1	67,4565	70,3744	67,4565	66,2425	
67,6202	75,4845	67,6202	70,6487	67,6202	66,4934	67,6202	76,0924	67,6202	70,3752	67,6202	66,2418	
67,7842	75,4687	67,7842	70,6316	67,7842	66,4927	67,7842	76,0926	67,7842	70,3739	67,7842	66,2424	
67,9483	75,4699	67,9483	70,6287	67,9483	66,4943	67,9483	76,1021	67,9483	70,3737	67,9483	66,2421	
68,112	75,4631	68,112	70,6269	68,112	66,4942	68,112	76,0999	68,112	70,374	68,112	66,2423	
68,2757	75,4654	68,2757	70,6248	68,2757	66,4947	68,2757	76,0901	68,2757	70,3749	68,2757	66,2429	
68,4397	75,4609	68,4397	70,6236	68,4397	66,4945	68,4397	76,0995	68,4397	70,3743	68,4397	66,2423	
68,6037	75,4626	68,6037	70,6222	68,6037	66,4938	68,6037	76,0886	68,6037	70,3746	68,6037	66,2427	
68,7671	75,4571	68,7671	70,6203	68,7671	66,4929	68,7671	76,0894	68,7671	70,3764	68,7671	66,2428	
68,9314	75,458	68,9314	70,6183	68,9314	66,4926	68,9314	76,0901	68,9314	70,3756	68,9314	66,2434	
69,0954	75,4604	69,0954	70,6157	69,0954	66,4917	69,0954	76,0909	69,0954	70,3768	69,0954	66,2434	
69,2591	75,4538	69,2591	70,6131	69,2591	66,492	69,2591	76,1018	69,2591	70,3761	69,2591	66,2434	
69,4226	75,4541	69,4226	70,612	69,4226	66,4899	69,4226	76,0867	69,4226	70,376	69,4226	66,2437	
69,5863	75,4536	69,5863	70,6097	69,5863	66,4889	69,5863	76,1012	69,5863	70,3776	69,5863	66,2437	
69,7503	75,4489	69,7503	70,6065	69,7503	66,4879	69,7503	76,1007	69,7503	70,3772	69,7503	66,2436	
69,914	75,4514	69,914	70,6045	69,914	66,4872	69,914	76,0906	69,914	70,378	69,914	66,2439	
70,078	75,4523	70,078	70,6029	70,078	66,4863	70,078	76,0917	70,078	70,3777	70,078	66,2438	
70,2422	75,4548	70,2422	70,6046	70,2422	66,4861	70,2422	76,0886	70,2422	70,3776	70,2422	66,2438	
70,4059	75,4505	70,4059	70,6024	70,4059	66,4859	70,4059	76,1015	70,4059	70,377	70,4059	66,2441	
70,5694	75,4493	70,5694	70,6002	70,5694	66,485	70,5694	76,0918	70,5694	70,3797	70,5694	66,2444	
70,7329	75,4461	70,7329	70,6011	70,7329	66,4856	70,7329	76,1022	70,7329	70,378	70,7329	66,2443	
70,8972	75,4499	70,8972	70,6002	70,8972	66,4839	70,8972	76,0906	70,8972	70,3782	70,8972	66,2443	
71,0609	75,4463	71,0609	70,5997	71,0609	66,4838	71,0609	76,1002	71,0609	70,3784	71,0609	66,2448	
71,2246	75,4503	71,2246	70,5992	71,2246	66,4834	71,2246	76,0907	71,2246	70,3769	71,2246	66,2443	
71,3884	75,4467	71,3884	70,5992	71,3884	66,4824	71,3884	76,0895	71,3884	70,377	71,3884	66,2443	
71,5521	75,4485	71,5521	70,5955	71,5521	66,483	71,5521	76,0911	71,5521	70,3792	71,5521	66,2436	
71,7155	75,4479	71,7155	70,5975	71,7155	66,4818	71,7155	76,0904	71,7155	70,3798	71,7155	66,2444	
71,8803	75,4473	71,8803	70,5968	71,8803	66,484	71,8803	76,1011	71,8803	70,3781	71,8803	66,2449	
72,0443	75,4468	72,0443	70,5945	72,0443	66,4821	72,0443	76,0917	72,0443	70,3791	72,0443	66,2446	
72,2083	75,4483	72,2083	70,5943	72,2083	66,4818	72,2083	76,0966	72,2083	70,3787	72,2083	66,244	
72,3723	75,4496	72,3723	70,5954	72,3723	66,4838	72,3723	76,1011	72,3723	70,3786	72,3723	66,2445	
72,5361	75,4463	72,5361	70,5937	72,5361	66,4818	72,5361	76,101	72,5361	70,378	72,5361	66,2442	
72,6995	75,4444	72,6995	70,5952	72,6995	66,4812	72,6995	76,0902	72,6995	70,3778	72,6995	66,2445	
72,8633	75,4462	72,8633	70,5927	72,8633	66,4825	72,8633	76,0998	72,8633	70,3786	72,8633	66,2444	
73,027	75,4404	73,027	70,5928	73,027	66,4825	73,027	76,1012	73,027	70,3797	73,027	66,2441	
73,1913	75,4426	73,1913	70,5934	73,1913	66,4804	73,1913	76,0901	73,1913	70,3781	73,1913	66,2447	
73,3556	75,4466	73,3556	70,5932	73,3556	66,4822	73,3556	76,0995	73,3556	70,3785	73,3556	66,2446	
73,5196	75,4485	73,5196	70,5931	73,5196	66,4807	73,5196	76,0907	73,5196	70,3788	73,5196	66,2448	
73,683	75,4479	73,683	70,5925	73,683	66,4797	73,683	76,1015	73,683	70,3795	73,683	66,245	
73,8473	75,4438	73,8473	70,59	73,8473	66,4812	73,8473	76,1012	73,8473	70,3809	73,8473	66,2448	
74,0107	75,4406	74,0107	70,5915	74,0107	66,4789	74,0107	76,0921	74,0107	70,3781	74,0107	66,2452	
74,1745	75,4437	74,1745	70,5901	74,1745	66,4804	74,1745	76,0896	74,1745	70,3797	74,1745	66,2442	
74,339	75,4425	74,339	70,5911	74,339	66,478	74,339	76,0894	74,339	70,3791	74,339	66,2447	
74,503	75,4434	74,503	70,5899	74,503	66,4795	74,503	76,0885	74,503	70,3783	74,503	66,2446	
74,6662	75,4385	74,6662	70,5876	74,6662	66,4779	74,6662	76,091	74,6662	70,3792	74,6662	66,2447	
74,8302	75,4424	74,8302	70,5872	74,8302	66,4786	74,8302	76,0913	74,8302	70,3791	74,8302	66,2442	
74,9939	75,4431	74,9939	70,5885	74,9939	66,4765	74,9939	76,092	74,9939	70,3791	74,9939	66,2446	
75,1587	75,4426	75,1587	70,5862	75,1587	66,4768	75,1587	76,0893	75,1587	70,3794	75,1587	66,2445	
75,3224	75,4437	75,3224	70,5868	75,3224	66,4754	75,3224	76,0936	75,3224	70,378	75,3224	66,2449	
75,4864	75,4479	75,4864	70,5824	75,4864	66,4739	75,4864	76,0924	75,4864	70,3794	75,4864	66,245	
75,6506	75,4383	75,6506	70,5813	75,6506	66,4706	75,6506	76,0909	75,6506	70,378	75,6506	66,245	
75,8154	75,4362	75,8154	70,5769	75,8154	66,4691	75,8154	76,0893	75,8154	70,3803	75,8154	66,244	
75,9794	75,4328	75,9794	70,5742	75,9794	66,4662	75,9794	76,0907	75,9794	70,3792	75,9794	66,2441	
76,1439	75,436	76,1439	70,5711	76,1439	66,4632	76,1439	76,0904	76,1439	70,3777	76,1439	66,2445	
76,3076	75,437	76,3076	70,5686	76,3076	66,4618	76,3076	76,091	76,3076	70,3778	76,3076	66,2444	
76,4724	75,43	76,4724	70,5547	76,4724	66,4533	76,4724	76,1022	76,4724	70,3783	76,4724	66,2439	
76,6375	75,4101	76,6375	70,5183	76,6375	66,4321	76,6375	76,0997	76,6375	70,3768	76,6375	66,2438	
76,8012	75,4001	76,8012	70,4943	76,8012	66,4143	76,8012	76,0784	76,8012	70,385	76,8012	66,2469	
76,9658	75,4015	76,9658	70,4986	76,9658	66,4158	76,9658	76,0754	76,9658	70,3841	76,9658	66,2452	
77,1294	75,3991	77,1294	70,4987	77,1294	66,4164	77,1294	76,0775	77,1294	70,3832	77,1294	66,2448	
77,294	75,4013	77,294	70,4998	77,294	66,4162	77,294	76,0725	77,294	70,3827	77,294	66,244	
77,4582	75,3972	77,4582	70,4889	77,4582	66,4114	77,4582	76,0731	77,4582	70,3823	77,4582	66,2446	
77,6225	75,3917	77,6225	70,4789	77,6225	66,4043	77,6225	76,0844	77,6225	70,383	77,6225	66,2452	
77,7865	75,3976	77,7865	70,4763	77,7865	66,4018	77,7865	76,0744	77,7865	70,3827	77,7865	66,2452	
77,9507	75,3906	77,9507	70,4731	77,9507	66,4006	77,9507	76,0754	77,9507	70,3827	77,9507	66,2453	
78,1155	75,3894	78,1155	70,4728	78,1155	66,4001	78,1155	76,0739	78,1155	70,3829	78,1155	66,2451	
78,2795	75,3915	78,2795	70,4699	78,2795	66,4001	78,2795	76,078	78,2795	70,3841	78,2795	66,2453	
78,4444	75,3951	78,4444	70,469	78,4444	66,3987	78,4444	76,0757	78,4444	70,3835	78,4444	66,2446	
78,6081	75,3959	78,6081	70,469	78,6081	66,3977	78,6081	76,0756	78,6081	70,3829	78,6081	66,2449	
78,7718	75,3868	78,7718	70,4708	78,7718	66,398	78,7718	76,075	78,7718	70,3829	78,7718	66,2449	
78,9358	75,383	78,9358	70,4695	78,9358	66,3978	78,9358	76,0751	78,9358	70,3847	78,9358	66,2464	
79,1061	75,3875	79,1061	70,4745	79,1061	66,3979	79,1061	76,0752	79,1061	70,3832	79,1061	66,2452	
79,2704	75,3877	79,2704	70,4676	79,2704	66,3971	79,2704	76,0765	79,2704	70,3844	79,2704	66,2456	
79,4362	75,395	79,4362	70,4675	79,4362	66,3975	79,4362	76,0775	79,4362	70,3829	79,4362	66,2457	
79,6002	75,3905	79,6002	70,4676	79,6002	66,3974	79,6002	76,0771	79,6002	70,3856	79,6002	66,2452	
79,7647	75,3843	79,7647	70,4681	79,7647	66,3971	79,7647	76,0773	79,7647	70,385	79,7647	66,2455	
79,9284	75,3887	79,9284	70,4683	79,9284	66,3968	79,9284	76,0761	79,9284	70,383	79,9284	66,2456	
80,0924	75,3851	80,0924	70,466	80,0924	66,3967	80,0924	76,0772	80,0924	70,384	80,0924	66,2451	
80,2564	75,3873	80,2564	70,4663	80,2564	66,3967	80,2564	76,076	80,2564	70,3837	80,2564	66,2456	
80,4203	75,3861	80,4203	70,4658	80,4203	66,3961	80,4203	76,0771	80,4203	70,3839	80,4203	66,2457	
80,5841	75,3857	80,5841	70,4657	80,5841	66,3963	80,5841	76,0763	80,5841	70,3828	80,5841	66,2459	
80,748	75,3933	80,748	70,4663	80,748	66,3961	80,748	76,0755	80,748	70,3845	80,748	66,2457	
80,9118	75,3923	80,9118	70,4696	80,9118	66,3964	80,9118	76,0736	80,9118	70,3843	80,9118	66,2454	
81,0755	75,3829	81,0755	70,468	81,0755	66,3965	81,0755	76,0757	81,0755	70,3837	81,0755	66,2457	
81,2397	75,3837	81,2397	70,4658	81,2397	66,3962	81,2397	76,0755	81,2397	70,3837	81,2397	66,2455	
81,4034	75,3874	81,4034	70,466	81,4034	66,3964	81,4034	76,0763	81,4034	70,383	81,4034	66,2459	
81,5677	75,3922	81,5677	70,4648	81,5677	66,3959	81,5677	76,0766	81,5677	70,3845	81,5677	66,2456	
81,7325	75,3864	81,7325	70,4653	81,7325	66,3962	81,7325	76,0755	81,7325	70,3839	81,7325	66,2455	
81,8962	75,3852	81,8962	70,4698	81,8962	66,396	81,8962	76,0759	81,8962	70,3851	81,8962	66,2456	
82,0607	75,3876	82,0607	70,4638	82,0607	66,3955	82,0607	76,0778	82,0607	70,3842	82,0607	66,2461	
82,2246	75,3913	82,2246	70,4641	82,2246	66,3959	82,2246	76,0757	82,2246	70,3836	82,2246	66,2461	
82,3894	75,3929	82,3894	70,4648	82,3894	66,3955	82,3894	76,0749	82,3894	70,3841	82,3894	66,2459	
82,5537	75,3873	82,5537	70,4635	82,5537	66,3966	82,5537	76,078	82,5537	70,3842	82,5537	66,2461	
