Time (min) - L1 670nm	 - L1 670nm	Time (min) - L2 785nm	 - L2 785nm	Time (min) - L3 980nm	 - L3 980nm	Time (min) - L5 670nm	 - L5 670nm	Time (min) - L6 785nm	 - L6 785nm	Time (min) - L7 980nm	 - L7 980nm	
0,17405	75,383	0,17405	70,4596	0,17405	66,3936	0,17405	76,0102	0,17405	70,4203	0,17405	66,2558	
0,338033	75,3861	0,338033	70,4587	0,338033	66,3935	0,338033	76,0068	0,338033	70,4218	0,338033	66,2559	
0,50285	75,3878	0,50285	70,4582	0,50285	66,3932	0,50285	76,0059	0,50285	70,4218	0,50285	66,2558	
0,667667	75,3873	0,667667	70,4601	0,667667	66,3933	0,667667	76,0096	0,667667	70,4229	0,667667	66,2555	
0,831633	75,3803	0,831633	70,4581	0,831633	66,3933	0,831633	76,0093	0,831633	70,4219	0,831633	66,2558	
0,995367	75,3856	0,995367	70,4588	0,995367	66,3931	0,995367	76,0075	0,995367	70,4206	0,995367	66,2551	
1,16043	75,3867	1,16043	70,4605	1,16043	66,3933	1,16043	76,0072	1,16043	70,4216	1,16043	66,2556	
1,32468	75,3787	1,32468	70,459	1,32468	66,3928	1,32468	76,0073	1,32468	70,4201	1,32468	66,2557	
1,48867	75,3786	1,48867	70,4577	1,48867	66,3923	1,48867	76,0053	1,48867	70,4219	1,48867	66,2549	
1,65267	75,3786	1,65267	70,4647	1,65267	66,3933	1,65267	76,0066	1,65267	70,4222	1,65267	66,2555	
1,81693	75,3875	1,81693	70,4578	1,81693	66,3933	1,81693	76,0087	1,81693	70,4219	1,81693	66,2553	
1,98145	75,3851	1,98145	70,4608	1,98145	66,3931	1,98145	76,0067	1,98145	70,4196	1,98145	66,2556	
2,14488	75,388	2,14488	70,4585	2,14488	66,3932	2,14488	75,9998	2,14488	70,4218	2,14488	66,2555	
2,3094	75,379	2,3094	70,4594	2,3094	66,3931	2,3094	76,0057	2,3094	70,4215	2,3094	66,2552	
2,47363	75,38	2,47363	70,4581	2,47363	66,3932	2,47363	76,0068	2,47363	70,4221	2,47363	66,2551	
2,63735	75,3798	2,63735	70,4586	2,63735	66,3932	2,63735	76,0063	2,63735	70,4224	2,63735	66,2552	
2,8014	75,3896	2,8014	70,462	2,8014	66,3929	2,8014	76,0062	2,8014	70,423	2,8014	66,2552	
2,96563	75,3815	2,96563	70,4587	2,96563	66,3927	2,96563	76,0003	2,96563	70,4224	2,96563	66,2553	
3,12962	75,3841	3,12962	70,4587	3,12962	66,3933	3,12962	76,0074	3,12962	70,4223	3,12962	66,255	
3,29412	75,3864	3,29412	70,4598	3,29412	66,3927	3,29412	76,0052	3,29412	70,423	3,29412	66,2552	
3,45863	75,3828	3,45863	70,4594	3,45863	66,3928	3,45863	76,0005	3,45863	70,4214	3,45863	66,2548	
3,6229	75,38	3,6229	70,4576	3,6229	66,3926	3,6229	76,0033	3,6229	70,422	3,6229	66,2551	
3,78747	75,3788	3,78747	70,4609	3,78747	66,3928	3,78747	76,0015	3,78747	70,4212	3,78747	66,255	
3,95118	75,3802	3,95118	70,4581	3,95118	66,3931	3,95118	76,002	3,95118	70,4211	3,95118	66,2543	
4,11493	75,3886	4,11493	70,4573	4,11493	66,3933	4,11493	75,9996	4,11493	70,4221	4,11493	66,2548	
4,27915	75,3798	4,27915	70,4587	4,27915	66,3926	4,27915	76,0025	4,27915	70,4221	4,27915	66,2553	
4,4431	75,3892	4,4431	70,4609	4,4431	66,3929	4,4431	76,0056	4,4431	70,4206	4,4431	66,2543	
4,60682	75,3812	4,60682	70,459	4,60682	66,3929	4,60682	76,0069	4,60682	70,4226	4,60682	66,2552	
4,77108	75,388	4,77108	70,4577	4,77108	66,3924	4,77108	75,9987	4,77108	70,4222	4,77108	66,255	
4,93505	75,3798	4,93505	70,4579	4,93505	66,3927	4,93505	75,9992	4,93505	70,4228	4,93505	66,2551	
5,10008	75,3867	5,10008	70,4583	5,10008	66,3927	5,10008	76,0014	5,10008	70,4234	5,10008	66,2552	
5,26383	75,3838	5,26383	70,4571	5,26383	66,3928	5,26383	76,0026	5,26383	70,4229	5,26383	66,2551	
5,42808	75,3882	5,42808	70,456	5,42808	66,3924	5,42808	76,0041	5,42808	70,4202	5,42808	66,2553	
5,59257	75,3809	5,59257	70,4589	5,59257	66,3927	5,59257	76,0062	5,59257	70,4234	5,59257	66,2551	
5,75735	75,3864	5,75735	70,4572	5,75735	66,3924	5,75735	76,0017	5,75735	70,4205	5,75735	66,2554	
5,92105	75,3795	5,92105	70,4585	5,92105	66,3937	5,92105	75,9967	5,92105	70,4228	5,92105	66,2552	
6,08637	75,3838	6,08637	70,458	6,08637	66,3929	6,08637	76,0029	6,08637	70,4232	6,08637	66,2554	
6,25115	75,3797	6,25115	70,4569	6,25115	66,3924	6,25115	76,0019	6,25115	70,4224	6,25115	66,2551	
6,41542	75,3787	6,41542	70,4577	6,41542	66,3924	6,41542	76,0044	6,41542	70,4239	6,41542	66,2554	
6,57913	75,3782	6,57913	70,4574	6,57913	66,3923	6,57913	76,0036	6,57913	70,4237	6,57913	66,2553	
6,74337	75,387	6,74337	70,4591	6,74337	66,3924	6,74337	76,002	6,74337	70,424	6,74337	66,2552	
6,90763	75,3814	6,90763	70,4573	6,90763	66,3925	6,90763	76,002	6,90763	70,4215	6,90763	66,2546	
7,07162	75,3797	7,07162	70,4587	7,07162	66,3923	7,07162	76,0025	7,07162	70,4226	7,07162	66,2554	
7,2356	75,3798	7,2356	70,4578	7,2356	66,3924	7,2356	76,0009	7,2356	70,4238	7,2356	66,2551	
7,39987	75,3822	7,39987	70,4637	7,39987	66,3927	7,39987	76,0036	7,39987	70,4238	7,39987	66,2553	
7,56362	75,3883	7,56362	70,4569	7,56362	66,3926	7,56362	76,002	7,56362	70,4239	7,56362	66,2554	
7,72707	75,3793	7,72707	70,4565	7,72707	66,3918	7,72707	76,0017	7,72707	70,4233	7,72707	66,2549	
7,89105	75,3858	7,89105	70,4569	7,89105	66,391	7,89105	75,9958	7,89105	70,4239	7,89105	66,2539	
8,05477	75,3772	8,05477	70,4553	8,05477	66,3906	8,05477	76,0001	8,05477	70,4218	8,05477	66,254	
8,21955	75,3737	8,21955	70,4566	8,21955	66,391	8,21955	75,9945	8,21955	70,4222	8,21955	66,2548	
8,38353	75,3847	8,38353	70,4548	8,38353	66,39	8,38353	75,9982	8,38353	70,4207	8,38353	66,2541	
8,54753	75,3759	8,54753	70,456	8,54753	66,3914	8,54753	75,9985	8,54753	70,423	8,54753	66,2542	
8,71178	75,3793	8,71178	70,4556	8,71178	66,3913	8,71178	76,0015	8,71178	70,4233	8,71178	66,2541	
8,87658	75,3762	8,87658	70,4566	8,87658	66,3917	8,87658	76,0009	8,87658	70,4234	8,87658	66,2544	
9,04053	75,3876	9,04053	70,4551	9,04053	66,3912	9,04053	76,0005	9,04053	70,4242	9,04053	66,2543	
9,20453	75,3777	9,20453	70,4586	9,20453	66,3918	9,20453	76,0009	9,20453	70,4234	9,20453	66,2547	
9,36825	75,3782	9,36825	70,4632	9,36825	66,3912	9,36825	75,9999	9,36825	70,4217	9,36825	66,2543	
9,53278	75,3783	9,53278	70,4583	9,53278	66,3914	9,53278	76,0008	9,53278	70,421	9,53278	66,2543	
9,69677	75,3865	9,69677	70,4561	9,69677	66,3913	9,69677	75,9989	9,69677	70,4245	9,69677	66,2546	
9,86078	75,3863	9,86078	70,4567	9,86078	66,3914	9,86078	76,0016	9,86078	70,4233	9,86078	66,2552	
10,0246	75,3784	10,0246	70,457	10,0246	66,3918	10,0246	76,001	10,0246	70,4223	10,0246	66,2551	
10,1888	75,3874	10,1888	70,4584	10,1888	66,3918	10,1888	76,0032	10,1888	70,4238	10,1888	66,2554	
10,3534	75,3792	10,3534	70,4575	10,3534	66,3918	10,3534	76,0028	10,3534	70,425	10,3534	66,2545	
10,5184	75,3861	10,5184	70,4557	10,5184	66,392	10,5184	76,0038	10,5184	70,422	10,5184	66,2551	
10,6825	75,3864	10,6825	70,4589	10,6825	66,3922	10,6825	76,0026	10,6825	70,4224	10,6825	66,255	
10,8468	75,3862	10,8468	70,4586	10,8468	66,3919	10,8468	76,002	10,8468	70,4249	10,8468	66,2545	
11,0105	75,3871	11,0105	70,456	11,0105	66,3923	11,0105	76,0051	11,0105	70,4224	11,0105	66,2545	
11,1742	75,3815	11,1742	70,4583	11,1742	66,3922	11,1742	76,0034	11,1742	70,4241	11,1742	66,2552	
11,3379	75,3872	11,3379	70,4569	11,3379	66,3923	11,3379	76,0031	11,3379	70,4245	11,3379	66,255	
11,5014	75,3799	11,5014	70,4572	11,5014	66,3923	11,5014	76,0051	11,5014	70,4251	11,5014	66,2556	
11,6653	75,3862	11,6653	70,4571	11,6653	66,392	11,6653	76,0046	11,6653	70,4244	11,6653	66,2546	
11,8293	75,3854	11,8293	70,4582	11,8293	66,392	11,8293	76,0023	11,8293	70,4246	11,8293	66,2556	
11,9935	75,3778	11,9935	70,4587	11,9935	66,3923	11,9935	76,004	11,9935	70,4245	11,9935	66,2554	
12,1575	75,3805	12,1575	70,4568	12,1575	66,3925	12,1575	76,0032	12,1575	70,4238	12,1575	66,2557	
12,3212	75,3852	12,3212	70,4558	12,3212	66,3923	12,3212	76,0035	12,3212	70,4241	12,3212	66,2557	
12,4849	75,3856	12,4849	70,458	12,4849	66,3921	12,4849	76,0042	12,4849	70,4263	12,4849	66,2558	
12,6489	75,3777	12,6489	70,4587	12,6489	66,392	12,6489	76,0029	12,6489	70,4243	12,6489	66,2556	
12,8131	75,3791	12,8131	70,4576	12,8131	66,3922	12,8131	76,0046	12,8131	70,4264	12,8131	66,2555	
12,9768	75,3831	12,9768	70,4579	12,9768	66,3917	12,9768	76,0013	12,9768	70,4252	12,9768	66,2556	
13,1406	75,3814	13,1406	70,4563	13,1406	66,392	13,1406	76,0023	13,1406	70,4256	13,1406	66,2557	
13,3046	75,3779	13,3046	70,4632	13,3046	66,3912	13,3046	76,0058	13,3046	70,4268	13,3046	66,256	
13,4691	75,3856	13,4691	70,4607	13,4691	66,392	13,4691	76,0046	13,4691	70,4237	13,4691	66,2562	
13,6336	75,3864	13,6336	70,4585	13,6336	66,3918	13,6336	76,0008	13,6336	70,4258	13,6336	66,256	
13,7979	75,3843	13,7979	70,4586	13,7979	66,3925	13,7979	76,0001	13,7979	70,4246	13,7979	66,2561	
13,9614	75,3794	13,9614	70,4569	13,9614	66,3922	13,9614	76,0038	13,9614	70,4271	13,9614	66,2551	
14,1253	75,3851	14,1253	70,4589	14,1253	66,3921	14,1253	76,0055	14,1253	70,4259	14,1253	66,2563	
14,2895	75,3855	14,2895	70,4572	14,2895	66,3926	14,2895	76,0065	14,2895	70,4246	14,2895	66,2564	
14,4532	75,3854	14,4532	70,4591	14,4532	66,3922	14,4532	76,0036	14,4532	70,4279	14,4532	66,2562	
14,6173	75,3861	14,6173	70,457	14,6173	66,392	14,6173	76,0061	14,6173	70,427	14,6173	66,2563	
14,781	75,3783	14,781	70,4571	14,781	66,3929	14,781	76,007	14,781	70,427	14,781	66,256	
14,9447	75,386	14,9447	70,4593	14,9447	66,3919	14,9447	76,0068	14,9447	70,4279	14,9447	66,2565	
15,1085	75,3785	15,1085	70,4641	15,1085	66,3933	15,1085	76,0016	15,1085	70,4274	15,1085	66,2567	
15,2728	75,3863	15,2728	70,4597	15,2728	66,3921	15,2728	76,0068	15,2728	70,4286	15,2728	66,2568	
15,4365	75,386	15,4365	70,4589	15,4365	66,3926	15,4365	76,0034	15,4365	70,4265	15,4365	66,2563	
15,6005	75,3783	15,6005	70,4575	15,6005	66,3923	15,6005	76,0066	15,6005	70,428	15,6005	66,2559	
15,765	75,3785	15,765	70,4576	15,765	66,3922	15,765	76,0074	15,765	70,4281	15,765	66,2569	
15,9293	75,3855	15,9293	70,4581	15,9293	66,3921	15,9293	76,0079	15,9293	70,4258	15,9293	66,2566	
16,0933	75,3864	16,0933	70,4583	16,0933	66,3927	16,0933	76,009	16,0933	70,4283	16,0933	66,2571	
16,2578	75,3784	16,2578	70,4576	16,2578	66,3924	16,2578	76,0076	16,2578	70,4296	16,2578	66,257	
16,4218	75,3778	16,4218	70,4575	16,4218	66,3921	16,4218	76,0078	16,4218	70,4294	16,4218	66,2571	
16,5856	75,3766	16,5856	70,4579	16,5856	66,3933	16,5856	76,0079	16,5856	70,4298	16,5856	66,2563	
16,749	75,3866	16,749	70,458	16,749	66,3921	16,749	76,0096	16,749	70,43	16,749	66,2565	
16,913	75,3807	16,913	70,4604	16,913	66,3929	16,913	76,0082	16,913	70,4309	16,913	66,2561	
17,0772	75,3791	17,0772	70,4631	17,0772	66,3939	17,0772	76,0063	17,0772	70,4304	17,0772	66,2573	
17,2416	75,3806	17,2416	70,463	17,2416	66,3953	17,2416	76,0101	17,2416	70,4315	17,2416	66,2575	
17,4056	75,3815	17,4056	70,4659	17,4056	66,3966	17,4056	76,0088	17,4056	70,4302	17,4056	66,2574	
17,5696	75,3866	17,5696	70,4697	17,5696	66,3977	17,5696	76,0085	17,5696	70,4291	17,5696	66,2575	
17,7341	75,3927	17,7341	70,4711	17,7341	66,3996	17,7341	76,01	17,7341	70,4312	17,7341	66,2569	
17,8978	75,3821	17,8978	70,4728	17,8978	66,4002	17,8978	76,0095	17,8978	70,4317	17,8978	66,2573	
18,0618	75,3977	18,0618	70,4747	18,0618	66,4021	18,0618	76,0105	18,0618	70,4313	18,0618	66,258	
18,2259	75,3914	18,2259	70,4789	18,2259	66,4042	18,2259	76,0062	18,2259	70,4325	18,2259	66,2581	
18,3902	75,3939	18,3902	70,4824	18,3902	66,4053	18,3902	76,0118	18,3902	70,4308	18,3902	66,2577	
18,5539	75,3944	18,5539	70,4838	18,5539	66,4069	18,5539	76,0108	18,5539	70,4326	18,5539	66,2575	
18,7176	75,3973	18,7176	70,4876	18,7176	66,4081	18,7176	76,0119	18,7176	70,4326	18,7176	66,2583	
18,8813	75,4051	18,8813	70,4881	18,8813	66,4086	18,8813	76,0114	18,8813	70,4325	18,8813	66,2583	
19,0453	75,3995	19,0453	70,492	19,0453	66,41	19,0453	76,0128	19,0453	70,4339	19,0453	66,2584	
19,2093	75,4008	19,2093	70,4937	19,2093	66,4121	19,2093	76,0126	19,2093	70,4312	19,2093	66,2584	
19,373	75,4004	19,373	70,4951	19,373	66,4131	19,373	76,0112	19,373	70,4311	19,373	66,2582	
19,5367	75,3995	19,5367	70,4984	19,5367	66,414	19,5367	76,0123	19,5367	70,4333	19,5367	66,2583	
19,7002	75,4019	19,7002	70,5002	19,7002	66,4164	19,7002	76,0114	19,7002	70,4332	19,7002	66,2587	
19,8641	75,4046	19,8641	70,5014	19,8641	66,4168	19,8641	76,0119	19,8641	70,4331	19,8641	66,2584	
20,0279	75,4071	20,0279	70,5049	20,0279	66,4178	20,0279	76,016	20,0279	70,4315	20,0279	66,2583	
20,1919	75,4079	20,1919	70,5069	20,1919	66,4194	20,1919	76,0144	20,1919	70,434	20,1919	66,2587	
20,3556	75,4143	20,3556	70,5077	20,3556	66,4206	20,3556	76,0137	20,3556	70,4335	20,3556	66,2586	
20,519	75,4091	20,519	70,5112	20,519	66,4219	20,519	76,0143	20,519	70,4336	20,519	66,2587	
20,6835	75,409	20,6835	70,5153	20,6835	66,4224	20,6835	76,0124	20,6835	70,4332	20,6835	66,2588	
20,8473	75,4097	20,8473	70,5152	20,8473	66,4236	20,8473	76,0143	20,8473	70,4337	20,8473	66,2586	
21,0113	75,4134	21,0113	70,5188	21,0113	66,4245	21,0113	76,0067	21,0113	70,4342	21,0113	66,2589	
21,1752	75,4129	21,1752	70,5174	21,1752	66,4258	21,1752	76,0096	21,1752	70,432	21,1752	66,2587	
21,3392	75,4145	21,3392	70,52	21,3392	66,4268	21,3392	76,0134	21,3392	70,4338	21,3392	66,2587	
21,5029	75,4188	21,5029	70,5229	21,5029	66,4279	21,5029	76,0129	21,5029	70,4339	21,5029	66,2587	
21,6667	75,4196	21,6667	70,5242	21,6667	66,4285	21,6667	76,0117	21,6667	70,4343	21,6667	66,2587	
21,8304	75,4197	21,8304	70,526	21,8304	66,4294	21,8304	76,0107	21,8304	70,4329	21,8304	66,2579	
21,9941	75,4208	21,9941	70,5285	21,9941	66,4306	21,9941	76,0116	21,9941	70,4334	21,9941	66,2582	
22,1578	75,4195	22,1578	70,5304	22,1578	66,4314	22,1578	76,0124	22,1578	70,4343	22,1578	66,2588	
22,3218	75,4182	22,3218	70,5321	22,3218	66,4327	22,3218	76,0145	22,3218	70,4341	22,3218	66,2589	
22,4855	75,4228	22,4855	70,5327	22,4855	66,4341	22,4855	76,0131	22,4855	70,4319	22,4855	66,2582	
22,6497	75,4225	22,6497	70,5343	22,6497	66,4343	22,6497	76,013	22,6497	70,4327	22,6497	66,2589	
22,814	75,422	22,814	70,5359	22,814	66,435	22,814	76,0123	22,814	70,4345	22,814	66,2586	
22,9777	75,4233	22,9777	70,5362	22,9777	66,4351	22,9777	76,0138	22,9777	70,4351	22,9777	66,2587	
23,1414	75,4231	23,1414	70,5369	23,1414	66,4359	23,1414	76,0101	23,1414	70,4343	23,1414	66,2588	
23,3059	75,4229	23,3059	70,538	23,3059	66,4359	23,3059	76,0063	23,3059	70,4334	23,3059	66,2589	
23,4699	75,4241	23,4699	70,5396	23,4699	66,4367	23,4699	76,0111	23,4699	70,4341	23,4699	66,2586	
23,6336	75,425	23,6336	70,5399	23,6336	66,4371	23,6336	76,0134	23,6336	70,4329	23,6336	66,259	
23,7978	75,4247	23,7978	70,5414	23,7978	66,4377	23,7978	76,01	23,7978	70,4341	23,7978	66,259	
23,9621	75,4255	23,9621	70,5402	23,9621	66,4375	23,9621	76,0114	23,9621	70,434	23,9621	66,2591	
24,1258	75,4253	24,1258	70,5414	24,1258	66,438	24,1258	76,013	24,1258	70,4343	24,1258	66,259	
24,2898	75,4249	24,2898	70,5417	24,2898	66,4379	24,2898	76,0153	24,2898	70,4348	24,2898	66,259	
24,4535	75,4276	24,4535	70,541	24,4535	66,4382	24,4535	76,009	24,4535	70,4338	24,4535	66,2592	
24,6175	75,4262	24,6175	70,5418	24,6175	66,438	24,6175	76,015	24,6175	70,4347	24,6175	66,2593	
24,7815	75,4295	24,7815	70,5418	24,7815	66,4382	24,7815	76,0077	24,7815	70,4338	24,7815	66,2589	
24,9455	75,4255	24,9455	70,5442	24,9455	66,4387	24,9455	76,0112	24,9455	70,4321	24,9455	66,2586	
25,1095	75,4238	25,1095	70,5435	25,1095	66,4387	25,1095	76,0114	25,1095	70,4341	25,1095	66,2592	
25,2738	75,4246	25,2738	70,5422	25,2738	66,4386	25,2738	76,0122	25,2738	70,4344	25,2738	66,2589	
25,4385	75,425	25,4385	70,5425	25,4385	66,4385	25,4385	76,011	25,4385	70,4336	25,4385	66,2589	
25,6022	75,4273	25,6022	70,5419	25,6022	66,4384	25,6022	76,0111	25,6022	70,4333	25,6022	66,2586	
25,7665	75,4231	25,7665	70,5415	25,7665	66,4384	25,7665	76,0116	25,7665	70,4334	25,7665	66,2589	
25,9307	75,4233	25,9307	70,5434	25,9307	66,4386	25,9307	76,0119	25,9307	70,4324	25,9307	66,2588	
26,095	75,4248	26,095	70,5409	26,095	66,4385	26,095	76,0112	26,095	70,4331	26,095	66,2582	
26,259	75,4227	26,259	70,543	26,259	66,438	26,259	76,0108	26,259	70,433	26,259	66,2591	
26,4227	75,4271	26,4227	70,5415	26,4227	66,438	26,4227	76,0146	26,4227	70,4321	26,4227	66,2581	
26,5864	75,4229	26,5864	70,5404	26,5864	66,4379	26,5864	76,0112	26,5864	70,4333	26,5864	66,2586	
26,7509	75,4258	26,7509	70,5399	26,7509	66,438	26,7509	76,0118	26,7509	70,434	26,7509	66,2588	
26,9157	75,4248	26,9157	70,5405	26,9157	66,4385	26,9157	76,0106	26,9157	70,4329	26,9157	66,2586	
27,0805	75,425	27,0805	70,5405	27,0805	66,438	27,0805	76,0112	27,0805	70,4329	27,0805	66,259	
27,2448	75,4233	27,2448	70,5402	27,2448	66,4384	27,2448	76,0101	27,2448	70,433	27,2448	66,2589	
27,4093	75,4245	27,4093	70,5406	27,4093	66,4377	27,4093	76,0114	27,4093	70,4336	27,4093	66,2589	
27,573	75,4267	27,573	70,5417	27,573	66,4375	27,573	76,0128	27,573	70,4339	27,573	66,2587	
27,7383	75,4249	27,7383	70,5393	27,7383	66,4377	27,7383	76,0106	27,7383	70,4334	27,7383	66,2586	
27,9023	75,4217	27,9023	70,5416	27,9023	66,4381	27,9023	76,0103	27,9023	70,4328	27,9023	66,2587	
28,0663	75,4241	28,0663	70,5396	28,0663	66,437	28,0663	76,0045	28,0663	70,4327	28,0663	66,2587	
28,2309	75,4256	28,2309	70,5412	28,2309	66,4374	28,2309	76,0132	28,2309	70,434	28,2309	66,2586	
28,3954	75,4264	28,3954	70,5404	28,3954	66,4374	28,3954	76,0132	28,3954	70,4336	28,3954	66,258	
28,5602	75,4244	28,5602	70,5396	28,5602	66,4367	28,5602	76,0127	28,5602	70,4315	28,5602	66,2585	
28,7242	75,4182	28,7242	70,539	28,7242	66,4375	28,7242	76,0057	28,7242	70,4323	28,7242	66,2586	
28,8884	75,4209	28,8884	70,5408	28,8884	66,438	28,8884	76,0097	28,8884	70,4334	28,8884	66,2587	
29,0541	75,4241	29,0541	70,5391	29,0541	66,4373	29,0541	76,0107	29,0541	70,4311	29,0541	66,2584	
29,2181	75,4252	29,2181	70,5386	29,2181	66,4374	29,2181	76,011	29,2181	70,4325	29,2181	66,2587	
29,3823	75,4258	29,3823	70,5389	29,3823	66,4374	29,3823	76,0131	29,3823	70,4315	29,3823	66,2585	
29,5466	75,4261	29,5466	70,5407	29,5466	66,4365	29,5466	76,0114	29,5466	70,4336	29,5466	66,2587	
29,7113	75,4229	29,7113	70,5403	29,7113	66,4373	29,7113	76,012	29,7113	70,431	29,7113	66,2586	
29,8753	75,421	29,8753	70,5388	29,8753	66,4366	29,8753	76,0099	29,8753	70,4331	29,8753	66,259	
30,0398	75,4204	30,0398	70,5403	30,0398	66,4364	30,0398	76,0108	30,0398	70,4344	30,0398	66,2589	
30,2038	75,4244	30,2038	70,539	30,2038	66,4377	30,2038	76,0145	30,2038	70,4334	30,2038	66,2592	
30,3678	75,421	30,3678	70,539	30,3678	66,4369	30,3678	76,0134	30,3678	70,4345	30,3678	66,259	
30,5317	75,4243	30,5317	70,5392	30,5317	66,4372	30,5317	76,0135	30,5317	70,4342	30,5317	66,259	
30,6959	75,4246	30,6959	70,5398	30,6959	66,4378	30,6959	76,0125	30,6959	70,4343	30,6959	66,2588	
30,8604	75,4225	30,8604	70,538	30,8604	66,437	30,8604	76,0139	30,8604	70,4346	30,8604	66,2591	
31,0247	75,4239	31,0247	70,5394	31,0247	66,4364	31,0247	76,0131	31,0247	70,4349	31,0247	66,2593	
31,1887	75,4243	31,1887	70,5381	31,1887	66,4365	31,1887	76,0128	31,1887	70,4346	31,1887	66,2587	
31,3529	75,4219	31,3529	70,5378	31,3529	66,4366	31,3529	76,0133	31,3529	70,4342	31,3529	66,2592	
31,5175	75,4216	31,5175	70,5378	31,5175	66,4368	31,5175	76,0135	31,5175	70,4351	31,5175	66,2591	
31,682	75,4242	31,682	70,5378	31,682	66,4366	31,682	76,0137	31,682	70,433	31,682	66,2585	
31,8468	75,4238	31,8468	70,5375	31,8468	66,4367	31,8468	76,0148	31,8468	70,4331	31,8468	66,2591	
32,0111	75,4235	32,0111	70,5388	32,0111	66,4364	32,0111	76,0102	32,0111	70,4346	32,0111	66,259	
32,1748	75,4206	32,1748	70,5378	32,1748	66,4368	32,1748	76,0131	32,1748	70,4361	32,1748	66,259	
32,339	75,4217	32,339	70,538	32,339	66,4364	32,339	76,0126	32,339	70,4356	32,339	66,259	
32,503	75,4221	32,503	70,5379	32,503	66,4365	32,503	76,0131	32,503	70,4354	32,503	66,2593	
32,6667	75,4213	32,6667	70,5364	32,6667	66,4365	32,6667	76,0139	32,6667	70,4338	32,6667	66,2592	
32,8316	75,4217	32,8316	70,5378	32,8316	66,4362	32,8316	76,0114	32,8316	70,4358	32,8316	66,2594	
32,9958	75,4226	32,9958	70,5384	32,9958	66,4362	32,9958	76,0109	32,9958	70,436	32,9958	66,2594	
33,1601	75,4239	33,1601	70,539	33,1601	66,4366	33,1601	76,0134	33,1601	70,4332	33,1601	66,2593	
33,3242	75,4223	33,3242	70,5381	33,3242	66,4364	33,3242	76,0139	33,3242	70,4342	33,3242	66,2592	
33,4884	75,4223	33,4884	70,537	33,4884	66,4361	33,4884	76,0162	33,4884	70,4357	33,4884	66,2588	
33,6524	75,4217	33,6524	70,5367	33,6524	66,4362	33,6524	76,018	33,6524	70,4365	33,6524	66,2595	
33,8166	75,4257	33,8166	70,537	33,8166	66,4357	33,8166	76,0164	33,8166	70,436	33,8166	66,2595	
33,9809	75,4214	33,9809	70,5367	33,9809	66,4356	33,9809	76,011	33,9809	70,4356	33,9809	66,2593	
34,1454	75,4212	34,1454	70,536	34,1454	66,4357	34,1454	76,0137	34,1454	70,4353	34,1454	66,2587	
34,3097	75,4233	34,3097	70,5373	34,3097	66,4361	34,3097	76,0131	34,3097	70,4351	34,3097	66,2592	
34,4739	75,4207	34,4739	70,5368	34,4739	66,4357	34,4739	76,0124	34,4739	70,4363	34,4739	66,2593	
34,6387	75,4221	34,6387	70,5377	34,6387	66,4355	34,6387	76,009	34,6387	70,436	34,6387	66,2596	
34,8027	75,4233	34,8027	70,538	34,8027	66,4364	34,8027	76,0153	34,8027	70,4326	34,8027	66,2584	
34,9668	75,4205	34,9668	70,5367	34,9668	66,4356	34,9668	76,0111	34,9668	70,437	34,9668	66,2596	
35,1307	75,4267	35,1307	70,5367	35,1307	66,4361	35,1307	76,0178	35,1307	70,4358	35,1307	66,2594	
35,295	75,4252	35,295	70,5357	35,295	66,4358	35,295	76,0163	35,295	70,436	35,295	66,2594	
35,459	75,4222	35,459	70,5369	35,459	66,4352	35,459	76,014	35,459	70,4365	35,459	66,2595	
35,6229	75,4183	35,6229	70,5377	35,6229	66,4352	35,6229	76,0153	35,6229	70,4346	35,6229	66,2588	
35,787	75,4231	35,787	70,5375	35,787	66,4362	35,787	76,0154	35,787	70,4358	35,787	66,2585	
35,9515	75,4234	35,9515	70,5357	35,9515	66,4357	35,9515	76,0152	35,9515	70,4359	35,9515	66,2586	
36,1161	75,424	36,1161	70,5342	36,1161	66,4356	36,1161	76,0141	36,1161	70,4361	36,1161	66,2596	
36,2798	75,4211	36,2798	70,5361	36,2798	66,4358	36,2798	76,0164	36,2798	70,4344	36,2798	66,2593	
36,4435	75,4189	36,4435	70,5353	36,4435	66,4356	36,4435	76,0102	36,4435	70,4358	36,4435	66,2593	
36,6072	75,4183	36,6072	70,5348	36,6072	66,4353	36,6072	76,0142	36,6072	70,4352	36,6072	66,2592	
36,7718	75,4202	36,7718	70,5365	36,7718	66,4361	36,7718	76,0149	36,7718	70,4356	36,7718	66,2596	
36,9355	75,4222	36,9355	70,5355	36,9355	66,435	36,9355	76,0155	36,9355	70,4351	36,9355	66,2597	
37,0995	75,4229	37,0995	70,5351	37,0995	66,4354	37,0995	76,0158	37,0995	70,4353	37,0995	66,2593	
37,264	75,423	37,264	70,5348	37,264	66,4359	37,264	76,0162	37,264	70,4346	37,264	66,2588	
37,4283	75,4247	37,4283	70,5376	37,4283	66,4355	37,4283	76,0177	37,4283	70,4357	37,4283	66,2599	
37,5928	75,422	37,5928	70,5361	37,5928	66,4355	37,5928	76,0166	37,5928	70,4372	37,5928	66,26	
37,7576	75,4215	37,7576	70,5361	37,7576	66,4351	37,7576	76,0162	37,7576	70,4363	37,7576	66,2597	
37,9221	75,418	37,9221	70,535	37,9221	66,4351	37,9221	76,0149	37,9221	70,4361	37,9221	66,2596	
38,0864	75,4208	38,0864	70,535	38,0864	66,4356	38,0864	76,0135	38,0864	70,4338	38,0864	66,2596	
38,2498	75,4205	38,2498	70,5353	38,2498	66,4349	38,2498	76,0138	38,2498	70,4354	38,2498	66,2597	
38,4141	75,422	38,4141	70,537	38,4141	66,436	38,4141	76,0162	38,4141	70,4352	38,4141	66,2593	
38,5784	75,423	38,5784	70,5337	38,5784	66,4364	38,5784	76,0172	38,5784	70,4364	38,5784	66,2597	
38,7429	75,42	38,7429	70,5365	38,7429	66,4349	38,7429	76,0105	38,7429	70,437	38,7429	66,26	
38,9069	75,4239	38,9069	70,5365	38,9069	66,4356	38,9069	76,0176	38,9069	70,4357	38,9069	66,2596	
39,0703	75,4213	39,0703	70,5346	39,0703	66,4351	39,0703	76,0157	39,0703	70,4347	39,0703	66,2599	
39,2341	75,4205	39,2341	70,5346	39,2341	66,4357	39,2341	76,0151	39,2341	70,4366	39,2341	66,2599	
39,3978	75,4191	39,3978	70,5346	39,3978	66,4352	39,3978	76,0167	39,3978	70,4354	39,3978	66,26	
39,5626	75,4217	39,5626	70,5348	39,5626	66,4356	39,5626	76,0161	39,5626	70,4358	39,5626	66,2598	
39,7266	75,4202	39,7266	70,5362	39,7266	66,4347	39,7266	76,015	39,7266	70,4348	39,7266	66,2591	
39,8906	75,4195	39,8906	70,5348	39,8906	66,4347	39,8906	76,014	39,8906	70,4357	39,8906	66,2597	
40,0543	75,4218	40,0543	70,5367	40,0543	66,4358	40,0543	76,0156	40,0543	70,4363	40,0543	66,2598	
40,2188	75,4161	40,2188	70,5352	40,2188	66,4353	40,2188	76,0147	40,2188	70,4373	40,2188	66,2595	
40,3834	75,4205	40,3834	70,5341	40,3834	66,4352	40,3834	76,0165	40,3834	70,4341	40,3834	66,2597	
40,5478	75,4186	40,5478	70,5342	40,5478	66,4351	40,5478	76,013	40,5478	70,436	40,5478	66,2598	
40,7125	75,4241	40,7125	70,535	40,7125	66,4349	40,7125	76,0149	40,7125	70,4375	40,7125	66,2598	
40,8768	75,4215	40,8768	70,5345	40,8768	66,4343	40,8768	76,0144	40,8768	70,4363	40,8768	66,26	
41,0413	75,4217	41,0413	70,5344	41,0413	66,4347	41,0413	76,0117	41,0413	70,4362	41,0413	66,2599	
41,2056	75,4161	41,2056	70,5345	41,2056	66,4343	41,2056	76,0162	41,2056	70,4362	41,2056	66,2596	
41,369	75,4202	41,369	70,5337	41,369	66,4346	41,369	76,0144	41,369	70,4367	41,369	66,2595	
41,533	75,4219	41,533	70,5347	41,533	66,4346	41,533	76,0139	41,533	70,4366	41,533	66,2598	
41,6974	75,4221	41,6974	70,5357	41,6974	66,4353	41,6974	76,0148	41,6974	70,4333	41,6974	66,2599	
41,8615	75,4232	41,8615	70,5335	41,8615	66,4344	41,8615	76,0165	41,8615	70,437	41,8615	66,2599	
42,0255	75,4229	42,0255	70,5357	42,0255	66,4354	42,0255	76,0163	42,0255	70,4369	42,0255	66,26	
42,1903	75,4233	42,1903	70,5341	42,1903	66,4346	42,1903	76,0168	42,1903	70,4362	42,1903	66,2601	
42,3548	75,4214	42,3548	70,5336	42,3548	66,435	42,3548	76,0162	42,3548	70,4362	42,3548	66,2599	
42,5192	75,4183	42,5192	70,534	42,5192	66,4343	42,5192	76,0157	42,5192	70,4371	42,5192	66,26	
42,6829	75,4204	42,6829	70,536	42,6829	66,4344	42,6829	76,0167	42,6829	70,4346	42,6829	66,2597	
42,8469	75,4198	42,8469	70,5328	42,8469	66,4342	42,8469	76,0153	42,8469	70,4373	42,8469	66,2596	
43,0107	75,4184	43,0107	70,5316	43,0107	66,4339	43,0107	76,0154	43,0107	70,4353	43,0107	66,2597	
43,1743	75,4206	43,1743	70,533	43,1743	66,4344	43,1743	76,0167	43,1743	70,4362	43,1743	66,2597	
43,3383	75,421	43,3383	70,5338	43,3383	66,434	43,3383	76,0135	43,3383	70,4359	43,3383	66,26	
43,5023	75,422	43,5023	70,5331	43,5023	66,4342	43,5023	76,0155	43,5023	70,4361	43,5023	66,26	
43,666	75,4149	43,666	70,5347	43,666	66,4338	43,666	76,0119	43,666	70,436	43,666	66,2598	
43,8298	75,4218	43,8298	70,5328	43,8298	66,4341	43,8298	76,017	43,8298	70,4367	43,8298	66,2587	
43,994	75,4209	43,994	70,5327	43,994	66,4338	43,994	76,0149	43,994	70,4344	43,994	66,2599	
44,158	75,4185	44,158	70,535	44,158	66,4339	44,158	76,0119	44,158	70,4337	44,158	66,2598	
44,3217	75,4202	44,3217	70,5326	44,3217	66,4338	44,3217	76,0153	44,3217	70,4359	44,3217	66,2599	
44,4857	75,4201	44,4857	70,5327	44,4857	66,4337	44,4857	76,0134	44,4857	70,4362	44,4857	66,2597	
44,6502	75,4157	44,6502	70,5315	44,6502	66,434	44,6502	76,0181	44,6502	70,4361	44,6502	66,2596	
44,8145	75,4249	44,8145	70,5322	44,8145	66,4336	44,8145	76,0149	44,8145	70,435	44,8145	66,2596	
44,9782	75,4206	44,9782	70,5341	44,9782	66,434	44,9782	76,0172	44,9782	70,4332	44,9782	66,2592	
45,1433	75,4212	45,1433	70,5331	45,1433	66,4336	45,1433	76,0155	45,1433	70,4366	45,1433	66,2599	
45,307	75,4212	45,307	70,5323	45,307	66,4339	45,307	76,0154	45,307	70,4354	45,307	66,2596	
45,4712	75,4186	45,4712	70,5328	45,4712	66,4339	45,4712	76,0155	45,4712	70,435	45,4712	66,2597	
45,6363	75,419	45,6363	70,5317	45,6363	66,4334	45,6363	76,0148	45,6363	70,4364	45,6363	66,2596	
45,8001	75,4207	45,8001	70,5324	45,8001	66,4337	45,8001	76,0146	45,8001	70,435	45,8001	66,2596	
45,9641	75,4166	45,9641	70,5326	45,9641	66,4342	45,9641	76,0102	45,9641	70,4363	45,9641	66,2598	
46,1286	75,4189	46,1286	70,5327	46,1286	66,4338	46,1286	76,0151	46,1286	70,437	46,1286	66,2588	
46,2928	75,4173	46,2928	70,5329	46,2928	66,4329	46,2928	76,015	46,2928	70,4353	46,2928	66,2596	
46,4571	75,4172	46,4571	70,5322	46,4571	66,4338	46,4571	76,0138	46,4571	70,4342	46,4571	66,26	
46,621	75,4179	46,621	70,533	46,621	66,4339	46,621	76,0109	46,621	70,4361	46,621	66,2599	
46,7853	75,4195	46,7853	70,5321	46,7853	66,4329	46,7853	76,0169	46,7853	70,4366	46,7853	66,2598	
46,9492	75,4197	46,9492	70,533	46,9492	66,4334	46,9492	76,0165	46,9492	70,4376	46,9492	66,26	
47,114	75,422	47,114	70,5318	47,114	66,4333	47,114	76,0171	47,114	70,4356	47,114	66,2601	
47,278	75,4218	47,278	70,5319	47,278	66,4325	47,278	76,0194	47,278	70,4363	47,278	66,2598	
47,4424	75,4186	47,4424	70,531	47,4424	66,4332	47,4424	76,0146	47,4424	70,4341	47,4424	66,2597	
47,607	75,4214	47,607	70,5315	47,607	66,4331	47,607	76,0119	47,607	70,4339	47,607	66,2598	
47,7719	75,4189	47,7719	70,5313	47,7719	66,4331	47,7719	76,017	47,7719	70,4362	47,7719	66,2598	
47,9364	75,4199	47,9364	70,5321	47,9364	66,4327	47,9364	76,0165	47,9364	70,4369	47,9364	66,2597	
48,1007	75,4206	48,1007	70,5305	48,1007	66,4328	48,1007	76,0187	48,1007	70,4367	48,1007	66,2597	
48,2646	75,4202	48,2646	70,5309	48,2646	66,4325	48,2646	76,0153	48,2646	70,4363	48,2646	66,2597	
48,4286	75,4164	48,4286	70,5309	48,4286	66,4325	48,4286	76,0107	48,4286	70,4364	48,4286	66,2598	
48,5929	75,415	48,5929	70,5326	48,5929	66,4329	48,5929	76,0146	48,5929	70,4366	48,5929	66,2598	
48,7571	75,4182	48,7571	70,5309	48,7571	66,4328	48,7571	76,0166	48,7571	70,4364	48,7571	66,2589	
48,9208	75,4176	48,9208	70,531	48,9208	66,4328	48,9208	76,0137	48,9208	70,4364	48,9208	66,2601	
49,0848	75,417	49,0848	70,5304	49,0848	66,4329	49,0848	76,0159	49,0848	70,4367	49,0848	66,2599	
49,2483	75,4199	49,2483	70,5304	49,2483	66,4325	49,2483	76,0146	49,2483	70,4352	49,2483	66,2593	
49,412	75,4195	49,412	70,5309	49,412	66,4326	49,412	76,0165	49,412	70,437	49,412	66,2596	
49,5755	75,4174	49,5755	70,5315	49,5755	66,4327	49,5755	76,0109	49,5755	70,4347	49,5755	66,2592	
49,7392	75,4194	49,7392	70,5324	49,7392	66,4325	49,7392	76,0169	49,7392	70,435	49,7392	66,2594	
49,9037	75,4195	49,9037	70,5316	49,9037	66,4322	49,9037	76,0174	49,9037	70,4357	49,9037	66,26	
50,0677	75,417	50,0677	70,5293	50,0677	66,4321	50,0677	76,015	50,0677	70,4368	50,0677	66,2599	
50,2322	75,4173	50,2322	70,5316	50,2322	66,4324	50,2322	76,0166	50,2322	70,4345	50,2322	66,2595	
50,3969	75,4193	50,3969	70,5323	50,3969	66,4326	50,3969	76,0159	50,3969	70,4368	50,3969	66,2601	
50,5614	75,4185	50,5614	70,5287	50,5614	66,4327	50,5614	76,0182	50,5614	70,4353	50,5614	66,2597	
50,7251	75,4188	50,7251	70,5309	50,7251	66,4329	50,7251	76,0131	50,7251	70,4364	50,7251	66,26	
50,8888	75,4173	50,8888	70,5302	50,8888	66,4325	50,8888	76,0132	50,8888	70,4355	50,8888	66,2596	
51,0528	75,4156	51,0528	70,5322	51,0528	66,4327	51,0528	76,0153	51,0528	70,4365	51,0528	66,2597	
51,217	75,4151	51,217	70,5302	51,217	66,4326	51,217	76,0146	51,217	70,4352	51,217	66,2599	
51,3813	75,415	51,3813	70,5304	51,3813	66,4325	51,3813	76,0168	51,3813	70,4374	51,3813	66,2598	
51,5455	75,4168	51,5455	70,5327	51,5455	66,4326	51,5455	76,0151	51,5455	70,4373	51,5455	66,2598	
51,7098	75,4207	51,7098	70,5302	51,7098	66,4322	51,7098	76,0165	51,7098	70,4368	51,7098	66,26	
51,8741	75,42	51,8741	70,5305	51,8741	66,4322	51,8741	76,0156	51,8741	70,4352	51,8741	66,2598	
52,0383	75,4164	52,0383	70,5298	52,0383	66,4333	52,0383	76,0166	52,0383	70,435	52,0383	66,2594	
52,2023	75,4178	52,2023	70,5309	52,2023	66,4322	52,2023	76,0163	52,2023	70,4351	52,2023	66,2598	
52,3671	75,4217	52,3671	70,5305	52,3671	66,4329	52,3671	76,0172	52,3671	70,4356	52,3671	66,26	
52,5313	75,4169	52,5313	70,53	52,5313	66,4323	52,5313	76,0172	52,5313	70,4374	52,5313	66,2602	
52,695	75,4178	52,695	70,5306	52,695	66,4325	52,695	76,0166	52,695	70,435	52,695	66,2597	
52,8587	75,418	52,8587	70,5303	52,8587	66,4323	52,8587	76,0121	52,8587	70,4376	52,8587	66,26	
53,0227	75,4168	53,0227	70,5302	53,0227	66,432	53,0227	76,0166	53,0227	70,4377	53,0227	66,2597	
53,1872	75,4185	53,1872	70,5308	53,1872	66,4321	53,1872	76,0164	53,1872	70,435	53,1872	66,26	
53,3509	75,419	53,3509	70,53	53,3509	66,4319	53,3509	76,0165	53,3509	70,435	53,3509	66,2596	
53,5154	75,4152	53,5154	70,5299	53,5154	66,4329	53,5154	76,0165	53,5154	70,435	53,5154	66,26	
53,6799	75,4171	53,6799	70,5315	53,6799	66,4322	53,6799	76,0167	53,6799	70,4357	53,6799	66,26	
53,8436	75,4168	53,8436	70,5301	53,8436	66,4331	53,8436	76,0157	53,8436	70,4369	53,8436	66,2598	
54,0074	75,4148	54,0074	70,5293	54,0074	66,4321	54,0074	76,0151	54,0074	70,4372	54,0074	66,2601	
54,1713	75,417	54,1713	70,529	54,1713	66,4321	54,1713	76,0164	54,1713	70,4344	54,1713	66,2592	
54,3362	75,4174	54,3362	70,5295	54,3362	66,4323	54,3362	76,0152	54,3362	70,4347	54,3362	66,2591	
54,5001	75,4111	54,5001	70,5276	54,5001	66,4316	54,5001	76,0153	54,5001	70,4375	54,5001	66,259	
54,6647	75,4175	54,6647	70,5304	54,6647	66,4319	54,6647	76,0167	54,6647	70,4364	54,6647	66,2585	
54,8287	75,4138	54,8287	70,5312	54,8287	66,4317	54,8287	76,0143	54,8287	70,4367	54,8287	66,2598	
54,9927	75,4137	54,9927	70,5296	54,9927	66,4319	54,9927	76,0106	54,9927	70,4356	54,9927	66,26	
55,1567	75,4196	55,1567	70,5299	55,1567	66,4321	55,1567	76,0188	55,1567	70,4369	55,1567	66,2602	
55,3206	75,4149	55,3206	70,5299	55,3206	66,4311	55,3206	76,0178	55,3206	70,4371	55,3206	66,2604	
55,4851	75,4176	55,4851	70,5309	55,4851	66,4326	55,4851	76,0164	55,4851	70,4357	55,4851	66,2598	
55,6488	75,4156	55,6488	70,5284	55,6488	66,4318	55,6488	76,0154	55,6488	70,4367	55,6488	66,2601	
55,8131	75,414	55,8131	70,53	55,8131	66,432	55,8131	76,0112	55,8131	70,4353	55,8131	66,26	
55,9766	75,4175	55,9766	70,5273	55,9766	66,4324	55,9766	76,0171	55,9766	70,4373	55,9766	66,2601	
56,1403	75,4126	56,1403	70,5285	56,1403	66,4319	56,1403	76,0155	56,1403	70,4359	56,1403	66,2599	
56,304	75,4153	56,304	70,5284	56,304	66,4327	56,304	76,0145	56,304	70,4368	56,304	66,2599	
56,468	75,4158	56,468	70,529	56,468	66,4321	56,468	76,0159	56,468	70,4373	56,468	66,26	
56,6317	75,4171	56,6317	70,531	56,6317	66,4315	56,6317	76,0174	56,6317	70,4351	56,6317	66,2594	
56,7957	75,4165	56,7957	70,5289	56,7957	66,4317	56,7957	76,0168	56,7957	70,4369	56,7957	66,2603	
56,9603	75,4173	56,9603	70,5276	56,9603	66,4324	56,9603	76,0152	56,9603	70,4375	56,9603	66,26	
57,1243	75,4182	57,1243	70,5292	57,1243	66,4313	57,1243	76,0165	57,1243	70,4358	57,1243	66,2598	
57,2886	75,4128	57,2886	70,5275	57,2886	66,4313	57,2886	76,0155	57,2886	70,437	57,2886	66,2599	
57,4526	75,4155	57,4526	70,5293	57,4526	66,4315	57,4526	76,0173	57,4526	70,4363	57,4526	66,2593	
57,6171	75,4153	57,6171	70,5282	57,6171	66,4315	57,6171	76,0167	57,6171	70,4351	57,6171	66,26	
57,7809	75,4183	57,7809	70,528	57,7809	66,4312	57,7809	76,0172	57,7809	70,4363	57,7809	66,2602	
57,9451	75,4154	57,9451	70,5279	57,9451	66,4313	57,9451	76,0198	57,9451	70,4346	57,9451	66,2598	
58,1088	75,4177	58,1088	70,5295	58,1088	66,4315	58,1088	76,0134	58,1088	70,4376	58,1088	66,2596	
58,2728	75,416	58,2728	70,5288	58,2728	66,4307	58,2728	76,0172	58,2728	70,4359	58,2728	66,2603	
58,4371	75,4141	58,4371	70,5284	58,4371	66,4314	58,4371	76,0156	58,4371	70,4371	58,4371	66,2596	
58,6013	75,4121	58,6013	70,5294	58,6013	66,4315	58,6013	76,0151	58,6013	70,437	58,6013	66,2594	
58,7663	75,4153	58,7663	70,5276	58,7663	66,431	58,7663	76,0155	58,7663	70,4368	58,7663	66,2605	
58,9298	75,4159	58,9298	70,5293	58,9298	66,4316	58,9298	76,0187	58,9298	70,437	58,9298	66,2593	
59,0935	75,4149	59,0935	70,5262	59,0935	66,4311	59,0935	76,017	59,0935	70,4384	59,0935	66,2599	
59,2577	75,4163	59,2577	70,5281	59,2577	66,4318	59,2577	76,0127	59,2577	70,4354	59,2577	66,26	
59,4217	75,4136	59,4217	70,5288	59,4217	66,4317	59,4217	76,0161	59,4217	70,4374	59,4217	66,2598	
59,5858	75,413	59,5858	70,5279	59,5858	66,4313	59,5858	76,0132	59,5858	70,4355	59,5858	66,2604	
59,75	75,4116	59,75	70,529	59,75	66,4312	59,75	76,0144	59,75	70,4367	59,75	66,26	
59,9145	75,4147	59,9145	70,5274	59,9145	66,4312	59,9145	76,011	59,9145	70,4367	59,9145	66,2603	
60,0785	75,4157	60,0785	70,5288	60,0785	66,4311	60,0785	76,0153	60,0785	70,4371	60,0785	66,2598	
60,2431	75,412	60,2431	70,5298	60,2431	66,4314	60,2431	76,0127	60,2431	70,4365	60,2431	66,2604	
60,4073	75,416	60,4073	70,5283	60,4073	66,4313	60,4073	76,0112	60,4073	70,4364	60,4073	66,2603	
60,5708	75,4135	60,5708	70,5271	60,5708	66,431	60,5708	76,0154	60,5708	70,4371	60,5708	66,2605	
60,7359	75,4149	60,7359	70,5296	60,7359	66,4313	60,7359	76,0146	60,7359	70,4375	60,7359	66,2606	
60,9001	75,4151	60,9001	70,5287	60,9001	66,4312	60,9001	76,0159	60,9001	70,437	60,9001	66,2604	
61,0641	75,4122	61,0641	70,5283	61,0641	66,4311	61,0641	76,0161	61,0641	70,4349	61,0641	66,2595	
61,2285	75,4147	61,2285	70,5263	61,2285	66,4313	61,2285	76,0153	61,2285	70,4366	61,2285	66,2602	
61,3927	75,4157	61,3927	70,5263	61,3927	66,4314	61,3927	76,0163	61,3927	70,437	61,3927	66,2602	
61,5578	75,4145	61,5578	70,5293	61,5578	66,431	61,5578	76,0161	61,5578	70,4367	61,5578	66,2604	
61,7217	75,4165	61,7217	70,5277	61,7217	66,4311	61,7217	76,016	61,7217	70,4379	61,7217	66,2603	
61,886	75,4149	61,886	70,5264	61,886	66,4309	61,886	76,0161	61,886	70,4365	61,886	66,2607	
62,0497	75,4165	62,0497	70,5273	62,0497	66,4318	62,0497	76,016	62,0497	70,437	62,0497	66,2604	
62,2132	75,4163	62,2132	70,5265	62,2132	66,4306	62,2132	76,0169	62,2132	70,4369	62,2132	66,2603	
62,3766	75,414	62,3766	70,5257	62,3766	66,431	62,3766	76,0152	62,3766	70,4369	62,3766	66,2604	
62,5408	75,4149	62,5408	70,527	62,5408	66,4315	62,5408	76,0168	62,5408	70,4359	62,5408	66,26	
62,7051	75,424	62,7051	70,5268	62,7051	66,4311	62,7051	76,0118	62,7051	70,4374	62,7051	66,2604	
62,8688	75,4144	62,8688	70,5274	62,8688	66,4311	62,8688	76,0164	62,8688	70,437	62,8688	66,2604	
63,0328	75,4117	63,0328	70,5269	63,0328	66,4307	63,0328	76,0158	63,0328	70,4357	63,0328	66,2601	
63,1968	75,4154	63,1968	70,5264	63,1968	66,4309	63,1968	76,0144	63,1968	70,4368	63,1968	66,2603	
63,361	75,4135	63,361	70,5267	63,361	66,4311	63,361	76,0154	63,361	70,4372	63,361	66,2603	
63,5247	75,4137	63,5247	70,5267	63,5247	66,431	63,5247	76,0155	63,5247	70,4365	63,5247	66,2601	
63,689	75,4174	63,689	70,5267	63,689	66,4308	63,689	76,0177	63,689	70,4351	63,689	66,2604	
63,8546	75,4162	63,8546	70,5265	63,8546	66,4317	63,8546	76,0176	63,8546	70,4354	63,8546	66,2603	
64,0185	75,4139	64,0185	70,5277	64,0185	66,4312	64,0185	76,0139	64,0185	70,4366	64,0185	66,2598	
64,1834	75,4133	64,1834	70,527	64,1834	66,4316	64,1834	76,0148	64,1834	70,435	64,1834	66,2598	
64,3474	75,4113	64,3474	70,5247	64,3474	66,4305	64,3474	76,0161	64,3474	70,435	64,3474	66,2601	
64,5118	75,4161	64,5118	70,5257	64,5118	66,4319	64,5118	76,0164	64,5118	70,437	64,5118	66,2602	
64,6758	75,412	64,6758	70,5278	64,6758	66,4302	64,6758	76,0145	64,6758	70,4353	64,6758	66,2602	
64,8398	75,4135	64,8398	70,5265	64,8398	66,431	64,8398	76,0123	64,8398	70,4354	64,8398	66,2594	
65,0033	75,4149	65,0033	70,5264	65,0033	66,4308	65,0033	76,0162	65,0033	70,4355	65,0033	66,2603	
65,167	75,4177	65,167	70,529	65,167	66,4306	65,167	76,0179	65,167	70,4384	65,167	66,2595	
65,3313	75,4165	65,3313	70,5267	65,3313	66,4304	65,3313	76,0188	65,3313	70,4373	65,3313	66,26	
65,4955	75,4151	65,4955	70,5261	65,4955	66,4304	65,4955	76,018	65,4955	70,4357	65,4955	66,2602	
65,659	75,4126	65,659	70,5277	65,659	66,4305	65,659	76,0174	65,659	70,4366	65,659	66,2599	
65,8227	75,4108	65,8227	70,5268	65,8227	66,4312	65,8227	76,0158	65,8227	70,4369	65,8227	66,2603	
65,9862	75,414	65,9862	70,5272	65,9862	66,4302	65,9862	76,0154	65,9862	70,4365	65,9862	66,2602	
66,1504	75,4143	66,1504	70,5261	66,1504	66,4301	66,1504	76,0125	66,1504	70,4369	66,1504	66,2602	
66,3152	75,4117	66,3152	70,5263	66,3152	66,43	66,3152	76,0133	66,3152	70,4361	66,3152	66,2602	
66,4805	75,4132	66,4805	70,5264	66,4805	66,4307	66,4805	76,0151	66,4805	70,4347	66,4805	66,2603	
66,6451	75,4141	66,6451	70,5293	66,6451	66,4306	66,6451	76,0167	66,6451	70,4372	66,6451	66,2604	
66,8089	75,4142	66,8089	70,5276	66,8089	66,4311	66,8089	76,015	66,8089	70,4374	66,8089	66,2599	
66,9729	75,4115	66,9729	70,527	66,9729	66,4304	66,9729	76,0169	66,9729	70,4372	66,9729	66,2599	
67,1366	75,4125	67,1366	70,5264	67,1366	66,4306	67,1366	76,0112	67,1366	70,4374	67,1366	66,2605	
67,3006	75,4153	67,3006	70,5271	67,3006	66,4315	67,3006	76,0117	67,3006	70,4371	67,3006	66,2606	
67,464	75,4145	67,464	70,5265	67,464	66,4303	67,464	76,0109	67,464	70,4353	67,464	66,2603	
67,6274	75,4148	67,6274	70,5247	67,6274	66,4307	67,6274	76,0189	67,6274	70,4365	67,6274	66,2601	
67,7912	75,4103	67,7912	70,5261	67,7912	66,43	67,7912	76,0112	67,7912	70,4347	67,7912	66,26	
67,9551	75,4212	67,9551	70,5265	67,9551	66,4299	67,9551	76,0155	67,9551	70,4363	67,9551	66,2601	
68,1191	75,4099	68,1191	70,5253	68,1191	66,4305	68,1191	76,0153	68,1191	70,4369	68,1191	66,2602	
68,2831	75,4142	68,2831	70,5254	68,2831	66,4304	68,2831	76,0159	68,2831	70,437	68,2831	66,2599	
68,4476	75,4128	68,4476	70,5267	68,4476	66,4297	68,4476	76,0161	68,4476	70,4363	68,4476	66,2602	
68,6116	75,4227	68,6116	70,5269	68,6116	66,4303	68,6116	76,0168	68,6116	70,4371	68,6116	66,2601	
68,7751	75,4142	68,7751	70,5261	68,7751	66,4308	68,7751	76,0163	68,7751	70,4367	68,7751	66,2603	
68,939	75,4126	68,939	70,5258	68,939	66,4298	68,939	76,0149	68,939	70,4359	68,939	66,2602	
69,1027	75,412	69,1027	70,5251	69,1027	66,4301	69,1027	76,0146	69,1027	70,4369	69,1027	66,2602	
69,2667	75,4141	69,2667	70,5284	69,2667	66,4298	69,2667	76,0177	69,2667	70,4361	69,2667	66,2601	
69,4307	75,4147	69,4307	70,5266	69,4307	66,4307	69,4307	76,0153	69,4307	70,4356	69,4307	66,2603	
69,5945	75,4113	69,5945	70,524	69,5945	66,4301	69,5945	76,0172	69,5945	70,4349	69,5945	66,2601	
69,7584	75,4144	69,7584	70,5258	69,7584	66,4304	69,7584	76,0163	69,7584	70,4354	69,7584	66,26	
69,9227	75,4129	69,9227	70,5264	69,9227	66,4304	69,9227	76,0165	69,9227	70,4376	69,9227	66,2605	
70,0866	75,4149	70,0866	70,5271	70,0866	66,4298	70,0866	76,0155	70,0866	70,4355	70,0866	66,2601	
70,2506	75,414	70,2506	70,526	70,2506	66,4298	70,2506	76,0164	70,2506	70,4353	70,2506	66,2599	
70,4149	75,414	70,4149	70,5263	70,4149	66,4302	70,4149	76,0164	70,4149	70,4374	70,4149	66,2603	
70,5791	75,4145	70,5791	70,5259	70,5791	66,4297	70,5791	76,016	70,5791	70,4356	70,5791	66,26	
70,7426	75,4126	70,7426	70,526	70,7426	66,4305	70,7426	76,016	70,7426	70,4371	70,7426	66,2601	
70,9066	75,4148	70,9066	70,526	70,9066	66,43	70,9066	76,017	70,9066	70,4353	70,9066	66,2597	
71,0711	75,4148	71,0711	70,5271	71,0711	66,4298	71,0711	76,0191	71,0711	70,4347	71,0711	66,2603	
71,2348	75,4125	71,2348	70,524	71,2348	66,4308	71,2348	76,0174	71,2348	70,438	71,2348	66,2602	
71,3988	75,4158	71,3988	70,5259	71,3988	66,4294	71,3988	76,0156	71,3988	70,4368	71,3988	66,2603	
71,5628	75,4124	71,5628	70,5253	71,5628	66,4293	71,5628	76,0131	71,5628	70,4372	71,5628	66,26	
71,727	75,4136	71,727	70,5268	71,727	66,4297	71,727	76,0161	71,727	70,4373	71,727	66,2595	
71,8904	75,4113	71,8904	70,5263	71,8904	66,4291	71,8904	76,018	71,8904	70,4361	71,8904	66,26	
72,0545	75,4126	72,0545	70,5231	72,0545	66,4306	72,0545	76,0169	72,0545	70,4365	72,0545	66,2603	
72,218	75,4149	72,218	70,5256	72,218	66,4295	72,218	76,0168	72,218	70,4377	72,218	66,2604	
72,3823	75,4134	72,3823	70,5249	72,3823	66,4304	72,3823	76,0155	72,3823	70,4374	72,3823	66,2599	
72,5461	75,4145	72,5461	70,5246	72,5461	66,4298	72,5461	76,0169	72,5461	70,4357	72,5461	66,2604	
72,7103	75,4168	72,7103	70,5276	72,7103	66,4302	72,7103	76,0172	72,7103	70,4356	72,7103	66,2601	
72,8743	75,4383	72,8743	70,5768	72,8743	66,4548	72,8743	76,0158	72,8743	70,4364	72,8743	66,2602	
73,0383	75,4492	73,0383	70,6102	73,0383	66,4807	73,0383	76,0171	73,0383	70,4356	73,0383	66,2601	
73,2017	75,4461	73,2017	70,6083	73,2017	66,4819	73,2017	76,0163	73,2017	70,4356	73,2017	66,2604	
73,3652	75,4397	73,3652	70,6081	73,3652	66,4841	73,3652	76,017	73,3652	70,4368	73,3652	66,2603	
73,5289	75,4442	73,5289	70,6078	73,5289	66,4867	73,5289	76,0168	73,5289	70,4366	73,5289	66,2604	
73,6929	75,4486	73,6929	70,6065	73,6929	66,4859	73,6929	76,0177	73,6929	70,4374	73,6929	66,2605	
73,8567	75,4437	73,8567	70,6076	73,8567	66,4866	73,8567	76,0184	73,8567	70,4375	73,8567	66,2605	
74,0204	75,4516	74,0204	70,6067	74,0204	66,4866	74,0204	76,0178	74,0204	70,4379	74,0204	66,2608	
74,1839	75,4467	74,1839	70,6044	74,1839	66,4859	74,1839	76,0209	74,1839	70,4389	74,1839	66,2607	
74,3473	75,4435	74,3473	70,6049	74,3473	66,4857	74,3473	76,0194	74,3473	70,4384	74,3473	66,2609	
74,5113	75,4397	74,5113	70,6025	74,5113	66,486	74,5113	76,0214	74,5113	70,4363	74,5113	66,2608	
74,675	75,4427	74,675	70,6023	74,675	66,4847	74,675	76,0176	74,675	70,4384	74,675	66,2598	
74,839	75,4413	74,839	70,601	74,839	66,4845	74,839	76,0177	74,839	70,4371	74,839	66,2606	
75,003	75,4378	75,003	70,6007	75,003	66,4844	75,003	76,0175	75,003	70,4388	75,003	66,2603	
75,1664	75,442	75,1664	70,599	75,1664	66,4842	75,1664	76,019	75,1664	70,4373	75,1664	66,2611	
75,3301	75,44	75,3301	70,5989	75,3301	66,4833	75,3301	76,0174	75,3301	70,4387	75,3301	66,2611	
75,4936	75,4417	75,4936	70,5984	75,4936	66,4827	75,4936	76,0205	75,4936	70,4376	75,4936	66,2604	
75,6573	75,4395	75,6573	70,5974	75,6573	66,4832	75,6573	76,0188	75,6573	70,439	75,6573	66,2613	
75,8213	75,44	75,8213	70,5974	75,8213	66,4826	75,8213	76,0193	75,8213	70,4388	75,8213	66,2607	
75,9847	75,4419	75,9847	70,5943	75,9847	66,4826	75,9847	76,0172	75,9847	70,4364	75,9847	66,2613	
76,1484	75,4407	76,1484	70,5948	76,1484	66,4834	76,1484	76,0208	76,1484	70,4382	76,1484	66,2613	
76,3124	75,4373	76,3124	70,595	76,3124	66,4812	76,3124	76,0207	76,3124	70,4379	76,3124	66,2612	
76,4764	75,4401	76,4764	70,5932	76,4764	66,4817	76,4764	76,0209	76,4764	70,4381	76,4764	66,2611	
76,6398	75,445	76,6398	70,5931	76,6398	66,482	76,6398	76,0202	76,6398	70,4398	76,6398	66,2611	
76,8038	75,4396	76,8038	70,5948	76,8038	66,4827	76,8038	76,0207	76,8038	70,4388	76,8038	66,261	
76,9684	75,4371	76,9684	70,5925	76,9684	66,4815	76,9684	76,0204	76,9684	70,4395	76,9684	66,2609	
77,1321	75,4401	77,1321	70,5942	77,1321	66,4803	77,1321	76,0226	77,1321	70,439	77,1321	66,2614	
77,2958	75,434	77,2958	70,5946	77,2958	66,4808	77,2958	76,0176	77,2958	70,4403	77,2958	66,2612	
77,4595	75,437	77,4595	70,5933	77,4595	66,4812	77,4595	76,0185	77,4595	70,4376	77,4595	66,2614	
77,6229	75,438	77,6229	70,5939	77,6229	66,4803	77,6229	76,0198	77,6229	70,4386	77,6229	66,2611	
77,7864	75,4377	77,7864	70,5912	77,7864	66,4811	77,7864	76,0189	77,7864	70,4393	77,7864	66,2615	
77,9501	75,445	77,9501	70,5931	77,9501	66,4814	77,9501	76,019	77,9501	70,4391	77,9501	66,2618	
78,1143	75,4392	78,1143	70,5932	78,1143	66,482	78,1143	76,0195	78,1143	70,4379	78,1143	66,2616	
78,278	75,4419	78,278	70,5903	78,278	66,4805	78,278	76,0202	78,278	70,4389	78,278	66,2616	
78,4415	75,4391	78,4415	70,5923	78,4415	66,4804	78,4415	76,0203	78,4415	70,4378	78,4415	66,2605	
78,6052	75,4384	78,6052	70,592	78,6052	66,48	78,6052	76,0218	78,6052	70,4397	78,6052	66,2615	
78,7692	75,4347	78,7692	70,5912	78,7692	66,4803	78,7692	76,0195	78,7692	70,4395	78,7692	66,2617	
78,9326	75,4403	78,9326	70,5906	78,9326	66,4792	78,9326	76,0202	78,9326	70,4386	78,9326	66,2614	
79,0961	75,4388	79,0961	70,5896	79,0961	66,4786	79,0961	76,0178	79,0961	70,4398	79,0961	66,2618	
79,2598	75,4376	79,2598	70,5881	79,2598	66,479	79,2598	76,0186	79,2598	70,4394	79,2598	66,2617	
79,4235	75,4393	79,4235	70,5908	79,4235	66,4786	79,4235	76,0171	79,4235	70,4385	79,4235	66,2618	
79,587	75,4372	79,587	70,5905	79,587	66,4785	79,587	76,02	79,587	70,4396	79,587	66,2619	
79,7504	75,4387	79,7504	70,5898	79,7504	66,4787	79,7504	76,0212	79,7504	70,4408	79,7504	66,2618	
79,9138	75,4387	79,9138	70,5887	79,9138	66,4779	79,9138	76,0213	79,9138	70,4402	79,9138	66,2619	
80,0773	75,4334	80,0773	70,5887	80,0773	66,4788	80,0773	76,0188	80,0773	70,4391	80,0773	66,2617	
80,2408	75,437	80,2408	70,5859	80,2408	66,4775	80,2408	76,0212	80,2408	70,4399	80,2408	66,2616	
80,4044	75,4351	80,4044	70,5877	80,4044	66,4782	80,4044	76,0191	80,4044	70,4401	80,4044	66,2619	
80,5693	75,4341	80,5693	70,5856	80,5693	66,4764	80,5693	76,0201	80,5693	70,4413	80,5693	66,2619	
80,7327	75,4328	80,7327	70,5849	80,7327	66,4751	80,7327	76,0181	80,7327	70,4403	80,7327	66,2617	
80,8964	75,437	80,8964	70,5826	80,8964	66,4732	80,8964	76,0209	80,8964	70,4405	80,8964	66,2617	
81,0612	75,4339	81,0612	70,5796	81,0612	66,4695	81,0612	76,0216	81,0612	70,4388	81,0612	66,2616	
81,2258	75,4326	81,2258	70,5737	81,2258	66,4672	81,2258	76,0214	81,2258	70,44	81,2258	66,2618	
81,39	75,4295	81,39	70,5735	81,39	66,4654	81,39	76,0205	81,39	70,4405	81,39	66,2617	
81,554	75,4279	81,554	70,572	81,554	66,4625	81,554	76,0145	81,554	70,4402	81,554	66,2614	
81,7191	75,4278	81,7191	70,5648	81,7191	66,4597	81,7191	76,0205	81,7191	70,4389	81,7191	66,2615	
81,8833	75,4144	81,8833	70,5391	81,8833	66,4435	81,8833	76,0187	81,8833	70,439	81,8833	66,2612	
82,0478	75,3993	82,0478	70,5023	82,0478	66,4222	82,0478	76,0181	82,0478	70,4384	82,0478	66,2611	
82,2118	75,3895	82,2118	70,4869	82,2118	66,4105	82,2118	76,0194	82,2118	70,4387	82,2118	66,2614	
82,3761	75,3877	82,3761	70,4785	82,3761	66,4035	82,3761	76,0198	82,3761	70,4375	82,3761	66,2609	
82,5403	75,3862	82,5403	70,4732	82,5403	66,4026	82,5403	76,0182	82,5403	70,4369	82,5403	66,2612	
82,7046	75,3862	82,7046	70,47	82,7046	66,4	82,7046	76,0186	82,7046	70,4373	82,7046	66,2614	
82,8691	75,3824	82,8691	70,4683	82,8691	66,3989	82,8691	76,0195	82,8691	70,4374	82,8691	66,2609	
83,0328	75,378	83,0328	70,4691	83,0328	66,398	83,0328	76,013	83,0328	70,4389	83,0328	66,2609	
83,1974	75,3741	83,1974	70,4656	83,1974	66,3982	83,1974	76,0179	83,1974	70,4382	83,1974	66,2609	
83,3614	75,3867	83,3614	70,4672	83,3614	66,3982	83,3614	76,0199	83,3614	70,4386	83,3614	66,2611	
83,5254	75,3742	83,5254	70,4669	83,5254	66,3977	83,5254	76,0178	83,5254	70,4383	83,5254	66,2611	
83,6893	75,3736	83,6893	70,4643	83,6893	66,3967	83,6893	76,0169	83,6893	70,4377	83,6893	66,261	
83,8539	75,3839	83,8539	70,4639	83,8539	66,3965	83,8539	76,018	83,8539	70,4389	83,8539	66,2609	
84,0184	75,3846	84,0184	70,4639	84,0184	66,3971	84,0184	76,0185	84,0184	70,4373	84,0184	66,2604	
84,1829	75,384	84,1829	70,4637	84,1829	66,3963	84,1829	76,0188	84,1829	70,4381	84,1829	66,2608	
84,3469	75,3853	84,3469	70,4636	84,3469	66,3972	84,3469	76,0179	84,3469	70,438	84,3469	66,2613	
84,5115	75,3772	84,5115	70,4636	84,5115	66,3961	84,5115	76,0167	84,5115	70,4375	84,5115	66,2609	
84,6755	75,3796	84,6755	70,4649	84,6755	66,3947	84,6755	76,0175	84,6755	70,4383	84,6755	66,2605	
84,8403	75,3753	84,8403	70,4641	84,8403	66,3957	84,8403	76,0178	84,8403	70,4381	84,8403	66,2603	
85,0043	75,3843	85,0043	70,4623	85,0043	66,396	85,0043	76,0181	85,0043	70,4364	85,0043	66,261	
85,1686	75,3752	85,1686	70,4628	85,1686	66,3952	85,1686	76,0199	85,1686	70,4382	85,1686	66,261	
85,3331	75,3774	85,3331	70,4644	85,3331	66,3938	85,3331	76,018	85,3331	70,4384	85,3331	66,2608	
85,4974	75,3827	85,4974	70,4615	85,4974	66,3957	85,4974	76,0174	85,4974	70,4384	85,4974	66,2611	
85,661	75,378	85,661	70,4629	85,661	66,3947	85,661	76,0162	85,661	70,4365	85,661	66,2612	
85,8248	75,3839	85,8248	70,4623	85,8248	66,395	85,8248	76,0199	85,8248	70,4386	85,8248	66,261	
85,9887	75,384	85,9887	70,4617	85,9887	66,3949	85,9887	76,0184	85,9887	70,4387	85,9887	66,2609	
86,1527	75,375	86,1527	70,4626	86,1527	66,3949	86,1527	76,0172	86,1527	70,4385	86,1527	66,2609	
86,317	75,3745	86,317	70,4616	86,317	66,3943	86,317	76,0171	86,317	70,4378	86,317	66,2612	
86,4815	75,3827	86,4815	70,4619	86,4815	66,3945	86,4815	76,0183	86,4815	70,4383	86,4815	66,2609	
86,6455	75,378	86,6455	70,4599	86,6455	66,3942	86,6455	76,0199	86,6455	70,4387	86,6455	66,261	
86,8092	75,3814	86,8092	70,4619	86,8092	66,3933	86,8092	76,0166	86,8092	70,438	86,8092	66,2609	
86,9737	75,3743	86,9737	70,4591	86,9737	66,394	86,9737	76,0173	86,9737	70,4386	86,9737	66,2603	
87,1374	75,3827	87,1374	70,4588	87,1374	66,3943	87,1374	76,0163	87,1374	70,4381	87,1374	66,2608	
87,3009	75,3836	87,3009	70,4598	87,3009	66,3942	87,3009	76,0176	87,3009	70,4367	87,3009	66,2608	
87,4652	75,3771	87,4652	70,462	87,4652	66,3942	87,4652	76,0202	87,4652	70,4375	87,4652	66,2611	
87,63	75,3704	87,63	70,4607	87,63	66,3939	87,63	76,0164	87,63	70,4377	87,63	66,261	
87,794	75,3747	87,794	70,4597	87,794	66,3946	87,794	76,0183	87,794	70,4373	87,794	66,2601	
87,958	75,3743	87,958	70,4608	87,958	66,3937	87,958	76,0162	87,958	70,438	87,958	66,2612	
88,1231	75,3825	88,1231	70,4625	88,1231	66,3941	88,1231	76,0183	88,1231	70,4381	88,1231	66,2609	
88,2876	75,3766	88,2876	70,4577	88,2876	66,3934	88,2876	76,0178	88,2876	70,437	88,2876	66,2607	
88,4513	75,3817	88,4513	70,4611	88,4513	66,3937	88,4513	76,0185	88,4513	70,4385	88,4513	66,2608	
