Time (min) - L1 670nm	 - L1 670nm	Time (min) - L2 785nm	 - L2 785nm	Time (min) - L3 980nm	 - L3 980nm	Time (min) - L5 670nm	 - L5 670nm	Time (min) - L6 785nm	 - L6 785nm	Time (min) - L7 980nm	 - L7 980nm	
0,17415	75,3841	0,17415	70,4644	0,17415	66,3951	0,17415	76,0769	0,17415	70,3833	0,17415	66,2466	
0,338033	75,3794	0,338033	70,4625	0,338033	66,3952	0,338033	76,0768	0,338033	70,3841	0,338033	66,2458	
0,501833	75,3834	0,501833	70,4636	0,501833	66,3957	0,501833	76,0774	0,501833	70,3845	0,501833	66,2458	
0,665817	75,3835	0,665817	70,4625	0,665817	66,3948	0,665817	76,0776	0,665817	70,3843	0,665817	66,2458	
0,829817	75,381	0,829817	70,469	0,829817	66,3949	0,829817	76,0763	0,829817	70,3843	0,829817	66,2458	
0,993533	75,3832	0,993533	70,4625	0,993533	66,3948	0,993533	76,0772	0,993533	70,3847	0,993533	66,2456	
1,15777	75,3846	1,15777	70,4649	1,15777	66,3948	1,15777	76,0781	1,15777	70,3848	1,15777	66,2463	
1,322	75,3872	1,322	70,462	1,322	66,3945	1,322	76,076	1,322	70,3836	1,322	66,2453	
1,48627	75,384	1,48627	70,4687	1,48627	66,3949	1,48627	76,0772	1,48627	70,3828	1,48627	66,2457	
1,6505	75,3828	1,6505	70,4686	1,6505	66,3949	1,6505	76,0781	1,6505	70,3839	1,6505	66,247	
1,8148	75,3831	1,8148	70,461	1,8148	66,3942	1,8148	76,0774	1,8148	70,3843	1,8148	66,2452	
1,97905	75,3857	1,97905	70,4629	1,97905	66,3949	1,97905	76,0778	1,97905	70,3843	1,97905	66,2463	
2,14302	75,3843	2,14302	70,4682	2,14302	66,3952	2,14302	76,0761	2,14302	70,3843	2,14302	66,2459	
2,30698	75,3833	2,30698	70,4632	2,30698	66,3945	2,30698	76,0761	2,30698	70,3851	2,30698	66,2461	
2,47072	75,3827	2,47072	70,4629	2,47072	66,3946	2,47072	76,0769	2,47072	70,3848	2,47072	66,2455	
2,63498	75,3903	2,63498	70,4631	2,63498	66,3947	2,63498	76,0763	2,63498	70,3841	2,63498	66,2455	
2,7995	75,3841	2,7995	70,4631	2,7995	66,3945	2,7995	76,0748	2,7995	70,3841	2,7995	66,2452	
2,96377	75,3848	2,96377	70,4631	2,96377	66,3945	2,96377	76,0887	2,96377	70,3842	2,96377	66,246	
3,12802	75,3897	3,12802	70,462	3,12802	66,3941	3,12802	76,0771	3,12802	70,3839	3,12802	66,2458	
3,29172	75,3818	3,29172	70,4624	3,29172	66,3942	3,29172	76,076	3,29172	70,3848	3,29172	66,2455	
3,45517	75,3811	3,45517	70,4616	3,45517	66,394	3,45517	76,0772	3,45517	70,3847	3,45517	66,2453	
3,61863	75,3834	3,61863	70,4628	3,61863	66,3944	3,61863	76,0859	3,61863	70,3846	3,61863	66,2454	
3,78262	75,3829	3,78262	70,4605	3,78262	66,3944	3,78262	76,0756	3,78262	70,386	3,78262	66,2458	
3,94767	75,3843	3,94767	70,4655	3,94767	66,394	3,94767	76,0777	3,94767	70,3828	3,94767	66,2457	
4,11235	75,3927	4,11235	70,4628	4,11235	66,3942	4,11235	76,0892	4,11235	70,3845	4,11235	66,2456	
4,27658	75,3911	4,27658	70,4624	4,27658	66,3941	4,27658	76,079	4,27658	70,3827	4,27658	66,2461	
4,44055	75,3903	4,44055	70,4611	4,44055	66,394	4,44055	76,0754	4,44055	70,3841	4,44055	66,246	
4,60455	75,3826	4,60455	70,4615	4,60455	66,3936	4,60455	76,0752	4,60455	70,3842	4,60455	66,2458	
4,76882	75,3877	4,76882	70,464	4,76882	66,394	4,76882	76,0766	4,76882	70,3842	4,76882	66,246	
4,93335	75,3819	4,93335	70,4635	4,93335	66,3948	4,93335	76,0775	4,93335	70,3834	4,93335	66,2461	
5,09707	75,385	5,09707	70,4634	5,09707	66,3941	5,09707	76,0775	5,09707	70,3831	5,09707	66,2461	
5,26162	75,3825	5,26162	70,4628	5,26162	66,394	5,26162	76,0768	5,26162	70,3841	5,26162	66,2461	
5,4259	75,3824	5,4259	70,4597	5,4259	66,3941	5,4259	76,0771	5,4259	70,3851	5,4259	66,2454	
5,59015	75,3846	5,59015	70,4608	5,59015	66,3939	5,59015	76,0758	5,59015	70,3845	5,59015	66,2459	
5,75413	75,3775	5,75413	70,4611	5,75413	66,3943	5,75413	76,0774	5,75413	70,385	5,75413	66,2463	
5,91867	75,3854	5,91867	70,4628	5,91867	66,3946	5,91867	76,0779	5,91867	70,384	5,91867	66,2461	
6,08315	75,3831	6,08315	70,4614	6,08315	66,3944	6,08315	76,0791	6,08315	70,3835	6,08315	66,246	
6,24688	75,3908	6,24688	70,4612	6,24688	66,3942	6,24688	76,0772	6,24688	70,3837	6,24688	66,2455	
6,41143	75,3915	6,41143	70,4607	6,41143	66,3937	6,41143	76,0794	6,41143	70,385	6,41143	66,2455	
6,57542	75,3806	6,57542	70,4607	6,57542	66,3943	6,57542	76,076	6,57542	70,3831	6,57542	66,2455	
6,73965	75,3827	6,73965	70,4606	6,73965	66,3938	6,73965	76,0769	6,73965	70,3835	6,73965	66,2461	
6,90445	75,3836	6,90445	70,4614	6,90445	66,3939	6,90445	76,0771	6,90445	70,3839	6,90445	66,2463	
7,06843	75,3859	7,06843	70,4624	7,06843	66,3944	7,06843	76,0777	7,06843	70,3843	7,06843	66,2453	
7,23217	75,3764	7,23217	70,466	7,23217	66,394	7,23217	76,0735	7,23217	70,3837	7,23217	66,2453	
7,3965	75,3857	7,3965	70,4604	7,3965	66,394	7,3965	76,0773	7,3965	70,3842	7,3965	66,2455	
7,56022	75,3847	7,56022	70,4673	7,56022	66,3939	7,56022	76,0789	7,56022	70,384	7,56022	66,2454	
7,72447	75,3824	7,72447	70,4629	7,72447	66,3944	7,72447	76,0775	7,72447	70,3849	7,72447	66,2455	
7,88897	75,3814	7,88897	70,461	7,88897	66,3939	7,88897	76,0848	7,88897	70,3853	7,88897	66,2459	
8,05297	75,3811	8,05297	70,4636	8,05297	66,3942	8,05297	76,0769	8,05297	70,385	8,05297	66,2456	
8,21858	75,3827	8,21858	70,463	8,21858	66,3942	8,21858	76,0754	8,21858	70,3847	8,21858	66,2454	
8,38327	75,389	8,38327	70,4599	8,38327	66,394	8,38327	76,0757	8,38327	70,3838	8,38327	66,2458	
8,54723	75,3826	8,54723	70,462	8,54723	66,3936	8,54723	76,0846	8,54723	70,3837	8,54723	66,2453	
8,71177	75,3837	8,71177	70,4619	8,71177	66,3938	8,71177	76,0777	8,71177	70,3842	8,71177	66,2456	
8,87575	75,3829	8,87575	70,4614	8,87575	66,3938	8,87575	76,0763	8,87575	70,384	8,87575	66,2456	
9,0392	75,3887	9,0392	70,4606	9,0392	66,394	9,0392	76,0758	9,0392	70,3854	9,0392	66,2456	
9,20343	75,3851	9,20343	70,459	9,20343	66,3939	9,20343	76,0777	9,20343	70,3849	9,20343	66,2458	
9,36823	75,3842	9,36823	70,4614	9,36823	66,3941	9,36823	76,0774	9,36823	70,3849	9,36823	66,2458	
9,53247	75,3829	9,53247	70,4662	9,53247	66,3935	9,53247	76,0782	9,53247	70,3833	9,53247	66,2455	
9,697	75,3846	9,697	70,4609	9,697	66,3939	9,697	76,0773	9,697	70,3847	9,697	66,2464	
9,86147	75,3883	9,86147	70,4603	9,86147	66,3938	9,86147	76,0782	9,86147	70,3836	9,86147	66,2456	
10,0252	75,383	10,0252	70,4601	10,0252	66,3938	10,0252	76,0763	10,0252	70,3838	10,0252	66,2456	
10,1892	75,3821	10,1892	70,4608	10,1892	66,3935	10,1892	76,0764	10,1892	70,3833	10,1892	66,2455	
10,3529	75,3819	10,3529	70,4627	10,3529	66,3925	10,3529	76,0747	10,3529	70,3831	10,3529	66,2471	
10,5166	75,3896	10,5166	70,4616	10,5166	66,394	10,5166	76,0783	10,5166	70,3838	10,5166	66,2462	
10,6809	75,3895	10,6809	70,4659	10,6809	66,3939	10,6809	76,0788	10,6809	70,3837	10,6809	66,2463	
10,8449	75,383	10,8449	70,4604	10,8449	66,3941	10,8449	76,0783	10,8449	70,3856	10,8449	66,2457	
11,0089	75,382	11,0089	70,4618	11,0089	66,3939	11,0089	76,0775	11,0089	70,384	11,0089	66,2461	
11,1723	75,3838	11,1723	70,4628	11,1723	66,394	11,1723	76,0773	11,1723	70,3848	11,1723	66,2459	
11,3361	75,3853	11,3361	70,4631	11,3361	66,3941	11,3361	76,0779	11,3361	70,3843	11,3361	66,2462	
11,5006	75,383	11,5006	70,4619	11,5006	66,3943	11,5006	76,0743	11,5006	70,3839	11,5006	66,2463	
11,6651	75,3843	11,6651	70,4623	11,6651	66,3938	11,6651	76,0774	11,6651	70,3851	11,6651	66,2459	
11,8288	75,3832	11,8288	70,4652	11,8288	66,3935	11,8288	76,0756	11,8288	70,3832	11,8288	66,2458	
11,9929	75,3901	11,9929	70,461	11,9929	66,3938	11,9929	76,0764	11,9929	70,385	11,9929	66,246	
12,1572	75,3796	12,1572	70,4628	12,1572	66,394	12,1572	76,0768	12,1572	70,3848	12,1572	66,2459	
12,3209	75,3831	12,3209	70,4605	12,3209	66,3935	12,3209	76,0765	12,3209	70,3844	12,3209	66,2462	
12,4852	75,3848	12,4852	70,4606	12,4852	66,3945	12,4852	76,0759	12,4852	70,3848	12,4852	66,2462	
12,6487	75,3846	12,6487	70,4665	12,6487	66,3931	12,6487	76,0781	12,6487	70,3837	12,6487	66,2462	
12,8124	75,3851	12,8124	70,4627	12,8124	66,3935	12,8124	76,0769	12,8124	70,3852	12,8124	66,2455	
12,9761	75,3885	12,9761	70,4607	12,9761	66,3939	12,9761	76,0756	12,9761	70,3837	12,9761	66,246	
13,14	75,3816	13,14	70,4597	13,14	66,3936	13,14	76,0753	13,14	70,3841	13,14	66,2458	
13,3041	75,3827	13,3041	70,4626	13,3041	66,3937	13,3041	76,0779	13,3041	70,3859	13,3041	66,2461	
13,4683	75,3778	13,4683	70,4623	13,4683	66,394	13,4683	76,074	13,4683	70,3848	13,4683	66,2459	
13,632	75,3823	13,632	70,4615	13,632	66,3934	13,632	76,0742	13,632	70,3849	13,632	66,2466	
13,7963	75,3837	13,7963	70,4607	13,7963	66,394	13,7963	76,077	13,7963	70,3841	13,7963	66,2462	
13,9603	75,3832	13,9603	70,4608	13,9603	66,3943	13,9603	76,079	13,9603	70,3834	13,9603	66,2467	
14,1237	75,3856	14,1237	70,4617	14,1237	66,3952	14,1237	76,0769	14,1237	70,3856	14,1237	66,2467	
14,2874	75,3901	14,2874	70,4611	14,2874	66,394	14,2874	76,078	14,2874	70,385	14,2874	66,2459	
14,4514	75,3831	14,4514	70,4607	14,4514	66,3941	14,4514	76,0748	14,4514	70,3861	14,4514	66,2465	
14,6153	75,3853	14,6153	70,4612	14,6153	66,3941	14,6153	76,0873	14,6153	70,3848	14,6153	66,2466	
14,7788	75,382	14,7788	70,4612	14,7788	66,3937	14,7788	76,0744	14,7788	70,3859	14,7788	66,2466	
14,9428	75,3891	14,9428	70,4607	14,9428	66,3936	14,9428	76,0762	14,9428	70,3845	14,9428	66,2464	
15,1068	75,3768	15,1068	70,4588	15,1068	66,3935	15,1068	76,0755	15,1068	70,3861	15,1068	66,2462	
15,2708	75,3775	15,2708	70,4612	15,2708	66,3937	15,2708	76,0712	15,2708	70,3858	15,2708	66,2461	
15,4351	75,3805	15,4351	70,4615	15,4351	66,3935	15,4351	76,075	15,4351	70,3852	15,4351	66,2461	
15,5986	75,3872	15,5986	70,463	15,5986	66,3942	15,5986	76,0724	15,5986	70,3854	15,5986	66,2455	
15,7625	75,38	15,7625	70,4629	15,7625	66,3941	15,7625	76,0721	15,7625	70,3845	15,7625	66,2467	
15,9263	75,3804	15,9263	70,4623	15,9263	66,3939	15,9263	76,0692	15,9263	70,3856	15,9263	66,2467	
16,0903	75,3834	16,0903	70,4671	16,0903	66,3938	16,0903	76,0743	16,0903	70,3859	16,0903	66,2466	
16,254	75,3776	16,254	70,4634	16,254	66,3929	16,254	76,073	16,254	70,3852	16,254	66,2462	
16,418	75,3892	16,418	70,4643	16,418	66,3937	16,418	76,0706	16,418	70,3853	16,418	66,2466	
16,5825	75,3828	16,5825	70,4616	16,5825	66,3936	16,5825	76,0732	16,5825	70,3853	16,5825	66,2465	
16,746	75,3839	16,746	70,4626	16,746	66,3939	16,746	76,0706	16,746	70,3849	16,746	66,2467	
16,9102	75,3905	16,9102	70,4622	16,9102	66,3939	16,9102	76,072	16,9102	70,3852	16,9102	66,2467	
17,0739	75,3844	17,0739	70,461	17,0739	66,3935	17,0739	76,072	17,0739	70,3842	17,0739	66,2467	
17,2384	75,3874	17,2384	70,4635	17,2384	66,395	17,2384	76,0713	17,2384	70,3847	17,2384	66,2467	
17,4019	75,3946	17,4019	70,4679	17,4019	66,3967	17,4019	76,0749	17,4019	70,3849	17,4019	66,2465	
17,5656	75,391	17,5656	70,4731	17,5656	66,4	17,5656	76,0714	17,5656	70,3846	17,5656	66,2465	
17,7302	75,3992	17,7302	70,478	17,7302	66,403	17,7302	76,0711	17,7302	70,3846	17,7302	66,2465	
17,8939	75,3971	17,8939	70,4838	17,8939	66,4056	17,8939	76,0671	17,8939	70,3845	17,8939	66,247	
18,0574	75,4035	18,0574	70,4863	18,0574	66,4081	18,0574	76,0676	18,0574	70,3845	18,0574	66,2464	
18,2211	75,3994	18,2211	70,4911	18,2211	66,4108	18,2211	76,0666	18,2211	70,3837	18,2211	66,2464	
18,3846	75,4033	18,3846	70,495	18,3846	66,4123	18,3846	76,0676	18,3846	70,3844	18,3846	66,2463	
18,5483	75,4016	18,5483	70,5	18,5483	66,415	18,5483	76,0623	18,5483	70,3833	18,5483	66,2458	
18,712	75,4058	18,712	70,5031	18,712	66,4177	18,712	76,0649	18,712	70,3834	18,712	66,2458	
18,8763	75,4106	18,8763	70,5082	18,8763	66,4195	18,8763	76,0626	18,8763	70,3835	18,8763	66,2457	
19,0403	75,4129	19,0403	70,5139	19,0403	66,4225	19,0403	76,0652	19,0403	70,3841	19,0403	66,2453	
19,204	75,4137	19,204	70,5151	19,204	66,4243	19,204	76,0635	19,204	70,3834	19,204	66,2456	
19,368	75,4163	19,368	70,5195	19,368	66,4261	19,368	76,0634	19,368	70,3833	19,368	66,2455	
19,5317	75,4167	19,5317	70,5248	19,5317	66,4283	19,5317	76,0595	19,5317	70,383	19,5317	66,2453	
19,6953	75,4192	19,6953	70,5287	19,6953	66,4314	19,6953	76,0599	19,6953	70,3824	19,6953	66,246	
19,8596	75,4222	19,8596	70,5309	19,8596	66,4324	19,8596	76,0614	19,8596	70,3829	19,8596	66,246	
20,023	75,4234	20,023	70,5345	20,023	66,4345	20,023	76,0596	20,023	70,3835	20,023	66,245	
20,1865	75,4243	20,1865	70,5373	20,1865	66,4365	20,1865	76,0599	20,1865	70,3834	20,1865	66,2453	
20,3507	75,4261	20,3507	70,5414	20,3507	66,4383	20,3507	76,0606	20,3507	70,3822	20,3507	66,2448	
20,5142	75,4282	20,5142	70,5444	20,5142	66,4404	20,5142	76,0608	20,5142	70,3833	20,5142	66,2454	
20,6779	75,4322	20,6779	70,5478	20,6779	66,4422	20,6779	76,0623	20,6779	70,3822	20,6779	66,2451	
20,8417	75,4355	20,8417	70,5536	20,8417	66,444	20,8417	76,0595	20,8417	70,3835	20,8417	66,2453	
21,0059	75,437	21,0059	70,557	21,0059	66,4463	21,0059	76,0626	21,0059	70,3838	21,0059	66,2451	
21,1696	75,4323	21,1696	70,5613	21,1696	66,448	21,1696	76,0604	21,1696	70,3831	21,1696	66,2451	
21,3333	75,4389	21,3333	70,5645	21,3333	66,45	21,3333	76,0589	21,3333	70,3831	21,3333	66,2457	
21,4968	75,4423	21,4968	70,569	21,4968	66,4518	21,4968	76,0626	21,4968	70,3825	21,4968	66,2457	
21,6605	75,4435	21,6605	70,5709	21,6605	66,4534	21,6605	76,0628	21,6605	70,3831	21,6605	66,2451	
21,8248	75,4463	21,8248	70,5749	21,8248	66,4561	21,8248	76,0613	21,8248	70,3836	21,8248	66,2452	
21,9885	75,4468	21,9885	70,5762	21,9885	66,458	21,9885	76,0588	21,9885	70,3836	21,9885	66,2447	
22,1525	75,4529	22,1525	70,5815	22,1525	66,4589	22,1525	76,0571	22,1525	70,3838	22,1525	66,2455	
22,3164	75,4465	22,3164	70,5844	22,3164	66,4617	22,3164	76,0594	22,3164	70,3827	22,3164	66,2455	
22,4802	75,4505	22,4802	70,5865	22,4802	66,4631	22,4802	76,0607	22,4802	70,384	22,4802	66,2454	
22,6439	75,4533	22,6439	70,5901	22,6439	66,4637	22,6439	76,0622	22,6439	70,3822	22,6439	66,2455	
22,8076	75,4501	22,8076	70,5911	22,8076	66,4649	22,8076	76,0613	22,8076	70,3831	22,8076	66,2456	
22,9713	75,4566	22,9713	70,5943	22,9713	66,4655	22,9713	76,0585	22,9713	70,3835	22,9713	66,245	
23,135	75,4573	23,135	70,5931	23,135	66,4659	23,135	76,0611	23,135	70,3834	23,135	66,2451	
23,299	75,4531	23,299	70,5927	23,299	66,4665	23,299	76,0611	23,299	70,3838	23,299	66,2454	
23,4635	75,459	23,4635	70,5956	23,4635	66,4674	23,4635	76,0605	23,4635	70,3831	23,4635	66,2457	
23,6273	75,4572	23,6273	70,5967	23,6273	66,4669	23,6273	76,0616	23,6273	70,3834	23,6273	66,2452	
23,7912	75,4596	23,7912	70,5957	23,7912	66,4671	23,7912	76,0612	23,7912	70,3841	23,7912	66,2455	
23,955	75,4585	23,955	70,597	23,955	66,4671	23,955	76,0716	23,955	70,3823	23,955	66,2452	
24,1184	75,4588	24,1184	70,5967	24,1184	66,4688	24,1184	76,0622	24,1184	70,384	24,1184	66,2451	
24,2824	75,4644	24,2824	70,5975	24,2824	66,4681	24,2824	76,061	24,2824	70,3841	24,2824	66,2456	
24,4472	75,46	24,4472	70,5968	24,4472	66,4677	24,4472	76,0623	24,4472	70,3831	24,4472	66,2456	
24,6115	75,4603	24,6115	70,5969	24,6115	66,4671	24,6115	76,0606	24,6115	70,3829	24,6115	66,2453	
24,7754	75,4591	24,7754	70,5968	24,7754	66,4668	24,7754	76,0611	24,7754	70,3834	24,7754	66,2457	
24,9391	75,4584	24,9391	70,5976	24,9391	66,4678	24,9391	76,0599	24,9391	70,3843	24,9391	66,2455	
25,1031	75,4566	25,1031	70,5974	25,1031	66,468	25,1031	76,0621	25,1031	70,3833	25,1031	66,2452	
25,2671	75,4621	25,2671	70,5974	25,2671	66,4673	25,2671	76,0612	25,2671	70,3829	25,2671	66,2451	
25,4308	75,4606	25,4308	70,5965	25,4308	66,4673	25,4308	76,0607	25,4308	70,3842	25,4308	66,2455	
25,5951	75,4566	25,5951	70,5953	25,5951	66,4664	25,5951	76,0602	25,5951	70,3834	25,5951	66,2454	
25,7599	75,4579	25,7599	70,5938	25,7599	66,4653	25,7599	76,0636	25,7599	70,3832	25,7599	66,2453	
25,9241	75,4559	25,9241	70,5907	25,9241	66,464	25,9241	76,0602	25,9241	70,3827	25,9241	66,246	
26,0884	75,4538	26,0884	70,5881	26,0884	66,463	26,0884	76,06	26,0884	70,384	26,0884	66,2452	
26,2529	75,4539	26,2529	70,5867	26,2529	66,4617	26,2529	76,0613	26,2529	70,3839	26,2529	66,2452	
26,4166	75,4532	26,4166	70,5868	26,4166	66,4611	26,4166	76,0618	26,4166	70,3829	26,4166	66,2452	
26,5812	75,4539	26,5812	70,5843	26,5812	66,461	26,5812	76,0616	26,5812	70,3828	26,5812	66,2451	
26,7451	75,4543	26,7451	70,5847	26,7451	66,4596	26,7451	76,0624	26,7451	70,3833	26,7451	66,245	
26,9091	75,4497	26,9091	70,5811	26,9091	66,4588	26,9091	76,0607	26,9091	70,3826	26,9091	66,245	
27,0731	75,4495	27,0731	70,5799	27,0731	66,459	27,0731	76,0603	27,0731	70,3835	27,0731	66,2454	
27,2374	75,452	27,2374	70,5808	27,2374	66,4582	27,2374	76,0625	27,2374	70,3836	27,2374	66,2454	
27,4014	75,4469	27,4014	70,5794	27,4014	66,457	27,4014	76,0584	27,4014	70,3831	27,4014	66,245	
27,5657	75,4522	27,5657	70,5775	27,5657	66,4566	27,5657	76,0586	27,5657	70,3835	27,5657	66,2452	
27,7299	75,4422	27,7299	70,5774	27,7299	66,4558	27,7299	76,0597	27,7299	70,3829	27,7299	66,2448	
27,8941	75,4452	27,8941	70,5766	27,8941	66,4557	27,8941	76,0609	27,8941	70,3826	27,8941	66,2451	
28,0586	75,4418	28,0586	70,5753	28,0586	66,455	28,0586	76,0599	28,0586	70,383	28,0586	66,2455	
28,2232	75,4442	28,2232	70,5721	28,2232	66,4545	28,2232	76,0602	28,2232	70,3847	28,2232	66,2448	
28,3869	75,4372	28,3869	70,5719	28,3869	66,454	28,3869	76,0591	28,3869	70,3834	28,3869	66,2451	
28,5508	75,4456	28,5508	70,5713	28,5508	66,4532	28,5508	76,0561	28,5508	70,3826	28,5508	66,2452	
28,7165	75,4437	28,7165	70,5719	28,7165	66,4531	28,7165	76,0602	28,7165	70,3841	28,7165	66,2455	
28,881	75,4384	28,881	70,5711	28,881	66,4525	28,881	76,0604	28,881	70,3837	28,881	66,2449	
29,0453	75,4423	29,0453	70,5688	29,0453	66,4522	29,0453	76,0606	29,0453	70,3821	29,0453	66,2455	
29,2098	75,4457	29,2098	70,5688	29,2098	66,452	29,2098	76,0566	29,2098	70,3831	29,2098	66,2451	
29,3732	75,4419	29,3732	70,5676	29,3732	66,4519	29,3732	76,0625	29,3732	70,3838	29,3732	66,2449	
29,5367	75,4374	29,5367	70,569	29,5367	66,4515	29,5367	76,0601	29,5367	70,3826	29,5367	66,2456	
29,701	75,4398	29,701	70,5659	29,701	66,4508	29,701	76,0582	29,701	70,3824	29,701	66,2455	
29,8652	75,4424	29,8652	70,5669	29,8652	66,4508	29,8652	76,0611	29,8652	70,3816	29,8652	66,2451	
30,0301	75,4428	30,0301	70,5653	30,0301	66,4504	30,0301	76,0606	30,0301	70,3844	30,0301	66,2449	
30,1951	75,4377	30,1951	70,5664	30,1951	66,4507	30,1951	76,0615	30,1951	70,3843	30,1951	66,2455	
30,3591	75,441	30,3591	70,5646	30,3591	66,4515	30,3591	76,0592	30,3591	70,383	30,3591	66,2449	
30,5228	75,4415	30,5228	70,5642	30,5228	66,4493	30,5228	76,0594	30,5228	70,3832	30,5228	66,2455	
30,6868	75,4424	30,6868	70,5635	30,6868	66,4508	30,6868	76,0604	30,6868	70,3831	30,6868	66,2456	
30,851	75,4392	30,851	70,5625	30,851	66,4493	30,851	76,0582	30,851	70,3834	30,851	66,2454	
31,0153	75,441	31,0153	70,5632	31,0153	66,4495	31,0153	76,0604	31,0153	70,3829	31,0153	66,2455	
31,179	75,4384	31,179	70,5638	31,179	66,4489	31,179	76,0591	31,179	70,3831	31,179	66,2451	
31,3431	75,4397	31,3431	70,5618	31,3431	66,4486	31,3431	76,059	31,3431	70,3828	31,3431	66,2454	
31,5079	75,4398	31,5079	70,5633	31,5079	66,4483	31,5079	76,056	31,5079	70,384	31,5079	66,2456	
31,6724	75,4387	31,6724	70,5613	31,6724	66,4492	31,6724	76,0564	31,6724	70,3824	31,6724	66,2453	
31,8369	75,4377	31,8369	70,5603	31,8369	66,4477	31,8369	76,059	31,8369	70,3836	31,8369	66,2453	
32,0014	75,4373	32,0014	70,5619	32,0014	66,4476	32,0014	76,059	32,0014	70,383	32,0014	66,2459	
32,166	75,437	32,166	70,5608	32,166	66,4475	32,166	76,0557	32,166	70,3837	32,166	66,245	
32,3302	75,4363	32,3302	70,5612	32,3302	66,4483	32,3302	76,0534	32,3302	70,384	32,3302	66,2449	
32,4944	75,4305	32,4944	70,559	32,4944	66,4471	32,4944	76,0526	32,4944	70,3837	32,4944	66,2451	
32,6584	75,4351	32,6584	70,5588	32,6584	66,4463	32,6584	76,0526	32,6584	70,3837	32,6584	66,2443	
32,8229	75,4355	32,8229	70,5576	32,8229	66,4465	32,8229	76,0548	32,8229	70,3843	32,8229	66,2449	
32,9869	75,4373	32,9869	70,5582	32,9869	66,4469	32,9869	76,0546	32,9869	70,3832	32,9869	66,245	
33,1509	75,4376	33,1509	70,5564	33,1509	66,4468	33,1509	76,0529	33,1509	70,3842	33,1509	66,2447	
33,3147	75,4396	33,3147	70,557	33,3147	66,4467	33,3147	76,0543	33,3147	70,3843	33,3147	66,245	
33,4784	75,4371	33,4784	70,5572	33,4784	66,4459	33,4784	76,0551	33,4784	70,384	33,4784	66,2448	
33,6429	75,4334	33,6429	70,558	33,6429	66,446	33,6429	76,0542	33,6429	70,3855	33,6429	66,2462	
33,8066	75,4352	33,8066	70,5561	33,8066	66,4453	33,8066	76,0518	33,8066	70,3852	33,8066	66,2453	
33,9706	75,4391	33,9706	70,5555	33,9706	66,4468	33,9706	76,0485	33,9706	70,3846	33,9706	66,2447	
34,1348	75,4348	34,1348	70,5555	34,1348	66,4448	34,1348	76,0513	34,1348	70,3842	34,1348	66,2451	
34,2989	75,4367	34,2989	70,5576	34,2989	66,4453	34,2989	76,0528	34,2989	70,3848	34,2989	66,2449	
34,4628	75,4375	34,4628	70,5565	34,4628	66,4446	34,4628	76,0506	34,4628	70,3855	34,4628	66,245	
34,6265	75,4324	34,6265	70,5547	34,6265	66,4452	34,6265	76,0527	34,6265	70,3853	34,6265	66,245	
34,7908	75,4324	34,7908	70,5562	34,7908	66,4449	34,7908	76,0488	34,7908	70,3858	34,7908	66,245	
34,9548	75,4348	34,9548	70,5539	34,9548	66,4458	34,9548	76,0531	34,9548	70,3861	34,9548	66,2449	
35,1193	75,4359	35,1193	70,5554	35,1193	66,4448	35,1193	76,0497	35,1193	70,3867	35,1193	66,2454	
35,2828	75,4365	35,2828	70,5558	35,2828	66,4455	35,2828	76,052	35,2828	70,3862	35,2828	66,2452	
35,4473	75,4376	35,4473	70,5553	35,4473	66,4438	35,4473	76,0529	35,4473	70,3865	35,4473	66,2455	
35,6118	75,4333	35,6118	70,5552	35,6118	66,4436	35,6118	76,0501	35,6118	70,387	35,6118	66,2449	
35,7762	75,4349	35,7762	70,5552	35,7762	66,4436	35,7762	76,0476	35,7762	70,3864	35,7762	66,2458	
35,9407	75,4305	35,9407	70,5525	35,9407	66,4443	35,9407	76,0506	35,9407	70,3867	35,9407	66,2455	
36,105	75,4347	36,105	70,5532	36,105	66,4438	36,105	76,0503	36,105	70,3871	36,105	66,2456	
36,2692	75,4301	36,2692	70,5513	36,2692	66,4435	36,2692	76,0505	36,2692	70,3881	36,2692	66,2454	
36,4335	75,4348	36,4335	70,5525	36,4335	66,4434	36,4335	76,0517	36,4335	70,3872	36,4335	66,2458	
36,5974	75,4329	36,5974	70,5513	36,5974	66,4437	36,5974	76,0534	36,5974	70,3866	36,5974	66,2455	
36,7619	75,4294	36,7619	70,5509	36,7619	66,444	36,7619	76,0494	36,7619	70,389	36,7619	66,2452	
36,9262	75,4336	36,9262	70,5509	36,9262	66,4433	36,9262	76,0513	36,9262	70,3876	36,9262	66,2457	
37,0905	75,4312	37,0905	70,5511	37,0905	66,4429	37,0905	76,0492	37,0905	70,3871	37,0905	66,2456	
37,2547	75,4308	37,2547	70,5509	37,2547	66,4429	37,2547	76,0503	37,2547	70,3878	37,2547	66,2455	
37,4181	75,4335	37,4181	70,5525	37,4181	66,4427	37,4181	76,0503	37,4181	70,3896	37,4181	66,2459	
37,5824	75,4348	37,5824	70,5494	37,5824	66,4418	37,5824	76,0527	37,5824	70,3885	37,5824	66,2458	
37,7463	75,4328	37,7463	70,5517	37,7463	66,4433	37,7463	76,0522	37,7463	70,3882	37,7463	66,246	
37,9106	75,4327	37,9106	70,5509	37,9106	66,444	37,9106	76,0526	37,9106	70,39	37,9106	66,2463	
38,075	75,4274	38,075	70,551	38,075	66,442	38,075	76,0482	38,075	70,3904	38,075	66,2461	
38,2398	75,4292	38,2398	70,5501	38,2398	66,4433	38,2398	76,0505	38,2398	70,3895	38,2398	66,2459	
38,4043	75,4309	38,4043	70,5462	38,4043	66,4429	38,4043	76,0473	38,4043	70,3893	38,4043	66,2458	
38,5691	75,4315	38,5691	70,5513	38,5691	66,4421	38,5691	76,0449	38,5691	70,3898	38,5691	66,2465	
38,7333	75,4337	38,7333	70,5515	38,7333	66,4434	38,7333	76,0488	38,7333	70,3901	38,7333	66,246	
38,8976	75,4284	38,8976	70,5467	38,8976	66,4419	38,8976	76,0485	38,8976	70,3913	38,8976	66,2465	
39,0624	75,4322	39,0624	70,5488	39,0624	66,4415	39,0624	76,047	39,0624	70,3911	39,0624	66,2463	
39,2267	75,4321	39,2267	70,5495	39,2267	66,4418	39,2267	76,0506	39,2267	70,3914	39,2267	66,247	
39,3909	75,4339	39,3909	70,5484	39,3909	66,4422	39,3909	76,05	39,3909	70,3919	39,3909	66,2461	
39,5554	75,4318	39,5554	70,549	39,5554	66,4426	39,5554	76,0513	39,5554	70,3927	39,5554	66,2469	
39,7202	75,4308	39,7202	70,549	39,7202	66,4416	39,7202	76,0489	39,7202	70,3924	39,7202	66,2466	
39,8848	75,4279	39,8848	70,5501	39,8848	66,4418	39,8848	76,0509	39,8848	70,3927	39,8848	66,247	
40,0488	75,4331	40,0488	70,5496	40,0488	66,4424	40,0488	76,0494	40,0488	70,3919	40,0488	66,2471	
40,2136	75,4312	40,2136	70,5471	40,2136	66,4418	40,2136	76,0494	40,2136	70,3934	40,2136	66,2466	
40,3775	75,4304	40,3775	70,5497	40,3775	66,4414	40,3775	76,0502	40,3775	70,3928	40,3775	66,2467	
40,5413	75,4294	40,5413	70,5482	40,5413	66,4421	40,5413	76,047	40,5413	70,3934	40,5413	66,247	
40,7055	75,4313	40,7055	70,5487	40,7055	66,4405	40,7055	76,0458	40,7055	70,3941	40,7055	66,2471	
40,8703	75,426	40,8703	70,5476	40,8703	66,4408	40,8703	76,0501	40,8703	70,3935	40,8703	66,2473	
41,0343	75,4315	41,0343	70,5469	41,0343	66,4413	41,0343	76,0454	41,0343	70,3942	41,0343	66,2476	
41,198	75,4291	41,198	70,547	41,198	66,4414	41,198	76,0504	41,198	70,3933	41,198	66,2478	
41,362	75,4318	41,362	70,5471	41,362	66,4408	41,362	76,0491	41,362	70,3945	41,362	66,2472	
41,5255	75,4312	41,5255	70,5484	41,5255	66,4415	41,5255	76,0488	41,5255	70,3949	41,5255	66,2472	
41,6892	75,4311	41,6892	70,549	41,6892	66,441	41,6892	76,0449	41,6892	70,3951	41,6892	66,2475	
41,8537	75,427	41,8537	70,5477	41,8537	66,4412	41,8537	76,0492	41,8537	70,3945	41,8537	66,2478	
42,018	75,43	42,018	70,5464	42,018	66,4402	42,018	76,0502	42,018	70,3942	42,018	66,2474	
42,182	75,4255	42,182	70,5462	42,182	66,4404	42,182	76,045	42,182	70,3945	42,182	66,2477	
42,3457	75,4282	42,3457	70,5467	42,3457	66,44	42,3457	76,0486	42,3457	70,3947	42,3457	66,2479	
42,5102	75,4295	42,5102	70,5477	42,5102	66,4405	42,5102	76,0496	42,5102	70,3947	42,5102	66,2477	
42,674	75,4283	42,674	70,5451	42,674	66,4411	42,674	76,0505	42,674	70,3963	42,674	66,2476	
42,8383	75,4289	42,8383	70,5448	42,8383	66,4401	42,8383	76,0483	42,8383	70,396	42,8383	66,2481	
43,0031	75,4293	43,0031	70,5459	43,0031	66,4404	43,0031	76,0466	43,0031	70,3956	43,0031	66,2482	
43,1674	75,4301	43,1674	70,5464	43,1674	66,44	43,1674	76,0472	43,1674	70,3963	43,1674	66,2481	
43,3313	75,4304	43,3313	70,5448	43,3313	66,4396	43,3313	76,0463	43,3313	70,3952	43,3313	66,2483	
43,4956	75,4302	43,4956	70,5454	43,4956	66,4396	43,4956	76,0454	43,4956	70,3965	43,4956	66,248	
43,6597	75,427	43,6597	70,5451	43,6597	66,4384	43,6597	76,0481	43,6597	70,3975	43,6597	66,2481	
43,8242	75,4285	43,8242	70,5448	43,8242	66,4393	43,8242	76,0465	43,8242	70,3986	43,8242	66,2486	
43,9882	75,4276	43,9882	70,5446	43,9882	66,4404	43,9882	76,045	43,9882	70,3992	43,9882	66,249	
44,1519	75,426	44,1519	70,5436	44,1519	66,4391	44,1519	76,0434	44,1519	70,3992	44,1519	66,2489	
44,3153	75,4292	44,3153	70,544	44,3153	66,4395	44,3153	76,0437	44,3153	70,3987	44,3153	66,2488	
44,4791	75,4271	44,4791	70,5457	44,4791	66,4392	44,4791	76,0459	44,4791	70,3988	44,4791	66,2493	
44,6437	75,4275	44,6437	70,5433	44,6437	66,4395	44,6437	76,0457	44,6437	70,4005	44,6437	66,2493	
44,8074	75,4264	44,8074	70,5433	44,8074	66,4394	44,8074	76,0466	44,8074	70,3988	44,8074	66,2491	
44,9714	75,4262	44,9714	70,5454	44,9714	66,4395	44,9714	76,0449	44,9714	70,3997	44,9714	66,2495	
45,1352	75,4258	45,1352	70,5437	45,1352	66,4396	45,1352	76,043	45,1352	70,4008	45,1352	66,2493	
45,3	75,4264	45,3	70,5436	45,3	66,4392	45,3	76,0432	45,3	70,4003	45,3	66,2494	
45,464	75,4297	45,464	70,5436	45,464	66,439	45,464	76,0433	45,464	70,4012	45,464	66,2498	
45,628	75,4299	45,628	70,5424	45,628	66,4389	45,628	76,0459	45,628	70,4022	45,628	66,25	
45,7928	75,4302	45,7928	70,5438	45,7928	66,4395	45,7928	76,0469	45,7928	70,4032	45,7928	66,2499	
45,9572	75,4278	45,9572	70,5426	45,9572	66,4386	45,9572	76,0462	45,9572	70,4039	45,9572	66,2502	
46,1212	75,4249	46,1212	70,543	46,1212	66,4394	46,1212	76,0444	46,1212	70,4038	46,1212	66,2503	
46,2863	75,4261	46,2863	70,5434	46,2863	66,439	46,2863	76,0445	46,2863	70,4048	46,2863	66,2508	
46,45	75,424	46,45	70,5453	46,45	66,4393	46,45	76,0421	46,45	70,4056	46,45	66,2505	
46,6137	75,4315	46,6137	70,5423	46,6137	66,439	46,6137	76,0423	46,6137	70,4058	46,6137	66,2513	
46,7777	75,4269	46,7777	70,5425	46,7777	66,4388	46,7777	76,0466	46,7777	70,4059	46,7777	66,2511	
46,942	75,4242	46,942	70,5426	46,942	66,4382	46,942	76,0431	46,942	70,406	46,942	66,2508	
47,1065	75,4288	47,1065	70,5419	47,1065	66,4389	47,1065	76,0471	47,1065	70,4064	47,1065	66,2513	
47,2705	75,428	47,2705	70,5433	47,2705	66,4392	47,2705	76,045	47,2705	70,4066	47,2705	66,2512	
47,4348	75,4268	47,4348	70,5419	47,4348	66,4383	47,4348	76,0441	47,4348	70,4067	47,4348	66,2516	
47,599	75,4252	47,599	70,542	47,599	66,4382	47,599	76,0402	47,599	70,4058	47,599	66,2517	
47,7633	75,4264	47,7633	70,5434	47,7633	66,4387	47,7633	76,0428	47,7633	70,407	47,7633	66,2521	
47,9278	75,4273	47,9278	70,5428	47,9278	66,4382	47,9278	76,0426	47,9278	70,4064	47,9278	66,2516	
48,0923	75,4275	48,0923	70,5442	48,0923	66,4389	48,0923	76,0392	48,0923	70,4075	48,0923	66,2516	
48,2566	75,4271	48,2566	70,5412	48,2566	66,4382	48,2566	76,0428	48,2566	70,4081	48,2566	66,2523	
48,4203	75,4261	48,4203	70,5415	48,4203	66,4383	48,4203	76,0431	48,4203	70,4076	48,4203	66,2522	
48,5843	75,4237	48,5843	70,5422	48,5843	66,4382	48,5843	76,0424	48,5843	70,4059	48,5843	66,2523	
48,7494	75,4222	48,7494	70,5412	48,7494	66,4376	48,7494	76,0433	48,7494	70,4074	48,7494	66,2522	
48,9137	75,4269	48,9137	70,5425	48,9137	66,4379	48,9137	76,0391	48,9137	70,4056	48,9137	66,2524	
49,0779	75,4272	49,0779	70,5411	49,0779	66,4377	49,0779	76,041	49,0779	70,4072	49,0779	66,2525	
49,2431	75,4298	49,2431	70,5407	49,2431	66,4372	49,2431	76,0423	49,2431	70,4067	49,2431	66,2524	
49,4071	75,4269	49,4071	70,5411	49,4071	66,4377	49,4071	76,0458	49,4071	70,4086	49,4071	66,2525	
49,571	75,4257	49,571	70,5409	49,571	66,4385	49,571	76,0436	49,571	70,409	49,571	66,2527	
49,7358	75,4267	49,7358	70,5401	49,7358	66,4375	49,7358	76,0386	49,7358	70,4093	49,7358	66,2526	
49,9001	75,4283	49,9001	70,5414	49,9001	66,4379	49,9001	76,0398	49,9001	70,4083	49,9001	66,2527	
50,0641	75,4253	50,0641	70,5406	50,0641	66,4377	50,0641	76,0413	50,0641	70,4076	50,0641	66,2532	
50,2286	75,4276	50,2286	70,5413	50,2286	66,4381	50,2286	76,0387	50,2286	70,4095	50,2286	66,2533	
50,3926	75,427	50,3926	70,5409	50,3926	66,4381	50,3926	76,0441	50,3926	70,4099	50,3926	66,2528	
50,5569	75,4275	50,5569	70,5415	50,5569	66,4374	50,5569	76,036	50,5569	70,4098	50,5569	66,2531	
50,7214	75,4254	50,7214	70,5403	50,7214	66,4374	50,7214	76,0391	50,7214	70,4096	50,7214	66,2532	
50,8856	75,4214	50,8856	70,5407	50,8856	66,4379	50,8856	76,0382	50,8856	70,4092	50,8856	66,2536	
51,0499	75,4276	51,0499	70,54	51,0499	66,4381	51,0499	76,0404	51,0499	70,4096	51,0499	66,2531	
51,2142	75,425	51,2142	70,5404	51,2142	66,4377	51,2142	76,0365	51,2142	70,4095	51,2142	66,2535	
51,3782	75,4268	51,3782	70,5405	51,3782	66,4374	51,3782	76,0353	51,3782	70,41	51,3782	66,2535	
51,5416	75,4265	51,5416	70,5402	51,5416	66,437	51,5416	76,0389	51,5416	70,4104	51,5416	66,2534	
51,7059	75,4229	51,7059	70,5386	51,7059	66,4372	51,7059	76,0361	51,7059	70,4095	51,7059	66,2538	
51,8699	75,4289	51,8699	70,5378	51,8699	66,4372	51,8699	76,0354	51,8699	70,4103	51,8699	66,2537	
52,0346	75,4269	52,0346	70,5385	52,0346	66,4377	52,0346	76,0375	52,0346	70,4102	52,0346	66,2536	
52,1988	75,4266	52,1988	70,5375	52,1988	66,4372	52,1988	76,0314	52,1988	70,4108	52,1988	66,254	
52,3631	75,4265	52,3631	70,5397	52,3631	66,4372	52,3631	76,0346	52,3631	70,4109	52,3631	66,254	
52,5279	75,4257	52,5279	70,5415	52,5279	66,4371	52,5279	76,0364	52,5279	70,4105	52,5279	66,254	
52,6918	75,427	52,6918	70,5399	52,6918	66,4371	52,6918	76,0365	52,6918	70,4107	52,6918	66,2539	
52,8563	75,427	52,8563	70,5395	52,8563	66,4371	52,8563	76,0374	52,8563	70,411	52,8563	66,2542	
53,0205	75,4216	53,0205	70,5396	53,0205	66,4372	53,0205	76,0356	53,0205	70,4114	53,0205	66,2541	
53,1842	75,425	53,1842	70,5415	53,1842	66,4376	53,1842	76,0376	53,1842	70,411	53,1842	66,2542	
53,3481	75,4266	53,3481	70,5398	53,3481	66,438	53,3481	76,035	53,3481	70,4125	53,3481	66,2541	
53,5124	75,4243	53,5124	70,5378	53,5124	66,4381	53,5124	76,0323	53,5124	70,4107	53,5124	66,2542	
53,6765	75,4271	53,6765	70,5391	53,6765	66,4376	53,6765	76,0329	53,6765	70,4103	53,6765	66,2543	
53,8399	75,426	53,8399	70,5398	53,8399	66,4366	53,8399	76,0323	53,8399	70,4121	53,8399	66,2539	
54,0039	75,425	54,0039	70,5406	54,0039	66,4371	54,0039	76,035	54,0039	70,4124	54,0039	66,254	
54,1676	75,4249	54,1676	70,5393	54,1676	66,4367	54,1676	76,0322	54,1676	70,4117	54,1676	66,2542	
54,3313	75,426	54,3313	70,541	54,3313	66,4375	54,3313	76,0333	54,3313	70,4122	54,3313	66,2545	
54,4959	75,4284	54,4959	70,5399	54,4959	66,4377	54,4959	76,0377	54,4959	70,4108	54,4959	66,2544	
54,6598	75,4217	54,6598	70,5389	54,6598	66,4365	54,6598	76,0348	54,6598	70,4117	54,6598	66,2543	
54,8238	75,4245	54,8238	70,5403	54,8238	66,4362	54,8238	76,0371	54,8238	70,4127	54,8238	66,2541	
54,9878	75,4244	54,9878	70,5387	54,9878	66,4367	54,9878	76,0315	54,9878	70,4118	54,9878	66,2541	
55,1521	75,4241	55,1521	70,5389	55,1521	66,4362	55,1521	76,0288	55,1521	70,412	55,1521	66,2544	
55,316	75,4212	55,316	70,5387	55,316	66,4368	55,316	76,0282	55,316	70,4115	55,316	66,254	
55,4803	75,4255	55,4803	70,5378	55,4803	66,4373	55,4803	76,0279	55,4803	70,4131	55,4803	66,2543	
55,6442	75,4232	55,6442	70,5388	55,6442	66,4362	55,6442	76,0339	55,6442	70,4123	55,6442	66,2543	
55,8079	75,4245	55,8079	70,5393	55,8079	66,4358	55,8079	76,0305	55,8079	70,4122	55,8079	66,2542	
55,9725	75,4245	55,9725	70,5398	55,9725	66,4369	55,9725	76,033	55,9725	70,4133	55,9725	66,2543	
56,1365	75,4267	56,1365	70,5384	56,1365	66,4362	56,1365	76,0292	56,1365	70,4124	56,1365	66,2548	
56,3013	75,4238	56,3013	70,5361	56,3013	66,4374	56,3013	76,0272	56,3013	70,4122	56,3013	66,2544	
56,4652	75,4251	56,4652	70,5381	56,4652	66,4365	56,4652	76,0327	56,4652	70,412	56,4652	66,2545	
56,6293	75,4257	56,6293	70,5404	56,6293	66,4353	56,6293	76,0288	56,6293	70,4122	56,6293	66,2547	
56,7935	75,4252	56,7935	70,5374	56,7935	66,4373	56,7935	76,0319	56,7935	70,4107	56,7935	66,2546	
56,9581	75,4271	56,9581	70,5367	56,9581	66,436	56,9581	76,0278	56,9581	70,4121	56,9581	66,2539	
57,1221	75,4261	57,1221	70,5372	57,1221	66,4361	57,1221	76,0311	57,1221	70,4121	57,1221	66,2544	
57,2863	75,423	57,2863	70,5371	57,2863	66,4362	57,2863	76,0305	57,2863	70,4131	57,2863	66,2543	
57,4506	75,4236	57,4506	70,5374	57,4506	66,4356	57,4506	76,0295	57,4506	70,4135	57,4506	66,2543	
57,6148	75,4232	57,6148	70,5373	57,6148	66,4365	57,6148	76,0249	57,6148	70,4126	57,6148	66,2545	
57,7786	75,4242	57,7786	70,5374	57,7786	66,4365	57,7786	76,0285	57,7786	70,4134	57,7786	66,2546	
57,9426	75,4252	57,9426	70,5375	57,9426	66,4362	57,9426	76,0275	57,9426	70,4127	57,9426	66,2549	
58,1065	75,4236	58,1065	70,538	58,1065	66,4361	58,1065	76,0241	58,1065	70,413	58,1065	66,2548	
58,2705	75,4257	58,2705	70,5375	58,2705	66,4361	58,2705	76,0305	58,2705	70,4133	58,2705	66,2546	
58,4348	75,4254	58,4348	70,5397	58,4348	66,4357	58,4348	76,0298	58,4348	70,4135	58,4348	66,2542	
58,5988	75,4251	58,5988	70,5375	58,5988	66,4358	58,5988	76,0297	58,5988	70,4133	58,5988	66,2549	
58,7625	75,4258	58,7625	70,5376	58,7625	66,4359	58,7625	76,0286	58,7625	70,4135	58,7625	66,2548	
58,9271	75,426	58,9271	70,5366	58,9271	66,4353	58,9271	76,025	58,9271	70,4137	58,9271	66,2546	
59,091	75,4248	59,091	70,5368	59,091	66,4372	59,091	76,0213	59,091	70,4136	59,091	66,2547	
59,2547	75,4209	59,2547	70,5389	59,2547	66,435	59,2547	76,0208	59,2547	70,4143	59,2547	66,2542	
59,4187	75,4241	59,4187	70,5388	59,4187	66,4367	59,4187	76,0189	59,4187	70,4117	59,4187	66,2543	
59,5827	75,4242	59,5827	70,5389	59,5827	66,4357	59,5827	76,0241	59,5827	70,4135	59,5827	66,2545	
59,7473	75,4231	59,7473	70,5364	59,7473	66,4365	59,7473	76,0244	59,7473	70,4144	59,7473	66,2549	
59,9115	75,4261	59,9115	70,537	59,9115	66,4358	59,9115	76,0204	59,9115	70,4141	59,9115	66,2548	
60,0758	75,4252	60,0758	70,5366	60,0758	66,4358	60,0758	76,0238	60,0758	70,414	60,0758	66,2545	
60,2406	75,4241	60,2406	70,537	60,2406	66,4355	60,2406	76,0222	60,2406	70,4129	60,2406	66,2547	
60,404	75,4257	60,404	70,5375	60,404	66,4353	60,404	76,0227	60,404	70,4142	60,404	66,2547	
60,5682	75,4253	60,5682	70,5369	60,5682	66,4369	60,5682	76,0215	60,5682	70,4146	60,5682	66,2548	
60,7325	75,4245	60,7325	70,537	60,7325	66,4353	60,7325	76,0233	60,7325	70,4143	60,7325	66,2549	
60,8965	75,4238	60,8965	70,5365	60,8965	66,4359	60,8965	76,0193	60,8965	70,4135	60,8965	66,2546	
61,0603	75,4237	61,0603	70,5385	61,0603	66,4354	61,0603	76,02	61,0603	70,414	61,0603	66,2545	
61,2255	75,4239	61,2255	70,538	61,2255	66,4351	61,2255	76,0147	61,2255	70,4146	61,2255	66,2549	
61,3889	75,4235	61,3889	70,5368	61,3889	66,436	61,3889	76,0166	61,3889	70,4145	61,3889	66,2545	
61,5523	75,424	61,5523	70,5359	61,5523	66,4352	61,5523	76,016	61,5523	70,4148	61,5523	66,2544	
61,7168	75,4263	61,7168	70,5347	61,7168	66,435	61,7168	76,0136	61,7168	70,4154	61,7168	66,2548	
61,8805	75,4265	61,8805	70,5356	61,8805	66,4352	61,8805	76,0162	61,8805	70,4136	61,8805	66,2547	
62,0443	75,4253	62,0443	70,536	62,0443	66,4352	62,0443	76,016	62,0443	70,4155	62,0443	66,2545	
62,208	75,4252	62,208	70,5359	62,208	66,4352	62,208	76,0194	62,208	70,4156	62,208	66,2543	
62,3722	75,4236	62,3722	70,5348	62,3722	66,4348	62,3722	76,0174	62,3722	70,4138	62,3722	66,2547	
62,5362	75,4245	62,5362	70,5375	62,5362	66,4349	62,5362	76,0173	62,5362	70,4163	62,5362	66,2547	
62,6999	75,4248	62,6999	70,5351	62,6999	66,4354	62,6999	76,0143	62,6999	70,416	62,6999	66,2548	
62,8637	75,4223	62,8637	70,5372	62,8637	66,435	62,8637	76,018	62,8637	70,4158	62,8637	66,2547	
63,0277	75,4243	63,0277	70,5362	63,0277	66,4347	63,0277	76,0173	63,0277	70,4158	63,0277	66,2548	
63,1917	75,4253	63,1917	70,5346	63,1917	66,4352	63,1917	76,0127	63,1917	70,4165	63,1917	66,2547	
63,3554	75,4235	63,3554	70,5361	63,3554	66,4363	63,3554	76,0175	63,3554	70,4149	63,3554	66,2547	
63,5194	75,4239	63,5194	70,5361	63,5194	66,4358	63,5194	76,0175	63,5194	70,4169	63,5194	66,2548	
63,6836	75,4247	63,6836	70,536	63,6836	66,4349	63,6836	76,0199	63,6836	70,4161	63,6836	66,2551	
63,8474	75,4256	63,8474	70,5363	63,8474	66,4358	63,8474	76,0187	63,8474	70,4171	63,8474	66,2544	
64,0113	75,4195	64,0113	70,5362	64,0113	66,4351	64,0113	76,0122	64,0113	70,4175	64,0113	66,2546	
64,175	75,4225	64,175	70,5353	64,175	66,435	64,175	76,0143	64,175	70,4172	64,175	66,2546	
64,339	75,422	64,339	70,5351	64,339	66,4348	64,339	76,0187	64,339	70,4174	64,339	66,2544	
64,5039	75,4218	64,5039	70,5348	64,5039	66,4358	64,5039	76,018	64,5039	70,4156	64,5039	66,2546	
64,6678	75,4199	64,6678	70,5355	64,6678	66,4347	64,6678	76,0136	64,6678	70,4178	64,6678	66,2548	
64,8315	75,4221	64,8315	70,5334	64,8315	66,4346	64,8315	76,0196	64,8315	70,4171	64,8315	66,2546	
64,9958	75,4246	64,9958	70,5349	64,9958	66,4347	64,9958	76,0143	64,9958	70,4165	64,9958	66,2545	
65,1596	75,4257	65,1596	70,5374	65,1596	66,4346	65,1596	76,0134	65,1596	70,4184	65,1596	66,2541	
65,3238	75,4242	65,3238	70,5354	65,3238	66,4352	65,3238	76,0188	65,3238	70,4185	65,3238	66,2551	
65,4878	75,4239	65,4878	70,5347	65,4878	66,4342	65,4878	76,0123	65,4878	70,4183	65,4878	66,2544	
65,6515	75,4198	65,6515	70,5365	65,6515	66,4342	65,6515	76,0138	65,6515	70,419	65,6515	66,2543	
65,8154	75,4219	65,8154	70,5351	65,8154	66,4344	65,8154	76,01	65,8154	70,4184	65,8154	66,2547	
65,9791	75,4219	65,9791	70,5356	65,9791	66,4352	65,9791	76,0047	65,9791	70,4188	65,9791	66,2548	
66,1429	75,4253	66,1429	70,5354	66,1429	66,434	66,1429	76,0173	66,1429	70,419	66,1429	66,2548	
66,3069	75,4228	66,3069	70,5353	66,3069	66,4342	66,3069	76,0174	66,3069	70,4193	66,3069	66,255	
66,4715	75,425	66,4715	70,5344	66,4715	66,4339	66,4715	76,0167	66,4715	70,418	66,4715	66,255	
66,6351	75,4271	66,6351	70,5346	66,6351	66,4337	66,6351	76,0184	66,6351	70,4173	66,6351	66,2547	
66,7991	75,4357	66,7991	70,5571	66,7991	66,4433	66,7991	76,0193	66,7991	70,4182	66,7991	66,2548	
66,9629	75,4726	66,9629	70,6312	66,9629	66,4835	66,9629	76,0194	66,9629	70,4193	66,9629	66,2546	
67,1266	75,4557	67,1266	70,6158	67,1266	66,4848	67,1266	76,0169	67,1266	70,4195	67,1266	66,2546	
67,2905	75,4563	67,2905	70,6154	67,2905	66,4872	67,2905	76,0136	67,2905	70,4199	67,2905	66,2547	
67,4545	75,4491	67,4545	70,6153	67,4545	66,4878	67,4545	76,0105	67,4545	70,4196	67,4545	66,2548	
67,6182	75,4555	67,6182	70,6142	67,6182	66,4886	67,6182	76,0126	67,6182	70,4208	67,6182	66,2548	
67,7822	75,4541	67,7822	70,6126	67,7822	66,4884	67,7822	76,0141	67,7822	70,4187	67,7822	66,2546	
67,946	75,4542	67,946	70,6095	67,946	66,4887	67,946	76,0153	67,946	70,4209	67,946	66,2554	
68,1094	75,453	68,1094	70,6104	68,1094	66,4882	68,1094	76,0134	68,1094	70,4205	68,1094	66,2552	
68,2735	75,4505	68,2735	70,6089	68,2735	66,4888	68,2735	76,0134	68,2735	70,4214	68,2735	66,2554	
68,4369	75,4483	68,4369	70,606	68,4369	66,4885	68,4369	76,0143	68,4369	70,4214	68,4369	66,2554	
68,6012	75,4503	68,6012	70,6048	68,6012	66,4877	68,6012	76,01	68,6012	70,421	68,6012	66,2555	
68,7654	75,4532	68,7654	70,604	68,7654	66,486	68,7654	76,0086	68,7654	70,4217	68,7654	66,2557	
68,9291	75,4487	68,9291	70,6024	68,9291	66,485	68,9291	76,0093	68,9291	70,4202	68,9291	66,2558	
69,0931	75,4526	69,0931	70,6019	69,0931	66,4856	69,0931	76,0116	69,0931	70,4221	69,0931	66,2552	
69,2571	75,4464	69,2571	70,6013	69,2571	66,4837	69,2571	76,0133	69,2571	70,4208	69,2571	66,2552	
69,4208	75,4455	69,4208	70,6002	69,4208	66,4838	69,4208	76,0122	69,4208	70,4222	69,4208	66,2557	
69,5848	75,4473	69,5848	70,5984	69,5848	66,4838	69,5848	76,0091	69,5848	70,4223	69,5848	66,2554	
69,7488	75,4423	69,7488	70,5978	69,7488	66,4841	69,7488	76,0108	69,7488	70,4223	69,7488	66,256	
69,9125	75,4425	69,9125	70,597	69,9125	66,4828	69,9125	76,0111	69,9125	70,422	69,9125	66,2558	
70,076	75,4463	70,076	70,5956	70,076	66,4823	70,076	76,0104	70,076	70,4202	70,076	66,2558	
70,2397	75,44	70,2397	70,5941	70,2397	66,4825	70,2397	76,0105	70,2397	70,4229	70,2397	66,2558	
70,4036	75,4358	70,4036	70,5963	70,4036	66,4833	70,4036	76,0113	70,4036	70,4235	70,4036	66,2558	
70,5676	75,4422	70,5676	70,5949	70,5676	66,483	70,5676	76,0109	70,5676	70,4223	70,5676	66,2558	
70,7317	75,4438	70,7317	70,5959	70,7317	66,4809	70,7317	76,0047	70,7317	70,4221	70,7317	66,2559	
70,8959	75,439	70,8959	70,593	70,8959	66,4822	70,8959	76,0142	70,8959	70,423	70,8959	66,2562	
71,0599	75,4451	71,0599	70,595	71,0599	66,4821	71,0599	76,0067	71,0599	70,4212	71,0599	66,2558	
71,2236	75,4421	71,2236	70,5923	71,2236	66,4806	71,2236	76,0055	71,2236	70,4224	71,2236	66,2556	
71,3876	75,4428	71,3876	70,5947	71,3876	66,4822	71,3876	76,0103	71,3876	70,4229	71,3876	66,2558	
71,5516	75,4446	71,5516	70,5925	71,5516	66,4823	71,5516	76,0115	71,5516	70,421	71,5516	66,2558	
71,7153	75,4417	71,7153	70,5917	71,7153	66,4798	71,7153	76,0131	71,7153	70,4227	71,7153	66,2554	
71,879	75,4432	71,879	70,5936	71,879	66,4818	71,879	76,0065	71,879	70,4212	71,879	66,256	
72,043	75,4477	72,043	70,593	72,043	66,4798	72,043	76,0079	72,043	70,4233	72,043	66,2562	
72,2069	75,4414	72,2069	70,5927	72,2069	66,4802	72,2069	76,0135	72,2069	70,4231	72,2069	66,256	
72,3707	75,4449	72,3707	70,5914	72,3707	66,4812	72,3707	76,0131	72,3707	70,4234	72,3707	66,2559	
72,5344	75,4415	72,5344	70,592	72,5344	66,481	72,5344	76,0049	72,5344	70,4217	72,5344	66,256	
72,6986	75,4398	72,6986	70,5917	72,6986	66,4797	72,6986	76,0075	72,6986	70,4216	72,6986	66,2563	
72,8626	75,4408	72,8626	70,5895	72,8626	66,4807	72,8626	76,0105	72,8626	70,4224	72,8626	66,2562	
73,0264	75,4438	73,0264	70,5906	73,0264	66,4791	73,0264	76,0108	73,0264	70,4206	73,0264	66,2557	
73,1898	75,4419	73,1898	70,5912	73,1898	66,4794	73,1898	76,0132	73,1898	70,4233	73,1898	66,2553	
73,3533	75,441	73,3533	70,5882	73,3533	66,478	73,3533	76,0118	73,3533	70,4231	73,3533	66,2561	
73,5167	75,4423	73,5167	70,588	73,5167	66,4782	73,5167	76,0083	73,5167	70,4235	73,5167	66,2562	
73,6804	75,4424	73,6804	70,5884	73,6804	66,4784	73,6804	76,0133	73,6804	70,4223	73,6804	66,2563	
73,8439	75,4398	73,8439	70,5898	73,8439	66,4762	73,8439	76,0078	73,8439	70,424	73,8439	66,256	
74,0084	75,4411	74,0084	70,5889	74,0084	66,4779	74,0084	76,0118	74,0084	70,4234	74,0084	66,2561	
74,1719	75,4413	74,1719	70,5878	74,1719	66,4774	74,1719	76,0095	74,1719	70,4222	74,1719	66,2562	
74,3356	75,4393	74,3356	70,5874	74,3356	66,4775	74,3356	76,0117	74,3356	70,4231	74,3356	66,2553	
74,501	75,4417	74,501	70,5886	74,501	66,4749	74,501	76,014	74,501	70,4237	74,501	66,2562	
74,6647	75,4414	74,6647	70,5851	74,6647	66,4763	74,6647	76,0167	74,6647	70,4241	74,6647	66,2562	
74,829	75,4391	74,829	70,5829	74,829	66,4731	74,829	76,0119	74,829	70,4249	74,829	66,256	
74,993	75,4359	74,993	70,5815	74,993	66,4699	74,993	76,0132	74,993	70,4242	74,993	66,2558	
75,157	75,4387	75,157	70,5751	75,157	66,4677	75,157	76,0125	75,157	70,424	75,157	66,2559	
75,322	75,4347	75,322	70,5728	75,322	66,4655	75,322	76,0085	75,322	70,422	75,322	66,2563	
75,4857	75,431	75,4857	70,5722	75,4857	66,463	75,4857	76,0133	75,4857	70,4209	75,4857	66,2559	
75,6503	75,4331	75,6503	70,5672	75,6503	66,4611	75,6503	76,0114	75,6503	70,4218	75,6503	66,256	
75,8145	75,425	75,8145	70,5519	75,8145	66,4516	75,8145	76,013	75,8145	70,423	75,8145	66,256	
75,9801	75,4078	75,9801	70,516	75,9801	66,4293	75,9801	76,0121	75,9801	70,4213	75,9801	66,2552	
76,1446	75,3987	76,1446	70,4915	76,1446	66,4144	76,1446	76,0127	76,1446	70,4205	76,1446	66,2554	
76,3092	75,3919	76,3092	70,4816	76,3092	66,4066	76,3092	76,0133	76,3092	70,422	76,3092	66,2553	
76,4726	75,3921	76,4726	70,474	76,4726	66,4025	76,4726	76,0124	76,4726	70,4203	76,4726	66,2559	
76,6368	75,3871	76,6368	70,472	76,6368	66,4004	76,6368	76,0131	76,6368	70,4217	76,6368	66,2556	
76,8005	75,3924	76,8005	70,4706	76,8005	66,3988	76,8005	76,0121	76,8005	70,4224	76,8005	66,2554	
76,9651	75,3922	76,9651	70,4687	76,9651	66,3983	76,9651	76,0115	76,9651	70,4229	76,9651	66,2555	
77,1299	75,3858	77,1299	70,4679	77,1299	66,3972	77,1299	76,0104	77,1299	70,4219	77,1299	66,2553	
77,2942	75,3922	77,2942	70,467	77,2942	66,3964	77,2942	76,008	77,2942	70,4213	77,2942	66,2552	
77,4587	75,385	77,4587	70,467	77,4587	66,3971	77,4587	76,0118	77,4587	70,4219	77,4587	66,2553	
77,6228	75,386	77,6228	70,4647	77,6228	66,3968	77,6228	76,0114	77,6228	70,4209	77,6228	66,2549	
77,7868	75,3835	77,7868	70,4652	77,7868	66,3963	77,7868	76,0055	77,7868	70,4189	77,7868	66,2549	
77,9508	75,3838	77,9508	70,4639	77,9508	66,3969	77,9508	76,0116	77,9508	70,4217	77,9508	66,2549	
78,1145	75,3857	78,1145	70,4651	78,1145	66,3958	78,1145	76,0109	78,1145	70,4212	78,1145	66,2549	
78,2793	75,3829	78,2793	70,4648	78,2793	66,3958	78,2793	76,0105	78,2793	70,4199	78,2793	66,2542	
78,4428	75,3833	78,4428	70,4639	78,4428	66,3958	78,4428	76,0127	78,4428	70,4207	78,4428	66,2547	
78,6072	75,3864	78,6072	70,4633	78,6072	66,3957	78,6072	76,0141	78,6072	70,4202	78,6072	66,2549	
78,772	75,3825	78,772	70,4624	78,772	66,3957	78,772	76,0117	78,772	70,421	78,772	66,2553	
78,936	75,3826	78,936	70,4623	78,936	66,3954	78,936	76,0128	78,936	70,4217	78,936	66,2554	
79,1003	75,3808	79,1003	70,4626	79,1003	66,3955	79,1003	76,0046	79,1003	70,4218	79,1003	66,2551	
79,2648	75,3808	79,2648	70,4637	79,2648	66,3949	79,2648	76,0098	79,2648	70,4211	79,2648	66,2553	
79,4285	75,3849	79,4285	70,4669	79,4285	66,3949	79,4285	76,0101	79,4285	70,4208	79,4285	66,2544	
79,5928	75,3888	79,5928	70,4622	79,5928	66,3947	79,5928	76,0112	79,5928	70,4206	79,5928	66,2553	
79,7575	75,3821	79,7575	70,4635	79,7575	66,3948	79,7575	76,012	79,7575	70,4214	79,7575	66,2555	
79,9215	75,382	79,9215	70,4603	79,9215	66,3948	79,9215	76,0109	79,9215	70,4216	79,9215	66,2554	
80,0858	75,3836	80,0858	70,4606	80,0858	66,395	80,0858	76,0129	80,0858	70,4212	80,0858	66,2553	
80,2498	75,3802	80,2498	70,4617	80,2498	66,3935	80,2498	76,014	80,2498	70,4205	80,2498	66,2553	
80,4135	75,3881	80,4135	70,4624	80,4135	66,3949	80,4135	76,0073	80,4135	70,4219	80,4135	66,2551	
80,578	75,3844	80,578	70,4614	80,578	66,3945	80,578	76,0133	80,578	70,4202	80,578	66,2549	
80,7428	75,3831	80,7428	70,467	80,7428	66,3951	80,7428	76,0132	80,7428	70,4197	80,7428	66,2554	
80,9075	75,3847	80,9075	70,4623	80,9075	66,3939	80,9075	76,0128	80,9075	70,4195	80,9075	66,2554	
81,0729	75,3816	81,0729	70,46	81,0729	66,3942	81,0729	76,0122	81,0729	70,4211	81,0729	66,2554	
81,2374	75,3831	81,2374	70,4616	81,2374	66,3943	81,2374	76,0124	81,2374	70,4205	81,2374	66,2554	
81,4011	75,3891	81,4011	70,4632	81,4011	66,3947	81,4011	76,0136	81,4011	70,4214	81,4011	66,2555	
81,5662	75,389	81,5662	70,4594	81,5662	66,3939	81,5662	76,0115	81,5662	70,4208	81,5662	66,2553	
81,7304	75,3804	81,7304	70,4605	81,7304	66,3942	81,7304	76,0131	81,7304	70,4222	81,7304	66,2557	
81,8939	75,3818	81,8939	70,4601	81,8939	66,3941	81,8939	76,0132	81,8939	70,4219	81,8939	66,2555	
82,0581	75,3807	82,0581	70,4601	82,0581	66,3939	82,0581	76,0116	82,0581	70,4217	82,0581	66,2553	
82,2232	75,3884	82,2232	70,4588	82,2232	66,3937	82,2232	76,0092	82,2232	70,4209	82,2232	66,2555	
82,3874	75,3848	82,3874	70,4615	82,3874	66,393	82,3874	76,0114	82,3874	70,4219	82,3874	66,2552	
82,5509	75,3809	82,5509	70,4588	82,5509	66,3941	82,5509	76,0125	82,5509	70,4225	82,5509	66,2548	
82,7157	75,3764	82,7157	70,461	82,7157	66,3938	82,7157	76,0116	82,7157	70,4207	82,7157	66,255	
82,8802	75,3801	82,8802	70,4606	82,8802	66,3933	82,8802	76,0109	82,8802	70,4215	82,8802	66,2555	
83,0445	75,3816	83,0445	70,459	83,0445	66,3935	83,0445	76,011	83,0445	70,4214	83,0445	66,2553	
