Time (min) - L1 670nm	 - L1 670nm	Time (min) - L2 785nm	 - L2 785nm	Time (min) - L3 980nm	 - L3 980nm	Time (min) - L5 670nm	 - L5 670nm	Time (min) - L6 785nm	 - L6 785nm	Time (min) - L7 980nm	 - L7 980nm	
0,174233	68,721	0,174233	65,7193	0,174233	63,7331	0,174233	68,7297	0,174233	65,674	0,174233	63,6611	
0,338217	68,7208	0,338217	65,7195	0,338217	63,7328	0,338217	68,7297	0,338217	65,6738	0,338217	63,6606	
0,502483	68,7212	0,502483	65,7189	0,502483	63,7329	0,502483	68,7285	0,502483	65,6741	0,502483	63,6608	
0,666467	68,721	0,666467	65,7191	0,666467	63,7331	0,666467	68,7291	0,666467	65,674	0,666467	63,6607	
0,830717	68,7205	0,830717	65,7195	0,830717	63,7328	0,830717	68,7297	0,830717	65,6744	0,830717	63,6606	
0,995317	68,7205	0,995317	65,7192	0,995317	63,733	0,995317	68,7295	0,995317	65,6749	0,995317	63,6607	
1,1593	68,7211	1,1593	65,7189	1,1593	63,7328	1,1593	68,7284	1,1593	65,6737	1,1593	63,6605	
1,32355	68,7225	1,32355	65,7192	1,32355	63,7326	1,32355	68,7298	1,32355	65,674	1,32355	63,6607	
1,48787	68,7203	1,48787	65,7191	1,48787	63,7326	1,48787	68,7297	1,48787	65,6738	1,48787	63,6604	
1,6521	68,7209	1,6521	65,719	1,6521	63,7326	1,6521	68,7296	1,6521	65,674	1,6521	63,6603	
1,81688	68,7207	1,81688	65,7187	1,81688	63,7329	1,81688	68,7292	1,81688	65,6738	1,81688	63,6607	
1,98122	68,7216	1,98122	65,7191	1,98122	63,7329	1,98122	68,7295	1,98122	65,6736	1,98122	63,6605	
2,14545	68,7214	2,14545	65,7187	2,14545	63,7326	2,14545	68,7296	2,14545	65,6734	2,14545	63,6603	
2,3097	68,7208	2,3097	65,7189	2,3097	63,7325	2,3097	68,7293	2,3097	65,6735	2,3097	63,6605	
2,47372	68,7216	2,47372	65,7187	2,47372	63,7327	2,47372	68,7292	2,47372	65,6743	2,47372	63,6607	
2,63773	68,7213	2,63773	65,7188	2,63773	63,7328	2,63773	68,73	2,63773	65,6737	2,63773	63,6604	
2,802	68,7206	2,802	65,719	2,802	63,7328	2,802	68,7294	2,802	65,6737	2,802	63,6606	
2,96625	68,7211	2,96625	65,7192	2,96625	63,7326	2,96625	68,7292	2,96625	65,6735	2,96625	63,6602	
3,13207	68,7204	3,13207	65,7189	3,13207	63,7326	3,13207	68,7297	3,13207	65,6735	3,13207	63,6606	
3,29578	68,7205	3,29578	65,7185	3,29578	63,7327	3,29578	68,7287	3,29578	65,6735	3,29578	63,6604	
3,46	68,7212	3,46	65,7185	3,46	63,7326	3,46	68,7297	3,46	65,6734	3,46	63,6603	
3,62398	68,721	3,62398	65,7187	3,62398	63,7325	3,62398	68,7291	3,62398	65,6734	3,62398	63,6602	
3,78822	68,7219	3,78822	65,7189	3,78822	63,7326	3,78822	68,7295	3,78822	65,6734	3,78822	63,6605	
3,95275	68,7215	3,95275	65,7191	3,95275	63,7324	3,95275	68,7275	3,95275	65,6744	3,95275	63,6602	
4,11645	68,7208	4,11645	65,7191	4,11645	63,7327	4,11645	68,7274	4,11645	65,6735	4,11645	63,6604	
4,28017	68,7207	4,28017	65,72	4,28017	63,7328	4,28017	68,7288	4,28017	65,6744	4,28017	63,6605	
4,44387	68,7206	4,44387	65,719	4,44387	63,7325	4,44387	68,729	4,44387	65,6737	4,44387	63,6603	
4,60732	68,7207	4,60732	65,7189	4,60732	63,7325	4,60732	68,7298	4,60732	65,6738	4,60732	63,6603	
4,77243	68,7212	4,77243	65,7193	4,77243	63,7329	4,77243	68,7293	4,77243	65,6737	4,77243	63,6604	
4,9372	68,7221	4,9372	65,7197	4,9372	63,7326	4,9372	68,73	4,9372	65,674	4,9372	63,6603	
5,10147	68,7211	5,10147	65,7188	5,10147	63,7329	5,10147	68,7293	5,10147	65,6733	5,10147	63,6604	
5,26545	68,7206	5,26545	65,7189	5,26545	63,7325	5,26545	68,7285	5,26545	65,6744	5,26545	63,6603	
5,4295	68,7207	5,4295	65,7182	5,4295	63,7325	5,4295	68,7294	5,4295	65,6743	5,4295	63,6601	
5,5938	68,7217	5,5938	65,719	5,5938	63,7325	5,5938	68,7297	5,5938	65,6738	5,5938	63,6604	
5,75757	68,7211	5,75757	65,7197	5,75757	63,7328	5,75757	68,73	5,75757	65,674	5,75757	63,6607	
5,92153	68,7221	5,92153	65,7189	5,92153	63,7328	5,92153	68,7293	5,92153	65,6743	5,92153	63,6604	
6,0863	68,7224	6,0863	65,7194	6,0863	63,7325	6,0863	68,7304	6,0863	65,6739	6,0863	63,6606	
6,25028	68,7208	6,25028	65,7192	6,25028	63,7325	6,25028	68,7305	6,25028	65,6744	6,25028	63,6605	
6,4143	68,7212	6,4143	65,7191	6,4143	63,7329	6,4143	68,7291	6,4143	65,6738	6,4143	63,6606	
6,57782	68,7205	6,57782	65,7189	6,57782	63,7321	6,57782	68,7301	6,57782	65,6734	6,57782	63,6602	
6,74152	68,7205	6,74152	65,7192	6,74152	63,7328	6,74152	68,7296	6,74152	65,6738	6,74152	63,6605	
6,90607	68,7214	6,90607	65,72	6,90607	63,7328	6,90607	68,7299	6,90607	65,6737	6,90607	63,6605	
7,07032	68,7214	7,07032	65,7193	7,07032	63,7329	7,07032	68,7296	7,07032	65,6743	7,07032	63,6607	
7,23457	68,7213	7,23457	65,7189	7,23457	63,7326	7,23457	68,729	7,23457	65,674	7,23457	63,6604	
7,39908	68,721	7,39908	65,7194	7,39908	63,7329	7,39908	68,7294	7,39908	65,6739	7,39908	63,6606	
7,56335	68,7212	7,56335	65,7193	7,56335	63,7329	7,56335	68,7299	7,56335	65,6742	7,56335	63,6604	
7,72737	68,7212	7,72737	65,7197	7,72737	63,7329	7,72737	68,7296	7,72737	65,6747	7,72737	63,6605	
7,8919	68,7213	7,8919	65,7191	7,8919	63,7325	7,8919	68,7295	7,8919	65,674	7,8919	63,6602	
8,05642	68,7215	8,05642	65,7185	8,05642	63,7328	8,05642	68,729	8,05642	65,6739	8,05642	63,6604	
8,22067	68,7214	8,22067	65,719	8,22067	63,7329	8,22067	68,7304	8,22067	65,674	8,22067	63,6604	
8,38518	68,7206	8,38518	65,719	8,38518	63,7328	8,38518	68,7298	8,38518	65,6749	8,38518	63,6602	
8,54918	68,7212	8,54918	65,7193	8,54918	63,7327	8,54918	68,7296	8,54918	65,6738	8,54918	63,6604	
8,7129	68,721	8,7129	65,7189	8,7129	63,7326	8,7129	68,7299	8,7129	65,6738	8,7129	63,6606	
8,87662	68,7212	8,87662	65,7188	8,87662	63,7328	8,87662	68,7284	8,87662	65,6741	8,87662	63,6605	
9,04085	68,7209	9,04085	65,7191	9,04085	63,7328	9,04085	68,7293	9,04085	65,6737	9,04085	63,6606	
9,20483	68,7213	9,20483	65,7197	9,20483	63,7327	9,20483	68,7296	9,20483	65,6745	9,20483	63,6602	
9,3691	68,722	9,3691	65,719	9,3691	63,7325	9,3691	68,7298	9,3691	65,6745	9,3691	63,6602	
9,5331	68,7229	9,5331	65,7191	9,5331	63,7327	9,5331	68,731	9,5331	65,674	9,5331	63,6606	
9,69735	68,7215	9,69735	65,7192	9,69735	63,7328	9,69735	68,7299	9,69735	65,6738	9,69735	63,6603	
9,86187	68,7211	9,86187	65,7187	9,86187	63,7326	9,86187	68,7292	9,86187	65,6743	9,86187	63,6602	
10,0259	68,7208	10,0259	65,7191	10,0259	63,7325	10,0259	68,7293	10,0259	65,6738	10,0259	63,6603	
10,1898	68,7219	10,1898	65,7191	10,1898	63,7325	10,1898	68,7303	10,1898	65,6739	10,1898	63,6602	
10,3538	68,7207	10,3538	65,7194	10,3538	63,7322	10,3538	68,7292	10,3538	65,6748	10,3538	63,6602	
10,5173	68,721	10,5173	65,7195	10,5173	63,7325	10,5173	68,7297	10,5173	65,6749	10,5173	63,6604	
10,6808	68,7222	10,6808	65,7187	10,6808	63,7325	10,6808	68,7292	10,6808	65,6736	10,6808	63,6602	
10,8445	68,721	10,8445	65,7188	10,8445	63,7336	10,8445	68,7303	10,8445	65,6756	10,8445	63,6639	
11,0092	68,7201	11,0092	65,7177	11,0092	63,7311	11,0092	68,7285	11,0092	65,6738	11,0092	63,6592	
11,173	68,7185	11,173	65,7171	11,173	63,7309	11,173	68,7282	11,173	65,6724	11,173	63,6589	
11,338	68,7175	11,338	65,7172	11,338	63,7307	11,338	68,7264	11,338	65,6719	11,338	63,6586	
11,5021	68,7196	11,5021	65,7167	11,5021	63,7309	11,5021	68,7264	11,5021	65,6722	11,5021	63,6589	
11,666	68,7202	11,666	65,7168	11,666	63,7306	11,666	68,7286	11,666	65,6721	11,666	63,6589	
11,8303	68,7192	11,8303	65,7176	11,8303	63,7311	11,8303	68,7281	11,8303	65,6721	11,8303	63,6588	
11,9942	68,7202	11,9942	65,7183	11,9942	63,7313	11,9942	68,7282	11,9942	65,6728	11,9942	63,6589	
12,1589	68,7215	12,1589	65,7185	12,1589	63,7314	12,1589	68,7292	12,1589	65,6734	12,1589	63,6591	
12,3237	68,7196	12,3237	65,718	12,3237	63,7311	12,3237	68,7285	12,3237	65,6724	12,3237	63,6591	
12,4874	68,7201	12,4874	65,7183	12,4874	63,7318	12,4874	68,7279	12,4874	65,6728	12,4874	63,6594	
12,6511	68,7207	12,6511	65,7183	12,6511	63,7317	12,6511	68,7283	12,6511	65,6735	12,6511	63,6594	
12,8154	68,7199	12,8154	65,7179	12,8154	63,7318	12,8154	68,7277	12,8154	65,6727	12,8154	63,6591	
12,9794	68,7211	12,9794	65,7181	12,9794	63,7317	12,9794	68,7288	12,9794	65,6733	12,9794	63,6592	
13,1428	68,7198	13,1428	65,7187	13,1428	63,7319	13,1428	68,73	13,1428	65,6734	13,1428	63,6596	
13,3066	68,7214	13,3066	65,7186	13,3066	63,7323	13,3066	68,7271	13,3066	65,6734	13,3066	63,6597	
13,4706	68,7208	13,4706	65,7186	13,4706	63,7318	13,4706	68,7291	13,4706	65,6742	13,4706	63,6597	
13,6343	68,7205	13,6343	65,7184	13,6343	63,7322	13,6343	68,729	13,6343	65,6735	13,6343	63,6599	
13,798	68,7216	13,798	65,7186	13,798	63,732	13,798	68,7283	13,798	65,674	13,798	63,6595	
13,9617	68,7206	13,9617	65,7189	13,9617	63,7318	13,9617	68,7287	13,9617	65,6736	13,9617	63,6598	
14,1255	68,7221	14,1255	65,7188	14,1255	63,7321	14,1255	68,7295	14,1255	65,6746	14,1255	63,6597	
14,2897	68,721	14,2897	65,7187	14,2897	63,7324	14,2897	68,7293	14,2897	65,6738	14,2897	63,6601	
14,4537	68,7207	14,4537	65,7189	14,4537	63,7321	14,4537	68,7292	14,4537	65,6744	14,4537	63,6598	
14,6177	68,7207	14,6177	65,719	14,6177	63,7323	14,6177	68,7287	14,6177	65,6744	14,6177	63,6601	
14,7814	68,7213	14,7814	65,719	14,7814	63,7322	14,7814	68,7291	14,7814	65,6735	14,7814	63,6599	
14,9454	68,7219	14,9454	65,7186	14,9454	63,7324	14,9454	68,73	14,9454	65,6734	14,9454	63,66	
15,1094	68,7209	15,1094	65,7192	15,1094	63,7323	15,1094	68,7296	15,1094	65,6733	15,1094	63,66	
15,2728	68,7213	15,2728	65,7189	15,2728	63,7322	15,2728	68,7295	15,2728	65,6739	15,2728	63,66	
15,4362	68,7213	15,4362	65,7194	15,4362	63,7323	15,4362	68,7298	15,4362	65,6731	15,4362	63,6601	
15,6005	68,7224	15,6005	65,719	15,6005	63,7324	15,6005	68,7293	15,6005	65,6739	15,6005	63,66	
15,7642	68,7217	15,7642	65,719	15,7642	63,7322	15,7642	68,7286	15,7642	65,6737	15,7642	63,66	
15,9277	68,7213	15,9277	65,7194	15,9277	63,7323	15,9277	68,729	15,9277	65,6737	15,9277	63,6599	
16,0914	68,721	16,0914	65,719	16,0914	63,7325	16,0914	68,7297	16,0914	65,6738	16,0914	63,66	
16,2548	68,722	16,2548	65,7189	16,2548	63,7325	16,2548	68,7296	16,2548	65,6736	16,2548	63,6599	
16,4183	68,7215	16,4183	65,7194	16,4183	63,7325	16,4183	68,7298	16,4183	65,6741	16,4183	63,6599	
16,5825	68,7229	16,5825	65,721	16,5825	63,7333	16,5825	68,729	16,5825	65,6733	16,5825	63,6601	
16,746	68,7246	16,746	65,7214	16,746	63,7345	16,746	68,7281	16,746	65,6734	16,746	63,6598	
16,9105	68,7271	16,9105	65,7238	16,9105	63,7363	16,9105	68,7289	16,9105	65,6736	16,9105	63,6601	
17,0745	68,7278	17,0745	65,7246	17,0745	63,7374	17,0745	68,7295	17,0745	65,6735	17,0745	63,6601	
17,2382	68,7281	17,2382	65,7246	17,2382	63,7377	17,2382	68,7296	17,2382	65,6737	17,2382	63,6598	
17,4019	68,7285	17,4019	65,7248	17,4019	63,7377	17,4019	68,7288	17,4019	65,6734	17,4019	63,6601	
17,5659	68,7291	17,5659	65,7256	17,5659	63,7376	17,5659	68,7293	17,5659	65,6732	17,5659	63,66	
17,7295	68,7295	17,7295	65,7259	17,7295	63,7376	17,7295	68,7299	17,7295	65,6739	17,7295	63,6597	
17,8935	68,7287	17,8935	65,725	17,8935	63,7374	17,8935	68,7288	17,8935	65,6732	17,8935	63,6595	
18,0578	68,7289	18,0578	65,7251	18,0578	63,7378	18,0578	68,7292	18,0578	65,673	18,0578	63,6597	
18,2215	68,7284	18,2215	65,7256	18,2215	63,7377	18,2215	68,7292	18,2215	65,6737	18,2215	63,6599	
18,3853	68,7298	18,3853	65,7251	18,3853	63,7378	18,3853	68,7298	18,3853	65,6743	18,3853	63,6598	
18,549	68,7278	18,549	65,7254	18,549	63,7376	18,549	68,7293	18,549	65,674	18,549	63,6599	
18,7127	68,7302	18,7127	65,726	18,7127	63,7378	18,7127	68,7297	18,7127	65,6732	18,7127	63,6598	
18,8764	68,7298	18,8764	65,7255	18,8764	63,7376	18,8764	68,7296	18,8764	65,6735	18,8764	63,66	
19,0401	68,7299	19,0401	65,7256	19,0401	63,7377	19,0401	68,7295	19,0401	65,6734	19,0401	63,6599	
19,2047	68,7288	19,2047	65,7254	19,2047	63,7378	19,2047	68,7293	19,2047	65,6733	19,2047	63,66	
19,3687	68,7286	19,3687	65,7252	19,3687	63,7378	19,3687	68,7301	19,3687	65,6738	19,3687	63,6597	
19,5326	68,7294	19,5326	65,725	19,5326	63,7381	19,5326	68,7297	19,5326	65,6747	19,5326	63,6601	
19,6966	68,7288	19,6966	65,7261	19,6966	63,7378	19,6966	68,7289	19,6966	65,6735	19,6966	63,6597	
19,8604	68,7287	19,8604	65,7257	19,8604	63,7378	19,8604	68,7295	19,8604	65,6729	19,8604	63,6597	
20,0243	68,7285	20,0243	65,7252	20,0243	63,7377	20,0243	68,7293	20,0243	65,6736	20,0243	63,6597	
20,1881	68,7289	20,1881	65,7258	20,1881	63,7378	20,1881	68,7292	20,1881	65,6742	20,1881	63,6598	
20,3521	68,7307	20,3521	65,7255	20,3521	63,7381	20,3521	68,7292	20,3521	65,674	20,3521	63,66	
20,5158	68,7302	20,5158	65,7261	20,5158	63,7377	20,5158	68,7297	20,5158	65,6744	20,5158	63,6597	
20,6798	68,7297	20,6798	65,7248	20,6798	63,7378	20,6798	68,729	20,6798	65,6744	20,6798	63,66	
20,8438	68,729	20,8438	65,725	20,8438	63,7377	20,8438	68,729	20,8438	65,6736	20,8438	63,6599	
21,0075	68,7288	21,0075	65,7254	21,0075	63,7377	21,0075	68,7298	21,0075	65,6735	21,0075	63,6601	
21,1709	68,7285	21,1709	65,7253	21,1709	63,7379	21,1709	68,7292	21,1709	65,6733	21,1709	63,6597	
21,3349	68,7292	21,3349	65,7263	21,3349	63,7377	21,3349	68,729	21,3349	65,6732	21,3349	63,6596	
21,4983	68,729	21,4983	65,7251	21,4983	63,7377	21,4983	68,73	21,4983	65,6741	21,4983	63,6597	
21,6621	68,7288	21,6621	65,7263	21,6621	63,7378	21,6621	68,7291	21,6621	65,6742	21,6621	63,6599	
21,8258	68,7288	21,8258	65,7258	21,8258	63,7379	21,8258	68,7286	21,8258	65,6738	21,8258	63,6601	
21,9897	68,7292	21,9897	65,7259	21,9897	63,7379	21,9897	68,7291	21,9897	65,6737	21,9897	63,6601	
22,1535	68,73	22,1535	65,7258	22,1535	63,738	22,1535	68,7296	22,1535	65,6745	22,1535	63,66	
22,3174	68,7301	22,3174	65,726	22,3174	63,7379	22,3174	68,7295	22,3174	65,6737	22,3174	63,6597	
22,4814	68,7282	22,4814	65,7255	22,4814	63,738	22,4814	68,7286	22,4814	65,6736	22,4814	63,66	
22,6454	68,7305	22,6454	65,7254	22,6454	63,7378	22,6454	68,7301	22,6454	65,6742	22,6454	63,6599	
22,8094	68,7292	22,8094	65,725	22,8094	63,738	22,8094	68,7292	22,8094	65,6733	22,8094	63,6599	
22,9729	68,7285	22,9729	65,7258	22,9729	63,738	22,9729	68,7291	22,9729	65,6731	22,9729	63,6598	
23,1366	68,7304	23,1366	65,7261	23,1366	63,7378	23,1366	68,7292	23,1366	65,6732	23,1366	63,6595	
23,3003	68,7294	23,3003	65,7252	23,3003	63,738	23,3003	68,7285	23,3003	65,6732	23,3003	63,6598	
23,4648	68,7296	23,4648	65,7253	23,4648	63,738	23,4648	68,7289	23,4648	65,674	23,4648	63,6595	
23,6299	68,7307	23,6299	65,7262	23,6299	63,738	23,6299	68,7291	23,6299	65,6735	23,6299	63,6595	
23,7934	68,7312	23,7934	65,7257	23,7934	63,7379	23,7934	68,7291	23,7934	65,6733	23,7934	63,6596	
23,9576	68,7291	23,9576	65,7259	23,9576	63,7377	23,9576	68,7289	23,9576	65,6738	23,9576	63,6595	
24,1218	68,73	24,1218	65,7257	24,1218	63,7377	24,1218	68,7288	24,1218	65,6732	24,1218	63,6595	
24,2864	68,7302	24,2864	65,7256	24,2864	63,7379	24,2864	68,729	24,2864	65,6733	24,2864	63,6596	
24,4509	68,7295	24,4509	65,7251	24,4509	63,7378	24,4509	68,7289	24,4509	65,6726	24,4509	63,6596	
24,6155	68,7282	24,6155	65,7248	24,6155	63,7367	24,6155	68,7291	24,6155	65,6732	24,6155	63,6593	
24,78	68,727	24,78	65,7236	24,78	63,7358	24,78	68,7278	24,78	65,673	24,78	63,6595	
24,9437	68,7253	24,9437	65,722	24,9437	63,7343	24,9437	68,729	24,9437	65,6739	24,9437	63,6597	
25,1071	68,7242	25,1071	65,7206	25,1071	63,7336	25,1071	68,7295	25,1071	65,6733	25,1071	63,6598	
25,2719	68,7228	25,2719	65,7208	25,2719	63,7331	25,2719	68,7288	25,2719	65,673	25,2719	63,6597	
25,4361	68,7227	25,4361	65,7206	25,4361	63,7331	25,4361	68,7287	25,4361	65,6733	25,4361	63,6596	
25,6001	68,7233	25,6001	65,7202	25,6001	63,7333	25,6001	68,7287	25,6001	65,6729	25,6001	63,6598	
25,7643	68,7226	25,7643	65,7199	25,7643	63,7327	25,7643	68,7297	25,7643	65,6732	25,7643	63,6596	
25,9283	68,7226	25,9283	65,7195	25,9283	63,7329	25,9283	68,7285	25,9283	65,6732	25,9283	63,6597	
26,0926	68,7227	26,0926	65,7197	26,0926	63,733	26,0926	68,7288	26,0926	65,673	26,0926	63,6597	
26,2568	68,7228	26,2568	65,7205	26,2568	63,733	26,2568	68,7282	26,2568	65,6731	26,2568	63,66	
26,4209	68,7222	26,4209	65,7196	26,4209	63,733	26,4209	68,7287	26,4209	65,6727	26,4209	63,6596	
26,5851	68,7225	26,5851	65,7207	26,5851	63,7329	26,5851	68,729	26,5851	65,6733	26,5851	63,6595	
26,7491	68,7232	26,7491	65,7192	26,7491	63,7328	26,7491	68,7291	26,7491	65,6733	26,7491	63,6599	
26,9128	68,7224	26,9128	65,7198	26,9128	63,7331	26,9128	68,7288	26,9128	65,6736	26,9128	63,6596	
27,0769	68,724	27,0769	65,7206	27,0769	63,7331	27,0769	68,7289	27,0769	65,6741	27,0769	63,6599	
27,2414	68,7227	27,2414	65,7201	27,2414	63,7329	27,2414	68,7291	27,2414	65,6729	27,2414	63,6598	
27,4057	68,7233	27,4057	65,7196	27,4057	63,7332	27,4057	68,7298	27,4057	65,6732	27,4057	63,6601	
27,5697	68,7227	27,5697	65,7202	27,5697	63,733	27,5697	68,7301	27,5697	65,6745	27,5697	63,6598	
27,7337	68,7234	27,7337	65,7196	27,7337	63,7332	27,7337	68,7292	27,7337	65,6731	27,7337	63,66	
27,8974	68,7225	27,8974	65,7203	27,8974	63,7331	27,8974	68,729	27,8974	65,6734	27,8974	63,6599	
28,0614	68,7227	28,0614	65,7198	28,0614	63,733	28,0614	68,7288	28,0614	65,6734	28,0614	63,6597	
28,2254	68,7226	28,2254	65,7201	28,2254	63,733	28,2254	68,7288	28,2254	65,6742	28,2254	63,6599	
28,3894	68,7224	28,3894	65,7193	28,3894	63,7329	28,3894	68,7292	28,3894	65,6735	28,3894	63,6599	
28,5534	68,7236	28,5534	65,7199	28,5534	63,7333	28,5534	68,7278	28,5534	65,6739	28,5534	63,66	
28,7173	68,7226	28,7173	65,7197	28,7173	63,733	28,7173	68,7298	28,7173	65,6739	28,7173	63,6601	
28,8816	68,7237	28,8816	65,7199	28,8816	63,7333	28,8816	68,7295	28,8816	65,6736	28,8816	63,66	
29,0464	68,7222	29,0464	65,7195	29,0464	63,7329	29,0464	68,729	29,0464	65,6733	29,0464	63,66	
29,2099	68,7235	29,2099	65,7199	29,2099	63,733	29,2099	68,7291	29,2099	65,6738	29,2099	63,66	
29,3743	68,723	29,3743	65,7196	29,3743	63,7334	29,3743	68,7288	29,3743	65,6737	29,3743	63,6601	
29,5381	68,7221	29,5381	65,7202	29,5381	63,7328	29,5381	68,7293	29,5381	65,6734	29,5381	63,6601	
29,7024	68,7228	29,7024	65,7198	29,7024	63,7329	29,7024	68,729	29,7024	65,6739	29,7024	63,6601	
29,8663	68,7229	29,8663	65,7198	29,8663	63,7331	29,8663	68,7298	29,8663	65,6735	29,8663	63,6603	
30,03	68,7236	30,03	65,7197	30,03	63,7331	30,03	68,7297	30,03	65,6744	30,03	63,66	
30,1943	68,7224	30,1943	65,7195	30,1943	63,7332	30,1943	68,7296	30,1943	65,6732	30,1943	63,6601	
30,358	68,7227	30,358	65,7198	30,358	63,7332	30,358	68,729	30,358	65,673	30,358	63,66	
30,5217	68,723	30,5217	65,7197	30,5217	63,7333	30,5217	68,7293	30,5217	65,6737	30,5217	63,6603	
30,6862	68,7223	30,6862	65,7197	30,6862	63,733	30,6862	68,7295	30,6862	65,6734	30,6862	63,6601	
30,8502	68,7216	30,8502	65,7195	30,8502	63,7331	30,8502	68,7287	30,8502	65,6736	30,8502	63,6602	
31,0147	68,7237	31,0147	65,7197	31,0147	63,733	31,0147	68,7302	31,0147	65,6739	31,0147	63,6601	
31,179	68,7228	31,179	65,7199	31,179	63,7328	31,179	68,729	31,179	65,6739	31,179	63,6599	
31,343	68,7219	31,343	65,7195	31,343	63,7328	31,343	68,7292	31,343	65,673	31,343	63,6599	
31,5067	68,7225	31,5067	65,7197	31,5067	63,7333	31,5067	68,7294	31,5067	65,6732	31,5067	63,6602	
31,6707	68,7225	31,6707	65,7198	31,6707	63,7331	31,6707	68,7292	31,6707	65,6738	31,6707	63,6602	
31,8344	68,7234	31,8344	65,7201	31,8344	63,7333	31,8344	68,729	31,8344	65,6736	31,8344	63,66	
31,9986	68,7238	31,9986	65,7209	31,9986	63,7332	31,9986	68,7294	31,9986	65,6739	31,9986	63,66	
32,1629	68,7228	32,1629	65,7197	32,1629	63,733	32,1629	68,7293	32,1629	65,6734	32,1629	63,6598	
32,3266	68,722	32,3266	65,7203	32,3266	63,7328	32,3266	68,7291	32,3266	65,6736	32,3266	63,66	
32,4906	68,7232	32,4906	65,7205	32,4906	63,7331	32,4906	68,7297	32,4906	65,674	32,4906	63,6603	
32,6545	68,723	32,6545	65,7198	32,6545	63,7333	32,6545	68,7287	32,6545	65,6731	32,6545	63,6604	
32,818	68,7235	32,818	65,7199	32,818	63,733	32,818	68,7296	32,818	65,6742	32,818	63,6601	
32,983	68,7239	32,983	65,7196	32,983	63,733	32,983	68,7292	32,983	65,6735	32,983	63,6601	
33,1482	68,7235	33,1482	65,7196	33,1482	63,7331	33,1482	68,7296	33,1482	65,6737	33,1482	63,6602	
33,3122	68,723	33,3122	65,7204	33,3122	63,7332	33,3122	68,7288	33,3122	65,6738	33,3122	63,6603	
33,476	68,7229	33,476	65,7207	33,476	63,7332	33,476	68,7297	33,476	65,6741	33,476	63,6603	
33,6402	68,7222	33,6402	65,7202	33,6402	63,7329	33,6402	68,7293	33,6402	65,6733	33,6402	63,66	
33,8042	68,7235	33,8042	65,7197	33,8042	63,7332	33,8042	68,7301	33,8042	65,6739	33,8042	63,6601	
33,9685	68,7229	33,9685	65,719	33,9685	63,7329	33,9685	68,7291	33,9685	65,6733	33,9685	63,66	
34,1327	68,7224	34,1327	65,7201	34,1327	63,7332	34,1327	68,729	34,1327	65,6739	34,1327	63,6603	
34,2973	68,7218	34,2973	65,7195	34,2973	63,7327	34,2973	68,7282	34,2973	65,6741	34,2973	63,6601	
34,461	68,722	34,461	65,7203	34,461	63,7327	34,461	68,7289	34,461	65,674	34,461	63,66	
34,625	68,7238	34,625	65,7199	34,625	63,7332	34,625	68,7292	34,625	65,6736	34,625	63,66	
34,7894	68,7221	34,7894	65,7197	34,7894	63,7331	34,7894	68,7294	34,7894	65,6741	34,7894	63,6602	
34,9532	68,7229	34,9532	65,7194	34,9532	63,7331	34,9532	68,729	34,9532	65,6734	34,9532	63,6601	
35,1169	68,7229	35,1169	65,7208	35,1169	63,7328	35,1169	68,7292	35,1169	65,6741	35,1169	63,6601	
35,2812	68,7235	35,2812	65,7198	35,2812	63,7331	35,2812	68,7296	35,2812	65,6733	35,2812	63,6599	
35,446	68,7225	35,446	65,7202	35,446	63,7333	35,446	68,7302	35,446	65,6736	35,446	63,6601	
35,6097	68,7225	35,6097	65,7204	35,6097	63,7331	35,6097	68,7298	35,6097	65,6733	35,6097	63,6599	
35,7742	68,7222	35,7742	65,7199	35,7742	63,7331	35,7742	68,7296	35,7742	65,6738	35,7742	63,6601	
35,9381	68,7219	35,9381	65,7205	35,9381	63,733	35,9381	68,7293	35,9381	65,6745	35,9381	63,66	
36,1024	68,7229	36,1024	65,7197	36,1024	63,7331	36,1024	68,7297	36,1024	65,6734	36,1024	63,6599	
36,2664	68,7221	36,2664	65,7196	36,2664	63,7331	36,2664	68,7299	36,2664	65,6741	36,2664	63,6601	
36,4304	68,7226	36,4304	65,7202	36,4304	63,7329	36,4304	68,7295	36,4304	65,6741	36,4304	63,6601	
36,5945	68,7233	36,5945	65,7206	36,5945	63,733	36,5945	68,7301	36,5945	65,6735	36,5945	63,6601	
36,7584	68,7226	36,7584	65,7196	36,7584	63,7332	36,7584	68,729	36,7584	65,6737	36,7584	63,6601	
36,9227	68,7229	36,9227	65,72	36,9227	63,733	36,9227	68,7297	36,9227	65,6733	36,9227	63,6599	
37,0867	68,7227	37,0867	65,719	37,0867	63,7329	37,0867	68,7293	37,0867	65,673	37,0867	63,66	
37,2509	68,723	37,2509	65,7194	37,2509	63,7331	37,2509	68,7294	37,2509	65,6734	37,2509	63,6602	
37,4152	68,7225	37,4152	65,7205	37,4152	63,7329	37,4152	68,7294	37,4152	65,6741	37,4152	63,6601	
37,5795	68,7223	37,5795	65,7198	37,5795	63,7323	37,5795	68,7285	37,5795	65,6734	37,5795	63,6595	
37,7437	68,7224	37,7437	65,7199	37,7437	63,733	37,7437	68,7296	37,7437	65,6746	37,7437	63,6602	
37,9078	68,7222	37,9078	65,7201	37,9078	63,7329	37,9078	68,73	37,9078	65,6742	37,9078	63,6601	
38,0724	68,7223	38,0724	65,7207	38,0724	63,7329	38,0724	68,7276	38,0724	65,6746	38,0724	63,6599	
38,2363	68,7227	38,2363	65,7199	38,2363	63,7327	38,2363	68,7298	38,2363	65,6735	38,2363	63,66	
38,4003	68,7229	38,4003	65,7207	38,4003	63,7328	38,4003	68,7298	38,4003	65,6737	38,4003	63,6602	
38,5643	68,723	38,5643	65,7204	38,5643	63,7331	38,5643	68,7305	38,5643	65,6735	38,5643	63,6601	
38,7285	68,7235	38,7285	65,7199	38,7285	63,7329	38,7285	68,7302	38,7285	65,6734	38,7285	63,66	
38,8923	68,7228	38,8923	65,7201	38,8923	63,7332	38,8923	68,7301	38,8923	65,674	38,8923	63,6602	
39,0568	68,7232	39,0568	65,7196	39,0568	63,7329	39,0568	68,7296	39,0568	65,6733	39,0568	63,6598	
39,2207	68,7243	39,2207	65,7197	39,2207	63,7328	39,2207	68,7297	39,2207	65,6739	39,2207	63,6599	
39,3847	68,7238	39,3847	65,7197	39,3847	63,7326	39,3847	68,7304	39,3847	65,6734	39,3847	63,66	
39,5487	68,7226	39,5487	65,7194	39,5487	63,7328	39,5487	68,7294	39,5487	65,6736	39,5487	63,6598	
39,713	68,7237	39,713	65,72	39,713	63,7328	39,713	68,7295	39,713	65,6737	39,713	63,6599	
39,8767	68,7232	39,8767	65,7197	39,8767	63,7328	39,8767	68,7304	39,8767	65,6742	39,8767	63,6601	
40,0407	68,7224	40,0407	65,7207	40,0407	63,7326	40,0407	68,7296	40,0407	65,6737	40,0407	63,6599	
40,2049	68,7229	40,2049	65,7203	40,2049	63,7332	40,2049	68,7287	40,2049	65,6738	40,2049	63,6602	
40,3689	68,7233	40,3689	65,7194	40,3689	63,7326	40,3689	68,7288	40,3689	65,674	40,3689	63,6597	
40,5331	68,7226	40,5331	65,7201	40,5331	63,7327	40,5331	68,7292	40,5331	65,6739	40,5331	63,66	
40,6972	68,723	40,6972	65,7199	40,6972	63,7331	40,6972	68,7293	40,6972	65,6731	40,6972	63,66	
40,8611	68,7226	40,8611	65,7197	40,8611	63,7326	40,8611	68,7294	40,8611	65,6731	40,8611	63,6597	
41,0257	68,723	41,0257	65,7196	41,0257	63,7328	41,0257	68,7296	41,0257	65,6732	41,0257	63,6598	
41,1903	68,7229	41,1903	65,7202	41,1903	63,7328	41,1903	68,7296	41,1903	65,6736	41,1903	63,6599	
41,3553	68,724	41,3553	65,7198	41,3553	63,7326	41,3553	68,7298	41,3553	65,6738	41,3553	63,6596	
41,5193	68,7223	41,5193	65,7201	41,5193	63,7327	41,5193	68,728	41,5193	65,6739	41,5193	63,6599	
41,6828	68,723	41,6828	65,7203	41,6828	63,7331	41,6828	68,7299	41,6828	65,6739	41,6828	63,66	
41,8469	68,7232	41,8469	65,7197	41,8469	63,733	41,8469	68,7299	41,8469	65,6736	41,8469	63,66	
42,0106	68,7232	42,0106	65,72	42,0106	63,7328	42,0106	68,7285	42,0106	65,6738	42,0106	63,66	
42,1746	68,7224	42,1746	65,7199	42,1746	63,7329	42,1746	68,7301	42,1746	65,6736	42,1746	63,6602	
42,3388	68,7232	42,3388	65,7203	42,3388	63,733	42,3388	68,7293	42,3388	65,6735	42,3388	63,6599	
42,5026	68,7217	42,5026	65,7194	42,5026	63,7326	42,5026	68,7295	42,5026	65,6742	42,5026	63,6598	
42,6671	68,7231	42,6671	65,7199	42,6671	63,7325	42,6671	68,7287	42,6671	65,6735	42,6671	63,6598	
42,8321	68,7223	42,8321	65,7198	42,8321	63,7326	42,8321	68,7284	42,8321	65,6745	42,8321	63,6601	
42,9964	68,7233	42,9964	65,72	42,9964	63,7327	42,9964	68,73	42,9964	65,6733	42,9964	63,6598	
43,1609	68,7228	43,1609	65,7198	43,1609	63,7329	43,1609	68,7294	43,1609	65,673	43,1609	63,6598	
43,3255	68,7238	43,3255	65,7199	43,3255	63,7328	43,3255	68,73	43,3255	65,6735	43,3255	63,6599	
43,4898	68,7235	43,4898	65,7198	43,4898	63,7327	43,4898	68,7297	43,4898	65,6738	43,4898	63,6599	
43,6541	68,7237	43,6541	65,7199	43,6541	63,7328	43,6541	68,7297	43,6541	65,6737	43,6541	63,66	
43,8183	68,7225	43,8183	65,72	43,8183	63,733	43,8183	68,7306	43,8183	65,6744	43,8183	63,6601	
43,9823	68,722	43,9823	65,7197	43,9823	63,7327	43,9823	68,7301	43,9823	65,6741	43,9823	63,6599	
44,1463	68,7227	44,1463	65,7195	44,1463	63,7328	44,1463	68,7297	44,1463	65,674	44,1463	63,6601	
44,3108	68,7226	44,3108	65,7203	44,3108	63,733	44,3108	68,7306	44,3108	65,6737	44,3108	63,6599	
44,4756	68,7229	44,4756	65,7206	44,4756	63,7332	44,4756	68,7297	44,4756	65,6735	44,4756	63,66	
44,6404	68,7225	44,6404	65,7194	44,6404	63,7329	44,6404	68,7284	44,6404	65,6735	44,6404	63,66	
44,8047	68,723	44,8047	65,7199	44,8047	63,7328	44,8047	68,7301	44,8047	65,6736	44,8047	63,6599	
44,9684	68,7225	44,9684	65,7198	44,9684	63,7329	44,9684	68,7293	44,9684	65,6739	44,9684	63,6601	
45,1324	68,7228	45,1324	65,7197	45,1324	63,7328	45,1324	68,7305	45,1324	65,6736	45,1324	63,6598	
45,2964	68,7234	45,2964	65,7201	45,2964	63,7328	45,2964	68,7294	45,2964	65,6747	45,2964	63,6598	
45,4612	68,7234	45,4612	65,72	45,4612	63,7328	45,4612	68,7296	45,4612	65,6736	45,4612	63,6598	
45,6254	68,7217	45,6254	65,7203	45,6254	63,7327	45,6254	68,7285	45,6254	65,6741	45,6254	63,66	
45,7889	68,7227	45,7889	65,7199	45,7889	63,7328	45,7889	68,7295	45,7889	65,6735	45,7889	63,6599	
45,9526	68,7242	45,9526	65,7197	45,9526	63,7327	45,9526	68,7298	45,9526	65,6744	45,9526	63,6598	
46,1163	68,7229	46,1163	65,7197	46,1163	63,7328	46,1163	68,7296	46,1163	65,6733	46,1163	63,6597	
46,28	68,7236	46,28	65,7196	46,28	63,7328	46,28	68,7297	46,28	65,6736	46,28	63,6598	
46,4443	68,723	46,4443	65,7198	46,4443	63,7329	46,4443	68,7294	46,4443	65,6737	46,4443	63,6601	
46,6085	68,7229	46,6085	65,7203	46,6085	63,7328	46,6085	68,7298	46,6085	65,6735	46,6085	63,6599	
46,7725	68,723	46,7725	65,7203	46,7725	63,7326	46,7725	68,7298	46,7725	65,6739	46,7725	63,6599	
46,9368	68,7225	46,9368	65,7198	46,9368	63,733	46,9368	68,7296	46,9368	65,674	46,9368	63,6601	
47,101	68,7221	47,101	65,7193	47,101	63,7329	47,101	68,7292	47,101	65,6738	47,101	63,6602	
47,2658	68,723	47,2658	65,7202	47,2658	63,733	47,2658	68,7294	47,2658	65,674	47,2658	63,66	
47,4298	68,7231	47,4298	65,7202	47,4298	63,7329	47,4298	68,7302	47,4298	65,6742	47,4298	63,6599	
47,5941	68,7228	47,5941	65,7199	47,5941	63,7329	47,5941	68,7294	47,5941	65,6736	47,5941	63,6599	
47,7581	68,724	47,7581	65,7208	47,7581	63,733	47,7581	68,7302	47,7581	65,6742	47,7581	63,6601	
47,9223	68,7224	47,9223	65,7198	47,9223	63,7326	47,9223	68,7295	47,9223	65,6738	47,9223	63,66	
48,0869	68,7222	48,0869	65,7207	48,0869	63,7328	48,0869	68,7289	48,0869	65,6744	48,0869	63,66	
48,2511	68,7222	48,2511	65,7196	48,2511	63,733	48,2511	68,7297	48,2511	65,6737	48,2511	63,66	
48,4151	68,7228	48,4151	65,7199	48,4151	63,7329	48,4151	68,7301	48,4151	65,6742	48,4151	63,6599	
48,5788	68,723	48,5788	65,7208	48,5788	63,733	48,5788	68,7298	48,5788	65,6738	48,5788	63,6601	
48,7429	68,7226	48,7429	65,7204	48,7429	63,733	48,7429	68,7307	48,7429	65,6747	48,7429	63,6601	
48,9063	68,7228	48,9063	65,7199	48,9063	63,7327	48,9063	68,7302	48,9063	65,6741	48,9063	63,66	
49,0703	68,7233	49,0703	65,72	49,0703	63,7329	49,0703	68,7297	49,0703	65,6744	49,0703	63,6601	
49,2348	68,7228	49,2348	65,7201	49,2348	63,7327	49,2348	68,7293	49,2348	65,6737	49,2348	63,6599	
49,3985	68,7225	49,3985	65,7198	49,3985	63,7329	49,3985	68,7295	49,3985	65,6737	49,3985	63,6601	
49,5622	68,7231	49,5622	65,7196	49,5622	63,733	49,5622	68,7296	49,5622	65,6733	49,5622	63,66	
49,7259	68,7232	49,7259	65,7193	49,7259	63,7327	49,7259	68,7295	49,7259	65,6736	49,7259	63,6603	
49,8902	68,7225	49,8902	65,7199	49,8902	63,7326	49,8902	68,7298	49,8902	65,6742	49,8902	63,6602	
50,0541	68,7233	50,0541	65,7209	50,0541	63,733	50,0541	68,7304	50,0541	65,674	50,0541	63,6605	
50,2192	68,7232	50,2192	65,7199	50,2192	63,7332	50,2192	68,73	50,2192	65,6742	50,2192	63,6604	
50,3827	68,7234	50,3827	65,7198	50,3827	63,7331	50,3827	68,7305	50,3827	65,6737	50,3827	63,6602	
50,5475	68,7239	50,5475	65,7198	50,5475	63,7329	50,5475	68,7303	50,5475	65,6738	50,5475	63,6603	
50,7121	68,7232	50,7121	65,7202	50,7121	63,7331	50,7121	68,7301	50,7121	65,6743	50,7121	63,6604	
50,8763	68,7238	50,8763	65,7207	50,8763	63,7331	50,8763	68,7301	50,8763	65,6743	50,8763	63,6605	
51,04	68,7232	51,04	65,7201	51,04	63,733	51,04	68,7296	51,04	65,6741	51,04	63,6604	
51,204	68,7228	51,204	65,7209	51,204	63,733	51,204	68,7297	51,204	65,6739	51,204	63,6603	
51,3677	68,7231	51,3677	65,7204	51,3677	63,7333	51,3677	68,7289	51,3677	65,6741	51,3677	63,6604	
51,5314	68,7225	51,5314	65,7195	51,5314	63,733	51,5314	68,7302	51,5314	65,6748	51,5314	63,6604	
51,6962	68,7228	51,6962	65,72	51,6962	63,7329	51,6962	68,7289	51,6962	65,6742	51,6962	63,6602	
51,8603	68,7233	51,8603	65,7199	51,8603	63,7332	51,8603	68,7307	51,8603	65,6744	51,8603	63,6605	
52,0242	68,7233	52,0242	65,7202	52,0242	63,7333	52,0242	68,7304	52,0242	65,6739	52,0242	63,6605	
52,1885	68,7226	52,1885	65,7198	52,1885	63,7329	52,1885	68,7306	52,1885	65,6741	52,1885	63,6602	
52,3528	68,723	52,3528	65,7206	52,3528	63,7331	52,3528	68,7304	52,3528	65,6743	52,3528	63,6605	
52,5171	68,723	52,5171	65,7197	52,5171	63,7334	52,5171	68,7305	52,5171	65,674	52,5171	63,6605	
52,6814	68,724	52,6814	65,7196	52,6814	63,7333	52,6814	68,7303	52,6814	65,674	52,6814	63,6604	
52,8454	68,7229	52,8454	65,7199	52,8454	63,733	52,8454	68,7298	52,8454	65,6745	52,8454	63,6605	
53,0094	68,723	53,0094	65,7198	53,0094	63,7329	53,0094	68,7299	53,0094	65,674	53,0094	63,6604	
53,1742	68,7225	53,1742	65,7198	53,1742	63,7331	53,1742	68,7299	53,1742	65,6744	53,1742	63,6605	
53,3387	68,7237	53,3387	65,7199	53,3387	63,7332	53,3387	68,73	53,3387	65,6741	53,3387	63,6604	
53,5024	68,7233	53,5024	65,7194	53,5024	63,7329	53,5024	68,73	53,5024	65,6749	53,5024	63,6605	
53,667	68,7231	53,667	65,7203	53,667	63,7333	53,667	68,7307	53,667	65,6741	53,667	63,6607	
53,831	68,7235	53,831	65,7205	53,831	63,7331	53,831	68,7298	53,831	65,6742	53,831	63,6604	
53,9947	68,723	53,9947	65,7201	53,9947	63,7333	53,9947	68,7296	53,9947	65,674	53,9947	63,6603	
54,1589	68,7238	54,1589	65,7204	54,1589	63,7331	54,1589	68,7302	54,1589	65,6744	54,1589	63,6604	
54,3231	68,7229	54,3231	65,7199	54,3231	63,7332	54,3231	68,728	54,3231	65,6749	54,3231	63,6601	
54,4871	68,7231	54,4871	65,7196	54,4871	63,7331	54,4871	68,73	54,4871	65,6743	54,4871	63,6605	
54,6516	68,7225	54,6516	65,7198	54,6516	63,7331	54,6516	68,7301	54,6516	65,6737	54,6516	63,6602	
54,8155	68,7229	54,8155	65,72	54,8155	63,733	54,8155	68,7299	54,8155	65,6748	54,8155	63,6603	
54,9797	68,7237	54,9797	65,7204	54,9797	63,7332	54,9797	68,7299	54,9797	65,6741	54,9797	63,6604	
55,1432	68,7231	55,1432	65,7205	55,1432	63,7334	55,1432	68,7298	55,1432	65,6742	55,1432	63,6607	
55,3071	68,723	55,3071	65,7202	55,3071	63,7333	55,3071	68,7298	55,3071	65,6737	55,3071	63,6605	
55,4714	68,7238	55,4714	65,7205	55,4714	63,7329	55,4714	68,7304	55,4714	65,6746	55,4714	63,6605	
55,6359	68,7233	55,6359	65,7199	55,6359	63,7332	55,6359	68,7303	55,6359	65,6743	55,6359	63,6606	
55,7999	68,7232	55,7999	65,7199	55,7999	63,7333	55,7999	68,7304	55,7999	65,6741	55,7999	63,6605	
55,9641	68,7227	55,9641	65,7205	55,9641	63,7333	55,9641	68,7299	55,9641	65,6747	55,9641	63,6605	
56,1284	68,7227	56,1284	65,7206	56,1284	63,7332	56,1284	68,7303	56,1284	65,6743	56,1284	63,6606	
56,2921	68,7239	56,2921	65,7197	56,2921	63,7333	56,2921	68,7301	56,2921	65,6741	56,2921	63,6606	
56,4561	68,7233	56,4561	65,7205	56,4561	63,7332	56,4561	68,7313	56,4561	65,6748	56,4561	63,6606	
56,6206	68,7234	56,6206	65,7203	56,6206	63,7333	56,6206	68,7304	56,6206	65,6747	56,6206	63,6604	
56,7853	68,7234	56,7853	65,7207	56,7853	63,7334	56,7853	68,731	56,7853	65,6738	56,7853	63,6603	
56,9492	68,7242	56,9492	65,7211	56,9492	63,7334	56,9492	68,7307	56,9492	65,6744	56,9492	63,6607	
57,114	68,7235	57,114	65,7198	57,114	63,7334	57,114	68,7309	57,114	65,6749	57,114	63,6608	
57,2783	68,7236	57,2783	65,7203	57,2783	63,7333	57,2783	68,7307	57,2783	65,6745	57,2783	63,6605	
57,4423	68,723	57,4423	65,7202	57,4423	63,7332	57,4423	68,73	57,4423	65,6739	57,4423	63,6607	
57,6071	68,7238	57,6071	65,72	57,6071	63,7334	57,6071	68,7303	57,6071	65,6746	57,6071	63,6606	
57,7711	68,7234	57,7711	65,72	57,7711	63,7334	57,7711	68,7295	57,7711	65,6743	57,7711	63,6607	
57,9351	68,7225	57,9351	65,7211	57,9351	63,7332	57,9351	68,7293	57,9351	65,6742	57,9351	63,6607	
58,0988	68,7229	58,0988	65,7202	58,0988	63,7335	58,0988	68,7299	58,0988	65,6753	58,0988	63,6609	
58,2628	68,7236	58,2628	65,7203	58,2628	63,7333	58,2628	68,7308	58,2628	65,6744	58,2628	63,6608	
58,4268	68,7238	58,4268	65,7204	58,4268	63,7333	58,4268	68,73	58,4268	65,6747	58,4268	63,6609	
58,5905	68,7236	58,5905	65,7199	58,5905	63,7336	58,5905	68,7302	58,5905	65,6744	58,5905	63,6608	
58,7546	68,7235	58,7546	65,7205	58,7546	63,7333	58,7546	68,7304	58,7546	65,6743	58,7546	63,6607	
58,9185	68,7243	58,9185	65,7201	58,9185	63,7334	58,9185	68,7299	58,9185	65,6744	58,9185	63,6608	
59,0828	68,7231	59,0828	65,7212	59,0828	63,7335	59,0828	68,7302	59,0828	65,6743	59,0828	63,6606	
59,2469	68,7231	59,2469	65,7199	59,2469	63,7336	59,2469	68,7301	59,2469	65,6741	59,2469	63,6605	
59,4109	68,7227	59,4109	65,7198	59,4109	63,7333	59,4109	68,7302	59,4109	65,6743	59,4109	63,6607	
59,5751	68,7239	59,5751	65,7201	59,5751	63,7334	59,5751	68,73	59,5751	65,6744	59,5751	63,6606	
59,7386	68,723	59,7386	65,7201	59,7386	63,7333	59,7386	68,7311	59,7386	65,6747	59,7386	63,6608	
59,9026	68,7236	59,9026	65,7206	59,9026	63,7336	59,9026	68,7303	59,9026	65,6753	59,9026	63,6609	
60,0663	68,7223	60,0663	65,7203	60,0663	63,7332	60,0663	68,7304	60,0663	65,6745	60,0663	63,6603	
60,2303	68,723	60,2303	65,7201	60,2303	63,7333	60,2303	68,73	60,2303	65,6739	60,2303	63,6604	
60,394	68,723	60,394	65,7204	60,394	63,7334	60,394	68,7311	60,394	65,675	60,394	63,6606	
60,5579	68,7232	60,5579	65,7202	60,5579	63,7332	60,5579	68,7312	60,5579	65,6746	60,5579	63,6607	
60,7222	68,724	60,7222	65,7207	60,7222	63,7336	60,7222	68,7304	60,7222	65,675	60,7222	63,6606	
60,8859	68,7235	60,8859	65,7211	60,8859	63,7335	60,8859	68,7301	60,8859	65,674	60,8859	63,6606	
61,0496	68,7236	61,0496	65,721	61,0496	63,7333	61,0496	68,7297	61,0496	65,6745	61,0496	63,6606	
61,2139	68,7236	61,2139	65,7202	61,2139	63,7331	61,2139	68,7306	61,2139	65,6745	61,2139	63,6603	
61,3778	68,7227	61,3778	65,7203	61,3778	63,7331	61,3778	68,7305	61,3778	65,6747	61,3778	63,6607	
61,5416	68,7238	61,5416	65,7203	61,5416	63,7335	61,5416	68,7304	61,5416	65,6743	61,5416	63,6605	
61,7053	68,7231	61,7053	65,7204	61,7053	63,7332	61,7053	68,7305	61,7053	65,6753	61,7053	63,6606	
61,8693	68,7239	61,8693	65,7204	61,8693	63,7333	61,8693	68,73	61,8693	65,6748	61,8693	63,6606	
62,0333	68,7234	62,0333	65,7203	62,0333	63,733	62,0333	68,7304	62,0333	65,6742	62,0333	63,6601	
62,197	68,7237	62,197	65,7196	62,197	63,7333	62,197	68,7305	62,197	65,6747	62,197	63,6604	
62,3604	68,7245	62,3604	65,72	62,3604	63,7333	62,3604	68,7303	62,3604	65,6748	62,3604	63,6604	
62,5242	68,7229	62,5242	65,7203	62,5242	63,7333	62,5242	68,7308	62,5242	65,6745	62,5242	63,6606	
62,688	68,7227	62,688	65,7204	62,688	63,7331	62,688	68,7307	62,688	65,6746	62,688	63,6605	
62,8514	68,7237	62,8514	65,7197	62,8514	63,7332	62,8514	68,7305	62,8514	65,6743	62,8514	63,6604	
63,0156	68,7228	63,0156	65,7202	63,0156	63,7331	63,0156	68,7305	63,0156	65,6747	63,0156	63,6604	
63,1793	68,7244	63,1793	65,7199	63,1793	63,7332	63,1793	68,7304	63,1793	65,6743	63,1793	63,6607	
63,343	68,7233	63,343	65,7198	63,343	63,7334	63,343	68,7313	63,343	65,6742	63,343	63,6608	
63,5071	68,7239	63,5071	65,7206	63,5071	63,7335	63,5071	68,731	63,5071	65,6749	63,5071	63,6608	
63,6708	68,7231	63,6708	65,721	63,6708	63,7334	63,6708	68,729	63,6708	65,6745	63,6708	63,6605	
63,8345	68,7228	63,8345	65,721	63,8345	63,7333	63,8345	68,7299	63,8345	65,6749	63,8345	63,6605	
63,9989	68,7234	63,9989	65,72	63,9989	63,7334	63,9989	68,7304	63,9989	65,6741	63,9989	63,6606	
64,1627	68,7233	64,1627	65,7201	64,1627	63,7332	64,1627	68,7309	64,1627	65,6745	64,1627	63,6607	
64,3267	68,7235	64,3267	65,7201	64,3267	63,7333	64,3267	68,73	64,3267	65,6745	64,3267	63,6604	
64,491	68,7237	64,491	65,721	64,491	63,7334	64,491	68,7297	64,491	65,6751	64,491	63,6608	
64,6549	68,7261	64,6549	65,7209	64,6549	63,7341	64,6549	68,7312	64,6549	65,6755	64,6549	63,6606	
64,8186	68,7522	64,8186	65,7356	64,8186	63,741	64,8186	68,731	64,8186	65,6745	64,8186	63,6607	
64,9826	68,7912	64,9826	65,7622	64,9826	63,7599	64,9826	68,7302	64,9826	65,6747	64,9826	63,6606	
65,1463	68,7995	65,1463	65,7685	65,1463	63,7661	65,1463	68,7303	65,1463	65,675	65,1463	63,6607	
65,3103	68,8037	65,3103	65,7729	65,3103	63,7697	65,3103	68,7299	65,3103	65,6749	65,3103	63,6606	
65,474	68,8083	65,474	65,7761	65,474	63,7721	65,474	68,7295	65,474	65,6746	65,474	63,6605	
65,6377	68,8081	65,6377	65,7783	65,6377	63,7744	65,6377	68,7314	65,6377	65,6744	65,6377	63,6607	
65,8015	68,8107	65,8015	65,7786	65,8015	63,7751	65,8015	68,7305	65,8015	65,6744	65,8015	63,6605	
65,9652	68,8131	65,9652	65,7803	65,9652	63,7762	65,9652	68,7305	65,9652	65,6748	65,9652	63,6608	
66,1289	68,8139	66,1289	65,7808	66,1289	63,7771	66,1289	68,7307	66,1289	65,6739	66,1289	63,6607	
66,2932	68,8141	66,2932	65,7818	66,2932	63,7772	66,2932	68,7313	66,2932	65,6745	66,2932	63,6607	
66,457	68,8133	66,457	65,7817	66,457	63,7777	66,457	68,7306	66,457	65,6743	66,457	63,6608	
66,6207	68,8149	66,6207	65,7821	66,6207	63,7777	66,6207	68,7309	66,6207	65,6741	66,6207	63,6606	
66,7847	68,8135	66,7847	65,7824	66,7847	63,7778	66,7847	68,7307	66,7847	65,6742	66,7847	63,6607	
66,9484	68,8158	66,9484	65,7822	66,9484	63,7776	66,9484	68,7309	66,9484	65,6749	66,9484	63,6606	
67,1122	68,8153	67,1122	65,782	67,1122	63,778	67,1122	68,731	67,1122	65,6746	67,1122	63,6605	
67,2761	68,8138	67,2761	65,7815	67,2761	63,7778	67,2761	68,7305	67,2761	65,6745	67,2761	63,6605	
67,4401	68,8143	67,4401	65,7823	67,4401	63,778	67,4401	68,7309	67,4401	65,6747	67,4401	63,6605	
67,6038	68,8156	67,6038	65,7822	67,6038	63,7773	67,6038	68,7316	67,6038	65,6749	67,6038	63,6604	
67,7678	68,8158	67,7678	65,7824	67,7678	63,778	67,7678	68,7305	67,7678	65,6744	67,7678	63,6607	
67,9321	68,8155	67,9321	65,7825	67,9321	63,7779	67,9321	68,73	67,9321	65,6744	67,9321	63,6604	
68,0958	68,8158	68,0958	65,7828	68,0958	63,7785	68,0958	68,7303	68,0958	65,674	68,0958	63,6606	
68,2595	68,815	68,2595	65,782	68,2595	63,7779	68,2595	68,7308	68,2595	65,6746	68,2595	63,6604	
68,4232	68,8163	68,4232	65,7825	68,4232	63,778	68,4232	68,7305	68,4232	65,6747	68,4232	63,6607	
68,587	68,8154	68,587	65,7826	68,587	63,7781	68,587	68,7299	68,587	65,6743	68,587	63,6604	
68,751	68,8157	68,751	65,782	68,751	63,7782	68,751	68,7305	68,751	65,6747	68,751	63,6606	
68,9148	68,8134	68,9148	65,7819	68,9148	63,778	68,9148	68,7288	68,9148	65,6745	68,9148	63,6607	
69,0785	68,8153	69,0785	65,7818	69,0785	63,778	69,0785	68,7312	69,0785	65,6744	69,0785	63,6604	
69,242	68,8149	69,242	65,7825	69,242	63,7781	69,242	68,7299	69,242	65,6743	69,242	63,6603	
69,4055	68,8145	69,4055	65,7829	69,4055	63,778	69,4055	68,7284	69,4055	65,6736	69,4055	63,6604	
69,5692	68,8162	69,5692	65,7819	69,5692	63,7784	69,5692	68,7302	69,5692	65,6748	69,5692	63,6606	
69,7334	68,8161	69,7334	65,7821	69,7334	63,7781	69,7334	68,7303	69,7334	65,6746	69,7334	63,6603	
69,8971	68,8161	69,8971	65,7827	69,8971	63,7781	69,8971	68,7303	69,8971	65,6742	69,8971	63,6603	
70,0606	68,8152	70,0606	65,7825	70,0606	63,7781	70,0606	68,7304	70,0606	65,6742	70,0606	63,6601	
70,2243	68,8161	70,2243	65,7826	70,2243	63,7782	70,2243	68,7296	70,2243	65,6741	70,2243	63,6603	
70,3877	68,8156	70,3877	65,7828	70,3877	63,7779	70,3877	68,7302	70,3877	65,6742	70,3877	63,6602	
70,552	68,8148	70,552	65,7821	70,552	63,7776	70,552	68,7296	70,552	65,6739	70,552	63,6603	
70,7154	68,8153	70,7154	65,7822	70,7154	63,7775	70,7154	68,7299	70,7154	65,674	70,7154	63,6603	
70,8792	68,8146	70,8792	65,7816	70,8792	63,7773	70,8792	68,7299	70,8792	65,6739	70,8792	63,6602	
71,0437	68,8143	71,0437	65,7816	71,0437	63,7769	71,0437	68,7294	71,0437	65,6739	71,0437	63,6601	
71,2072	68,8142	71,2072	65,7806	71,2072	63,7766	71,2072	68,7302	71,2072	65,674	71,2072	63,6603	
71,3709	68,813	71,3709	65,7803	71,3709	63,7763	71,3709	68,7302	71,3709	65,6739	71,3709	63,66	
71,5346	68,8123	71,5346	65,7801	71,5346	63,7759	71,5346	68,7286	71,5346	65,6737	71,5346	63,66	
71,6985	68,8117	71,6985	65,7789	71,6985	63,7755	71,6985	68,7296	71,6985	65,6736	71,6985	63,6598	
71,8623	68,8118	71,8623	65,7792	71,8623	63,7748	71,8623	68,7296	71,8623	65,6737	71,8623	63,6599	
72,0257	68,8109	72,0257	65,7785	72,0257	63,7746	72,0257	68,729	72,0257	65,6733	72,0257	63,66	
72,1892	68,8112	72,1892	65,7781	72,1892	63,774	72,1892	68,7296	72,1892	65,6733	72,1892	63,6598	
72,3529	68,8099	72,3529	65,7778	72,3529	63,7739	72,3529	68,7285	72,3529	65,6741	72,3529	63,66	
72,5166	68,8084	72,5166	65,7771	72,5166	63,7734	72,5166	68,7293	72,5166	65,6732	72,5166	63,6598	
72,6812	68,8085	72,6812	65,7763	72,6812	63,7725	72,6812	68,7291	72,6812	65,6737	72,6812	63,6596	
72,8448	68,8025	72,8448	65,7724	72,8448	63,7684	72,8448	68,7289	72,8448	65,6732	72,8448	63,6598	
73,0094	68,7986	73,0094	65,7686	73,0094	63,7658	73,0094	68,7295	73,0094	65,6734	73,0094	63,6599	
73,1738	68,7961	73,1738	65,7664	73,1738	63,7633	73,1738	68,7291	73,1738	65,6735	73,1738	63,66	
73,3375	68,7924	73,3375	65,7628	73,3375	63,7605	73,3375	68,7306	73,3375	65,6741	73,3375	63,6599	
73,5017	68,7886	73,5017	65,7595	73,5017	63,7579	73,5017	68,7294	73,5017	65,6731	73,5017	63,6598	
73,666	68,7789	73,666	65,7539	73,666	63,754	73,666	68,7292	73,666	65,6729	73,666	63,6598	
73,83	68,7482	73,83	65,7369	73,83	63,7438	73,83	68,7292	73,83	65,6735	73,83	63,6598	
73,9939	68,7325	73,9939	65,7251	73,9939	63,7361	73,9939	68,7293	73,9939	65,6733	73,9939	63,6598	
74,1585	68,725	74,1585	65,7208	74,1585	63,734	74,1585	68,7297	74,1585	65,6733	74,1585	63,6597	
74,3225	68,7232	74,3225	65,7201	74,3225	63,7331	74,3225	68,7303	74,3225	65,6736	74,3225	63,6597	
74,4868	68,7223	74,4868	65,7202	74,4868	63,7328	74,4868	68,7294	74,4868	65,6737	74,4868	63,6597	
74,6511	68,7223	74,6511	65,7198	74,6511	63,7329	74,6511	68,7287	74,6511	65,6736	74,6511	63,6599	
74,8156	68,7226	74,8156	65,7194	74,8156	63,7328	74,8156	68,7295	74,8156	65,6733	74,8156	63,6598	
74,9793	68,7226	74,9793	65,7193	74,9793	63,7326	74,9793	68,7296	74,9793	65,6733	74,9793	63,6599	
75,1427	68,7217	75,1427	65,7191	75,1427	63,7328	75,1427	68,7293	75,1427	65,6735	75,1427	63,6598	
75,3064	68,7221	75,3064	65,7191	75,3064	63,7328	75,3064	68,7287	75,3064	65,6734	75,3064	63,6598	
75,471	68,7222	75,471	65,7194	75,471	63,7327	75,471	68,7303	75,471	65,6738	75,471	63,66	
75,6353	68,7222	75,6353	65,7197	75,6353	63,7327	75,6353	68,7296	75,6353	65,6738	75,6353	63,6599	
75,799	68,7222	75,799	65,7193	75,799	63,7328	75,799	68,7298	75,799	65,6739	75,799	63,6599	
75,9627	68,7216	75,9627	65,7197	75,9627	63,7327	75,9627	68,7293	75,9627	65,6741	75,9627	63,66	
76,1269	68,7218	76,1269	65,7201	76,1269	63,7327	76,1269	68,7294	76,1269	65,6738	76,1269	63,6601	
76,2918	68,7214	76,2918	65,7196	76,2918	63,7327	76,2918	68,7294	76,2918	65,6737	76,2918	63,66	
76,4566	68,7217	76,4566	65,7204	76,4566	63,7327	76,4566	68,7295	76,4566	65,6736	76,4566	63,6599	
76,6214	68,722	76,6214	65,7198	76,6214	63,7322	76,6214	68,7295	76,6214	65,6738	76,6214	63,6599	
76,7857	68,7212	76,7857	65,7193	76,7857	63,7328	76,7857	68,7287	76,7857	65,6732	76,7857	63,66	
76,9502	68,7207	76,9502	65,7196	76,9502	63,7325	76,9502	68,7282	76,9502	65,6735	76,9502	63,66	
77,1141	68,7211	77,1141	65,7197	77,1141	63,7327	77,1141	68,7301	77,1141	65,6736	77,1141	63,6599	
77,2791	68,7212	77,2791	65,7197	77,2791	63,7325	77,2791	68,7298	77,2791	65,674	77,2791	63,6602	
77,443	68,7216	77,443	65,7198	77,443	63,7326	77,443	68,7303	77,443	65,6739	77,443	63,66	
77,607	68,7232	77,607	65,7205	77,607	63,7329	77,607	68,7302	77,607	65,6744	77,607	63,6601	
77,7716	68,7229	77,7716	65,7195	77,7716	63,7328	77,7716	68,7303	77,7716	65,6738	77,7716	63,6602	
77,9364	68,7214	77,9364	65,7195	77,9364	63,7329	77,9364	68,7292	77,9364	65,6734	77,9364	63,6601	
78,1006	68,7215	78,1006	65,7198	78,1006	63,7329	78,1006	68,7307	78,1006	65,6738	78,1006	63,6602	
78,2657	68,7222	78,2657	65,7198	78,2657	63,7328	78,2657	68,7298	78,2657	65,6738	78,2657	63,6601	
78,4297	68,7223	78,4297	65,7198	78,4297	63,7328	78,4297	68,73	78,4297	65,6739	78,4297	63,6602	
78,5937	68,722	78,5937	65,7189	78,5937	63,7328	78,5937	68,7302	78,5937	65,6735	78,5937	63,6602	
78,7576	68,7218	78,7576	65,7193	78,7576	63,7329	78,7576	68,7294	78,7576	65,6737	78,7576	63,6602	
78,9224	68,7215	78,9224	65,7193	78,9224	63,7328	78,9224	68,7294	78,9224	65,6735	78,9224	63,6601	
79,0864	68,7211	79,0864	65,7191	79,0864	63,7327	79,0864	68,7296	79,0864	65,6735	79,0864	63,6601	
79,2506	68,7222	79,2506	65,7195	79,2506	63,7328	79,2506	68,73	79,2506	65,6741	79,2506	63,66	
