Time (min) - L1 670nm	 - L1 670nm	Time (min) - L2 785nm	 - L2 785nm	Time (min) - L3 980nm	 - L3 980nm	Time (min) - L5 670nm	 - L5 670nm	Time (min) - L6 785nm	 - L6 785nm	Time (min) - L7 980nm	 - L7 980nm	
0,174283	68,7214	0,174283	65,7197	0,174283	63,7356	0,174283	68,7343	0,174283	65,6782	0,174283	63,6651	
0,338533	68,7204	0,338533	65,7201	0,338533	63,7344	0,338533	68,7322	0,338533	65,6774	0,338533	63,664	
0,503833	68,7192	0,503833	65,7186	0,503833	63,7339	0,503833	68,7323	0,503833	65,6767	0,503833	63,6633	
0,667833	68,7182	0,667833	65,7182	0,667833	63,7339	0,667833	68,7321	0,667833	65,6761	0,667833	63,663	
0,832083	68,7189	0,832083	65,718	0,832083	63,7333	0,832083	68,7321	0,832083	65,6755	0,832083	63,6626	
0,997183	68,7166	0,997183	65,717	0,997183	63,7332	0,997183	68,7304	0,997183	65,675	0,997183	63,6622	
1,16088	68,7171	1,16088	65,7174	1,16088	63,7327	1,16088	68,7309	1,16088	65,6747	1,16088	63,6618	
1,32515	68,7165	1,32515	65,7168	1,32515	63,7323	1,32515	68,7306	1,32515	65,6744	1,32515	63,6617	
1,48938	68,7188	1,48938	65,7169	1,48938	63,7324	1,48938	68,7302	1,48938	65,6743	1,48938	63,6618	
1,6531	68,7166	1,6531	65,7165	1,6531	63,7319	1,6531	68,7296	1,6531	65,6744	1,6531	63,6616	
1,8171	68,717	1,8171	65,7169	1,8171	63,732	1,8171	68,7306	1,8171	65,6745	1,8171	63,6614	
1,98143	68,7162	1,98143	65,7163	1,98143	63,7318	1,98143	68,7301	1,98143	65,6738	1,98143	63,6611	
2,14595	68,7179	2,14595	65,7165	2,14595	63,7315	2,14595	68,7297	2,14595	65,6749	2,14595	63,6608	
2,31048	68,7158	2,31048	65,7168	2,31048	63,7316	2,31048	68,7296	2,31048	65,6739	2,31048	63,6609	
2,47447	68,7168	2,47447	65,7166	2,47447	63,7314	2,47447	68,7298	2,47447	65,6738	2,47447	63,6607	
2,63928	68,7165	2,63928	65,7161	2,63928	63,7313	2,63928	68,729	2,63928	65,6736	2,63928	63,6606	
2,80303	68,7168	2,80303	65,7156	2,80303	63,7312	2,80303	68,7293	2,80303	65,6729	2,80303	63,6607	
2,96675	68,7173	2,96675	65,7165	2,96675	63,7315	2,96675	68,7292	2,96675	65,6736	2,96675	63,6608	
3,13045	68,7154	3,13045	65,7159	3,13045	63,7315	3,13045	68,7289	3,13045	65,6734	3,13045	63,6606	
3,29495	68,7158	3,29495	65,7161	3,29495	63,731	3,29495	68,7295	3,29495	65,6744	3,29495	63,6603	
3,4589	68,7173	3,4589	65,7154	3,4589	63,731	3,4589	68,7287	3,4589	65,673	3,4589	63,6603	
3,62305	68,7155	3,62305	65,7162	3,62305	63,7309	3,62305	68,73	3,62305	65,6738	3,62305	63,6602	
3,7873	68,7164	3,7873	65,7151	3,7873	63,7309	3,7873	68,7291	3,7873	65,6732	3,7873	63,6602	
3,95187	68,7158	3,95187	65,7156	3,95187	63,7309	3,95187	68,7286	3,95187	65,6728	3,95187	63,66	
4,11638	68,7159	4,11638	65,7151	4,11638	63,731	4,11638	68,7268	4,11638	65,6727	4,11638	63,6601	
4,28072	68,7159	4,28072	65,7163	4,28072	63,731	4,28072	68,7296	4,28072	65,6736	4,28072	63,6599	
4,44522	68,7168	4,44522	65,716	4,44522	63,7309	4,44522	68,7286	4,44522	65,6726	4,44522	63,6601	
4,60943	68,7166	4,60943	65,7159	4,60943	63,7309	4,60943	68,7285	4,60943	65,6736	4,60943	63,66	
4,77288	68,7162	4,77288	65,7153	4,77288	63,7305	4,77288	68,7291	4,77288	65,6725	4,77288	63,6598	
4,93633	68,7167	4,93633	65,7162	4,93633	63,7309	4,93633	68,7287	4,93633	65,6739	4,93633	63,6599	
5,10137	68,7155	5,10137	65,7162	5,10137	63,7304	5,10137	68,7283	5,10137	65,673	5,10137	63,6597	
5,26613	68,7153	5,26613	65,7157	5,26613	63,7308	5,26613	68,7279	5,26613	65,6726	5,26613	63,6596	
5,42987	68,7153	5,42987	65,7154	5,42987	63,7309	5,42987	68,7273	5,42987	65,6725	5,42987	63,6599	
5,59332	68,7158	5,59332	65,7155	5,59332	63,7309	5,59332	68,7284	5,59332	65,6723	5,59332	63,6599	
5,7573	68,7155	5,7573	65,7154	5,7573	63,7305	5,7573	68,7271	5,7573	65,673	5,7573	63,6593	
5,92075	68,7155	5,92075	65,7155	5,92075	63,7305	5,92075	68,7278	5,92075	65,6724	5,92075	63,6597	
6,08445	68,7161	6,08445	65,7155	6,08445	63,7304	6,08445	68,7288	6,08445	65,6736	6,08445	63,6598	
6,24897	68,7159	6,24897	65,7155	6,24897	63,7307	6,24897	68,7289	6,24897	65,6728	6,24897	63,6598	
6,41272	68,7157	6,41272	65,7155	6,41272	63,7307	6,41272	68,7269	6,41272	65,673	6,41272	63,66	
6,57643	68,7166	6,57643	65,7155	6,57643	63,7309	6,57643	68,7283	6,57643	65,6721	6,57643	63,6601	
6,73992	68,7162	6,73992	65,7157	6,73992	63,731	6,73992	68,7281	6,73992	65,6724	6,73992	63,6599	
6,90417	68,7159	6,90417	65,7159	6,90417	63,7308	6,90417	68,7285	6,90417	65,6727	6,90417	63,6597	
7,06788	68,7166	7,06788	65,7154	7,06788	63,7308	7,06788	68,7288	7,06788	65,6725	7,06788	63,66	
7,23162	68,7153	7,23162	65,7156	7,23162	63,7305	7,23162	68,7275	7,23162	65,6724	7,23162	63,6597	
7,39597	68,7148	7,39597	65,716	7,39597	63,7307	7,39597	68,7268	7,39597	65,673	7,39597	63,66	
7,5605	68,7158	7,5605	65,716	7,5605	63,7308	7,5605	68,7278	7,5605	65,6723	7,5605	63,66	
7,72447	68,7169	7,72447	65,7162	7,72447	63,7306	7,72447	68,7274	7,72447	65,6738	7,72447	63,6597	
7,88875	68,7153	7,88875	65,7159	7,88875	63,7306	7,88875	68,7279	7,88875	65,6726	7,88875	63,6599	
8,0533	68,716	8,0533	65,717	8,0533	63,7309	8,0533	68,728	8,0533	65,6725	8,0533	63,66	
8,2176	68,7159	8,2176	65,716	8,2176	63,7308	8,2176	68,7286	8,2176	65,6726	8,2176	63,6599	
8,38128	68,7164	8,38128	65,7163	8,38128	63,7306	8,38128	68,728	8,38128	65,673	8,38128	63,6598	
8,54555	68,7155	8,54555	65,7157	8,54555	63,7309	8,54555	68,7279	8,54555	65,6728	8,54555	63,6601	
8,70927	68,7154	8,70927	65,7155	8,70927	63,7307	8,70927	68,7284	8,70927	65,6724	8,70927	63,6602	
8,87357	68,7171	8,87357	65,7163	8,87357	63,7309	8,87357	68,7277	8,87357	65,6735	8,87357	63,6601	
9,03755	68,7166	9,03755	65,7156	9,03755	63,7308	9,03755	68,7284	9,03755	65,6739	9,03755	63,6601	
9,20128	68,7155	9,20128	65,7159	9,20128	63,731	9,20128	68,7283	9,20128	65,6724	9,20128	63,6597	
9,36608	68,7167	9,36608	65,7161	9,36608	63,7308	9,36608	68,7278	9,36608	65,6723	9,36608	63,6597	
9,53032	68,7159	9,53032	65,7159	9,53032	63,7309	9,53032	68,7284	9,53032	65,6737	9,53032	63,66	
9,69457	68,7157	9,69457	65,7161	9,69457	63,7309	9,69457	68,7286	9,69457	65,6729	9,69457	63,66	
9,85935	68,7162	9,85935	65,7158	9,85935	63,731	9,85935	68,7275	9,85935	65,6727	9,85935	63,6602	
10,0233	68,7167	10,0233	65,7159	10,0233	63,7313	10,0233	68,7283	10,0233	65,6731	10,0233	63,6601	
10,1873	68,716	10,1873	65,7163	10,1873	63,731	10,1873	68,7276	10,1873	65,6727	10,1873	63,6598	
10,351	68,7168	10,351	65,7163	10,351	63,731	10,351	68,7283	10,351	65,6729	10,351	63,66	
10,5147	68,7155	10,5147	65,7162	10,5147	63,7312	10,5147	68,7282	10,5147	65,6734	10,5147	63,6599	
10,6792	68,7159	10,6792	65,7159	10,6792	63,731	10,6792	68,7283	10,6792	65,6727	10,6792	63,6601	
10,8435	68,7154	10,8435	65,7164	10,8435	63,731	10,8435	68,728	10,8435	65,6722	10,8435	63,6599	
11,0072	68,7173	11,0072	65,7163	11,0072	63,7309	11,0072	68,7272	11,0072	65,6728	11,0072	63,6597	
11,1715	68,7158	11,1715	65,7155	11,1715	63,7309	11,1715	68,7275	11,1715	65,6721	11,1715	63,6597	
11,3352	68,7158	11,3352	65,7161	11,3352	63,7307	11,3352	68,7277	11,3352	65,6723	11,3352	63,6595	
11,4997	68,7159	11,4997	65,7157	11,4997	63,7307	11,4997	68,728	11,4997	65,6729	11,4997	63,6591	
11,6635	68,7157	11,6635	65,7161	11,6635	63,7309	11,6635	68,7266	11,6635	65,672	11,6635	63,6595	
11,8278	68,7152	11,8278	65,7164	11,8278	63,7312	11,8278	68,727	11,8278	65,672	11,8278	63,6596	
11,9923	68,7159	11,9923	65,7165	11,9923	63,7308	11,9923	68,7278	11,9923	65,6725	11,9923	63,6594	
12,1561	68,7154	12,1561	65,7159	12,1561	63,7306	12,1561	68,7274	12,1561	65,6724	12,1561	63,6593	
12,3203	68,716	12,3203	65,7159	12,3203	63,7307	12,3203	68,7276	12,3203	65,6728	12,3203	63,6594	
12,4846	68,7154	12,4846	65,7161	12,4846	63,7309	12,4846	68,7265	12,4846	65,6722	12,4846	63,6594	
12,6486	68,717	12,6486	65,7153	12,6486	63,731	12,6486	68,7266	12,6486	65,6728	12,6486	63,6596	
12,8123	68,7158	12,8123	65,7157	12,8123	63,7305	12,8123	68,7289	12,8123	65,6722	12,8123	63,6593	
12,976	68,7165	12,976	65,7156	12,976	63,7308	12,976	68,7275	12,976	65,6721	12,976	63,6595	
13,14	68,716	13,14	65,716	13,14	63,7309	13,14	68,7276	13,14	65,6721	13,14	63,6596	
13,3047	68,716	13,3047	65,7161	13,3047	63,7311	13,3047	68,7278	13,3047	65,6726	13,3047	63,6595	
13,4691	68,716	13,4691	65,7161	13,4691	63,7309	13,4691	68,7281	13,4691	65,6715	13,4691	63,6596	
13,6326	68,7162	13,6326	65,7158	13,6326	63,7311	13,6326	68,7275	13,6326	65,6718	13,6326	63,6593	
13,7965	68,7163	13,7965	65,7159	13,7965	63,7305	13,7965	68,7275	13,7965	65,6724	13,7965	63,659	
13,9608	68,7155	13,9608	65,7159	13,9608	63,7305	13,9608	68,7263	13,9608	65,6721	13,9608	63,6595	
14,1249	68,7158	14,1249	65,7155	14,1249	63,7308	14,1249	68,7274	14,1249	65,6717	14,1249	63,6592	
14,2888	68,7155	14,2888	65,7156	14,2888	63,7305	14,2888	68,7274	14,2888	65,6726	14,2888	63,6592	
14,4529	68,716	14,4529	65,7159	14,4529	63,7308	14,4529	68,7268	14,4529	65,6716	14,4529	63,6593	
14,6166	68,716	14,6166	65,7156	14,6166	63,7307	14,6166	68,7271	14,6166	65,6725	14,6166	63,6591	
14,7806	68,7164	14,7806	65,7163	14,7806	63,7307	14,7806	68,7282	14,7806	65,6727	14,7806	63,6591	
14,9451	68,7165	14,9451	65,7159	14,9451	63,7309	14,9451	68,7269	14,9451	65,6717	14,9451	63,6592	
15,1093	68,7157	15,1093	65,7158	15,1093	63,7308	15,1093	68,7271	15,1093	65,6716	15,1093	63,6591	
15,2735	68,7151	15,2735	65,7158	15,2735	63,7306	15,2735	68,7275	15,2735	65,6729	15,2735	63,6594	
15,4375	68,717	15,4375	65,716	15,4375	63,7306	15,4375	68,7271	15,4375	65,6716	15,4375	63,6593	
15,6012	68,7159	15,6012	65,7157	15,6012	63,7305	15,6012	68,7272	15,6012	65,6721	15,6012	63,6593	
15,7655	68,7161	15,7655	65,716	15,7655	63,7304	15,7655	68,7267	15,7655	65,6725	15,7655	63,659	
15,9303	68,7157	15,9303	65,7164	15,9303	63,7306	15,9303	68,727	15,9303	65,6726	15,9303	63,6591	
16,094	68,7161	16,094	65,7164	16,094	63,7307	16,094	68,7272	16,094	65,6723	16,094	63,659	
16,258	68,7155	16,258	65,7157	16,258	63,7306	16,258	68,7269	16,258	65,6722	16,258	63,6594	
16,4217	68,7161	16,4217	65,7163	16,4217	63,7307	16,4217	68,7269	16,4217	65,6718	16,4217	63,6592	
16,5857	68,7156	16,5857	65,7165	16,5857	63,7307	16,5857	68,7281	16,5857	65,6727	16,5857	63,659	
16,7499	68,7165	16,7499	65,7162	16,7499	63,7306	16,7499	68,7269	16,7499	65,6724	16,7499	63,659	
16,9139	68,7168	16,9139	65,716	16,9139	63,7308	16,9139	68,7268	16,9139	65,6715	16,9139	63,6591	
17,0787	68,7162	17,0787	65,7157	17,0787	63,7307	17,0787	68,7258	17,0787	65,6722	17,0787	63,6591	
17,2429	68,7157	17,2429	65,716	17,2429	63,7304	17,2429	68,727	17,2429	65,6717	17,2429	63,659	
17,4069	68,7163	17,4069	65,7152	17,4069	63,7306	17,4069	68,727	17,4069	65,6711	17,4069	63,6592	
17,5717	68,7158	17,5717	65,7162	17,5717	63,7307	17,5717	68,7277	17,5717	65,6719	17,5717	63,659	
17,7363	68,7163	17,7363	65,715	17,7363	63,7304	17,7363	68,727	17,7363	65,6713	17,7363	63,659	
17,9002	68,7167	17,9002	65,7158	17,9002	63,7305	17,9002	68,7256	17,9002	65,6718	17,9002	63,659	
18,0646	68,7172	18,0646	65,7157	18,0646	63,7308	18,0646	68,7273	18,0646	65,6716	18,0646	63,6592	
18,2285	68,716	18,2285	65,716	18,2285	63,731	18,2285	68,7267	18,2285	65,6712	18,2285	63,6594	
18,392	68,7161	18,392	65,7166	18,392	63,7309	18,392	68,7271	18,392	65,6715	18,392	63,6592	
18,556	68,7163	18,556	65,7152	18,556	63,7307	18,556	68,7268	18,556	65,6712	18,556	63,659	
18,7194	68,7171	18,7194	65,7159	18,7194	63,7306	18,7194	68,727	18,7194	65,6717	18,7194	63,659	
18,8834	68,7163	18,8834	65,7162	18,8834	63,7305	18,8834	68,7269	18,8834	65,672	18,8834	63,6589	
19,0474	68,7165	19,0474	65,7155	19,0474	63,7305	19,0474	68,726	19,0474	65,6716	19,0474	63,659	
19,2111	68,7155	19,2111	65,7155	19,2111	63,7306	19,2111	68,7269	19,2111	65,6712	19,2111	63,6591	
19,3752	68,7156	19,3752	65,7161	19,3752	63,7306	19,3752	68,7258	19,3752	65,6717	19,3752	63,659	
19,5389	68,7156	19,5389	65,7159	19,5389	63,7309	19,5389	68,7258	19,5389	65,6716	19,5389	63,6589	
19,7027	68,7162	19,7027	65,7162	19,7027	63,7308	19,7027	68,7257	19,7027	65,672	19,7027	63,6591	
19,8661	68,7153	19,8661	65,7157	19,8661	63,7306	19,8661	68,7266	19,8661	65,6723	19,8661	63,6587	
20,0301	68,7166	20,0301	65,7156	20,0301	63,7303	20,0301	68,7264	20,0301	65,6719	20,0301	63,659	
20,1938	68,7162	20,1938	65,7159	20,1938	63,7304	20,1938	68,7267	20,1938	65,6722	20,1938	63,6589	
20,3576	68,7152	20,3576	65,7165	20,3576	63,7307	20,3576	68,7253	20,3576	65,6719	20,3576	63,6589	
20,5213	68,7176	20,5213	65,7161	20,5213	63,7309	20,5213	68,7267	20,5213	65,6709	20,5213	63,659	
20,6855	68,716	20,6855	65,7163	20,6855	63,7306	20,6855	68,7267	20,6855	65,6714	20,6855	63,6589	
20,8492	68,7166	20,8492	65,7155	20,8492	63,7307	20,8492	68,7266	20,8492	65,6721	20,8492	63,6588	
21,0132	68,7167	21,0132	65,7158	21,0132	63,7307	21,0132	68,7277	21,0132	65,6716	21,0132	63,6587	
21,1772	68,7158	21,1772	65,7164	21,1772	63,7308	21,1772	68,7262	21,1772	65,6716	21,1772	63,659	
21,3412	68,7159	21,3412	65,7162	21,3412	63,7308	21,3412	68,7267	21,3412	65,6723	21,3412	63,659	
21,5052	68,7162	21,5052	65,7163	21,5052	63,7308	21,5052	68,7265	21,5052	65,6717	21,5052	63,6588	
21,6692	68,7176	21,6692	65,716	21,6692	63,7308	21,6692	68,7273	21,6692	65,672	21,6692	63,659	
21,8329	68,7157	21,8329	65,7163	21,8329	63,7306	21,8329	68,7261	21,8329	65,6722	21,8329	63,6588	
21,9969	68,7163	21,9969	65,7158	21,9969	63,7308	21,9969	68,7263	21,9969	65,6722	21,9969	63,6588	
22,1608	68,7158	22,1608	65,7157	22,1608	63,7304	22,1608	68,7266	22,1608	65,6715	22,1608	63,6587	
22,3246	68,7165	22,3246	65,7158	22,3246	63,7307	22,3246	68,7261	22,3246	65,6711	22,3246	63,6589	
22,4886	68,7152	22,4886	65,7159	22,4886	63,7303	22,4886	68,7258	22,4886	65,6708	22,4886	63,6586	
22,6523	68,7149	22,6523	65,7156	22,6523	63,7304	22,6523	68,7245	22,6523	65,6711	22,6523	63,6587	
22,8162	68,7161	22,8162	65,7152	22,8162	63,7303	22,8162	68,7274	22,8162	65,6708	22,8162	63,6586	
22,98	68,7157	22,98	65,7161	22,98	63,7305	22,98	68,7253	22,98	65,6711	22,98	63,6587	
23,1434	68,7173	23,1434	65,7156	23,1434	63,7306	23,1434	68,7267	23,1434	65,6707	23,1434	63,6584	
23,3071	68,7165	23,3071	65,7159	23,3071	63,7308	23,3071	68,7252	23,3071	65,6715	23,3071	63,6589	
23,4714	68,716	23,4714	65,7159	23,4714	63,7309	23,4714	68,7266	23,4714	65,671	23,4714	63,6587	
23,6354	68,7161	23,6354	65,7161	23,6354	63,7306	23,6354	68,7252	23,6354	65,6718	23,6354	63,6587	
23,7988	68,7163	23,7988	65,7159	23,7988	63,7308	23,7988	68,7262	23,7988	65,6714	23,7988	63,6589	
23,9626	68,7161	23,9626	65,7161	23,9626	63,7307	23,9626	68,7262	23,9626	65,6709	23,9626	63,6588	
24,1262	68,7158	24,1262	65,7162	24,1262	63,7307	24,1262	68,7254	24,1262	65,6707	24,1262	63,6587	
24,2902	68,7153	24,2902	65,7153	24,2902	63,7305	24,2902	68,7257	24,2902	65,6712	24,2902	63,6585	
24,4542	68,7156	24,4542	65,7163	24,4542	63,7303	24,4542	68,726	24,4542	65,6713	24,4542	63,6585	
24,6182	68,7171	24,6182	65,7163	24,6182	63,7313	24,6182	68,7265	24,6182	65,6711	24,6182	63,6584	
24,7817	68,7178	24,7817	65,7172	24,7817	63,7315	24,7817	68,7259	24,7817	65,6706	24,7817	63,6587	
24,9454	68,7189	24,9454	65,7188	24,9454	63,7324	24,9454	68,7241	24,9454	65,6705	24,9454	63,6589	
25,1091	68,7225	25,1091	65,719	25,1091	63,7342	25,1091	68,7248	25,1091	65,6704	25,1091	63,6588	
25,2731	68,7233	25,2731	65,7205	25,2731	63,735	25,2731	68,7263	25,2731	65,6721	25,2731	63,6587	
25,437	68,7238	25,437	65,7209	25,437	63,7354	25,437	68,7261	25,437	65,6717	25,437	63,6586	
25,6005	68,7237	25,6005	65,7226	25,6005	63,7358	25,6005	68,7262	25,6005	65,671	25,6005	63,6583	
25,7642	68,7245	25,7642	65,722	25,7642	63,7359	25,7642	68,726	25,7642	65,6707	25,7642	63,6587	
25,9276	68,726	25,9276	65,7223	25,9276	63,7361	25,9276	68,7257	25,9276	65,6706	25,9276	63,6584	
26,0922	68,7248	26,0922	65,7223	26,0922	63,7363	26,0922	68,7249	26,0922	65,671	26,0922	63,6587	
26,2556	68,7245	26,2556	65,7229	26,2556	63,7364	26,2556	68,726	26,2556	65,6715	26,2556	63,6587	
26,4193	68,7255	26,4193	65,7234	26,4193	63,7362	26,4193	68,7257	26,4193	65,6708	26,4193	63,6585	
26,5836	68,7251	26,5836	65,7223	26,5836	63,7364	26,5836	68,7255	26,5836	65,6709	26,5836	63,6586	
26,7473	68,725	26,7473	65,7235	26,7473	63,7366	26,7473	68,7255	26,7473	65,6711	26,7473	63,6586	
26,9113	68,7258	26,9113	65,7232	26,9113	63,7369	26,9113	68,7259	26,9113	65,6716	26,9113	63,6587	
27,0753	68,726	27,0753	65,7236	27,0753	63,7367	27,0753	68,7263	27,0753	65,6705	27,0753	63,6585	
27,2393	68,7266	27,2393	65,7231	27,2393	63,7369	27,2393	68,7261	27,2393	65,6705	27,2393	63,6587	
27,403	68,7264	27,403	65,7232	27,403	63,7367	27,403	68,7258	27,403	65,6707	27,403	63,6587	
27,5667	68,7271	27,5667	65,7234	27,5667	63,7367	27,5667	68,7257	27,5667	65,6717	27,5667	63,6584	
27,7307	68,7268	27,7307	65,7235	27,7307	63,7369	27,7307	68,7256	27,7307	65,6711	27,7307	63,6585	
27,8941	68,7266	27,8941	65,7241	27,8941	63,7367	27,8941	68,7265	27,8941	65,6708	27,8941	63,6587	
28,0578	68,7271	28,0578	65,7235	28,0578	63,7368	28,0578	68,7257	28,0578	65,6707	28,0578	63,6584	
28,2213	68,7266	28,2213	65,7252	28,2213	63,737	28,2213	68,7246	28,2213	65,6716	28,2213	63,6586	
28,385	68,7275	28,385	65,7235	28,385	63,7371	28,385	68,7256	28,385	65,6709	28,385	63,6589	
28,5489	68,7264	28,5489	65,724	28,5489	63,737	28,5489	68,7256	28,5489	65,671	28,5489	63,6586	
28,7126	68,7274	28,7126	65,7231	28,7126	63,737	28,7126	68,7257	28,7126	65,6703	28,7126	63,6586	
28,8764	68,7274	28,8764	65,7235	28,8764	63,7371	28,8764	68,7256	28,8764	65,6712	28,8764	63,6585	
29,0404	68,7279	29,0404	65,7242	29,0404	63,7369	29,0404	68,726	29,0404	65,6702	29,0404	63,6586	
29,2039	68,7271	29,2039	65,7242	29,2039	63,7369	29,2039	68,7248	29,2039	65,6705	29,2039	63,6585	
29,3679	68,7279	29,3679	65,7233	29,3679	63,7369	29,3679	68,7261	29,3679	65,6714	29,3679	63,6584	
29,5313	68,7279	29,5313	65,7237	29,5313	63,737	29,5313	68,7259	29,5313	65,67	29,5313	63,6585	
29,695	68,7274	29,695	65,7245	29,695	63,7372	29,695	68,7242	29,695	65,6703	29,695	63,6588	
29,8593	68,7282	29,8593	65,7243	29,8593	63,7371	29,8593	68,7248	29,8593	65,6709	29,8593	63,6587	
30,023	68,7274	30,023	65,7242	30,023	63,737	30,023	68,726	30,023	65,6713	30,023	63,6587	
30,187	68,7279	30,187	65,7235	30,187	63,7372	30,187	68,7259	30,187	65,6714	30,187	63,6586	
30,351	68,7283	30,351	65,7241	30,351	63,7373	30,351	68,7256	30,351	65,6704	30,351	63,6589	
30,515	68,728	30,515	65,7238	30,515	63,7369	30,515	68,7243	30,515	65,6707	30,515	63,6586	
30,679	68,728	30,679	65,7236	30,679	63,7372	30,679	68,7253	30,679	65,6698	30,679	63,6584	
30,8428	68,7278	30,8428	65,7248	30,8428	63,7372	30,8428	68,7242	30,8428	65,6706	30,8428	63,6588	
31,0067	68,7278	31,0067	65,724	31,0067	63,7372	31,0067	68,7258	31,0067	65,67	31,0067	63,6585	
31,1708	68,7286	31,1708	65,7242	31,1708	63,7372	31,1708	68,7249	31,1708	65,6704	31,1708	63,6588	
31,3345	68,7284	31,3345	65,7238	31,3345	63,7373	31,3345	68,7251	31,3345	65,6704	31,3345	63,659	
31,4984	68,7275	31,4984	65,7237	31,4984	63,7373	31,4984	68,7255	31,4984	65,6709	31,4984	63,6592	
31,6625	68,7281	31,6625	65,7246	31,6625	63,737	31,6625	68,7253	31,6625	65,6708	31,6625	63,6591	
31,8267	68,7288	31,8267	65,7239	31,8267	63,7371	31,8267	68,7259	31,8267	65,6709	31,8267	63,6592	
31,9909	68,7279	31,9909	65,7236	31,9909	63,7371	31,9909	68,7256	31,9909	65,6702	31,9909	63,6592	
32,1549	68,7273	32,1549	65,7249	32,1549	63,737	32,1549	68,7251	32,1549	65,6713	32,1549	63,6593	
32,3186	68,728	32,3186	65,7241	32,3186	63,7372	32,3186	68,7251	32,3186	65,6712	32,3186	63,6596	
32,4821	68,7277	32,4821	65,7236	32,4821	63,7372	32,4821	68,7238	32,4821	65,6706	32,4821	63,6596	
32,6458	68,7276	32,6458	65,7236	32,6458	63,7368	32,6458	68,7249	32,6458	65,6713	32,6458	63,6597	
32,8103	68,7274	32,8103	65,7234	32,8103	63,737	32,8103	68,7243	32,8103	65,6704	32,8103	63,6601	
32,9753	68,7254	32,9753	65,7228	32,9753	63,7358	32,9753	68,7256	32,9753	65,67	32,9753	63,6601	
33,1393	68,7246	33,1393	65,721	33,1393	63,7346	33,1393	68,7246	33,1393	65,6702	33,1393	63,6603	
33,3027	68,7229	33,3027	65,7191	33,3027	63,7335	33,3027	68,7262	33,3027	65,6713	33,3027	63,6605	
33,4676	68,7217	33,4676	65,7185	33,4676	63,7324	33,4676	68,7252	33,4676	65,6719	33,4676	63,6604	
33,6318	68,7201	33,6318	65,7185	33,6318	63,7322	33,6318	68,7252	33,6318	65,6722	33,6318	63,6606	
33,7958	68,7202	33,7958	65,7178	33,7958	63,7323	33,7958	68,7252	33,7958	65,6719	33,7958	63,6608	
33,9606	68,7206	33,9606	65,7188	33,9606	63,7322	33,9606	68,7256	33,9606	65,6718	33,9606	63,6607	
34,1243	68,7212	34,1243	65,7176	34,1243	63,7321	34,1243	68,7258	34,1243	65,6716	34,1243	63,6608	
34,2883	68,7199	34,2883	65,7179	34,2883	63,7318	34,2883	68,7253	34,2883	65,6718	34,2883	63,6607	
34,452	68,7204	34,452	65,718	34,452	63,7321	34,452	68,7254	34,452	65,6719	34,452	63,6609	
34,6157	68,7207	34,6157	65,7178	34,6157	63,7321	34,6157	68,7261	34,6157	65,6716	34,6157	63,6612	
34,78	68,721	34,78	65,7178	34,78	63,7319	34,78	68,7256	34,78	65,6721	34,78	63,661	
34,9451	68,721	34,9451	65,7176	34,9451	63,7319	34,9451	68,7261	34,9451	65,6721	34,9451	63,6612	
35,1101	68,7199	35,1101	65,7181	35,1101	63,7317	35,1101	68,7249	35,1101	65,6719	35,1101	63,661	
35,2747	68,7209	35,2747	65,7176	35,2747	63,7318	35,2747	68,7264	35,2747	65,6722	35,2747	63,6613	
35,4387	68,7203	35,4387	65,7176	35,4387	63,7318	35,4387	68,7263	35,4387	65,672	35,4387	63,6613	
35,6035	68,7211	35,6035	65,7181	35,6035	63,7317	35,6035	68,7259	35,6035	65,672	35,6035	63,6613	
35,7675	68,7204	35,7675	65,7178	35,7675	63,7317	35,7675	68,7262	35,7675	65,6725	35,7675	63,6614	
35,9315	68,7211	35,9315	65,7177	35,9315	63,7318	35,9315	68,7259	35,9315	65,6721	35,9315	63,6614	
36,0965	68,7205	36,0965	65,7176	36,0965	63,7318	36,0965	68,7268	36,0965	65,6722	36,0965	63,6616	
36,2613	68,7205	36,2613	65,7173	36,2613	63,7318	36,2613	68,7266	36,2613	65,672	36,2613	63,6618	
36,4259	68,7215	36,4259	65,718	36,4259	63,7318	36,4259	68,7265	36,4259	65,6727	36,4259	63,6618	
36,5904	68,7198	36,5904	65,7181	36,5904	63,7319	36,5904	68,7268	36,5904	65,6724	36,5904	63,6618	
36,755	68,7192	36,755	65,7178	36,755	63,7314	36,755	68,7268	36,755	65,673	36,755	63,6618	
36,9194	68,7203	36,9194	65,7174	36,9194	63,7318	36,9194	68,7273	36,9194	65,6723	36,9194	63,6619	
37,0837	68,7196	37,0837	65,7173	37,0837	63,7314	37,0837	68,7261	37,0837	65,6728	37,0837	63,6619	
37,2485	68,7204	37,2485	65,7171	37,2485	63,7316	37,2485	68,7257	37,2485	65,6724	37,2485	63,6622	
37,4128	68,72	37,4128	65,7174	37,4128	63,7316	37,4128	68,725	37,4128	65,672	37,4128	63,662	
37,5771	68,7209	37,5771	65,7176	37,5771	63,7316	37,5771	68,7248	37,5771	65,6727	37,5771	63,6623	
37,7416	68,7202	37,7416	65,7179	37,7416	63,7316	37,7416	68,7251	37,7416	65,6728	37,7416	63,6622	
37,9056	68,7195	37,9056	65,7177	37,9056	63,7317	37,9056	68,7243	37,9056	65,6735	37,9056	63,6623	
38,0696	68,7198	38,0696	65,7174	38,0696	63,7318	38,0696	68,7243	38,0696	65,6735	38,0696	63,6625	
38,2341	68,7199	38,2341	65,7173	38,2341	63,7315	38,2341	68,7243	38,2341	65,6738	38,2341	63,6625	
38,3976	68,7212	38,3976	65,7177	38,3976	63,7317	38,3976	68,7246	38,3976	65,6736	38,3976	63,6625	
38,5616	68,7198	38,5616	65,7178	38,5616	63,732	38,5616	68,7252	38,5616	65,6732	38,5616	63,6625	
38,7261	68,7199	38,7261	65,7175	38,7261	63,7321	38,7261	68,7247	38,7261	65,6732	38,7261	63,6628	
38,8907	68,7202	38,8907	65,7174	38,8907	63,7315	38,8907	68,7251	38,8907	65,673	38,8907	63,6625	
39,055	68,7195	39,055	65,7176	39,055	63,7318	39,055	68,7251	39,055	65,6734	39,055	63,6627	
39,2187	68,7195	39,2187	65,7179	39,2187	63,7317	39,2187	68,7253	39,2187	65,6731	39,2187	63,6627	
39,383	68,7192	39,383	65,7177	39,383	63,7315	39,383	68,7259	39,383	65,6731	39,383	63,6628	
39,5478	68,7209	39,5478	65,7173	39,5478	63,7317	39,5478	69,5734	39,5478	65,6733	39,5478	63,6628	
39,7115	68,7202	39,7115	65,7174	39,7115	63,7318	39,7115	69,5689	39,7115	65,6739	39,7115	63,663	
39,8763	68,7199	39,8763	65,7182	39,8763	63,7316	39,8763	69,5739	39,8763	65,6728	39,8763	63,6631	
40,0406	68,7211	40,0406	65,7176	40,0406	63,7318	40,0406	69,5743	40,0406	65,6735	40,0406	63,6629	
40,2048	68,719	40,2048	65,7178	40,2048	63,7319	40,2048	69,5694	40,2048	65,6745	40,2048	63,6634	
40,3691	68,7197	40,3691	65,7179	40,3691	63,7318	40,3691	69,5696	40,3691	65,6741	40,3691	63,6633	
40,5336	68,7207	40,5336	65,7176	40,5336	63,7318	40,5336	69,5747	40,5336	65,6737	40,5336	63,6635	
40,6978	68,7203	40,6978	65,7177	40,6978	63,7318	40,6978	69,575	40,6978	65,6736	40,6978	63,6637	
40,8621	68,7199	40,8621	65,7173	40,8621	63,7321	40,8621	69,5752	40,8621	65,6733	40,8621	63,6638	
41,0263	68,7207	41,0263	65,7176	41,0263	63,7315	41,0263	69,5757	41,0263	65,6741	41,0263	63,6636	
41,1903	68,7207	41,1903	65,7178	41,1903	63,7319	41,1903	69,5758	41,1903	65,6741	41,1903	63,664	
41,354	68,7193	41,354	65,7179	41,354	63,7317	41,354	69,5759	41,354	65,6741	41,354	63,6638	
41,5188	68,7206	41,5188	65,7177	41,5188	63,7318	41,5188	69,5764	41,5188	65,6743	41,5188	63,6641	
41,6831	68,7214	41,6831	65,7179	41,6831	63,7319	41,6831	69,5769	41,6831	65,6739	41,6831	63,6641	
41,847	68,7203	41,847	65,7184	41,847	63,732	41,847	69,5769	41,847	65,6743	41,847	63,6641	
42,0118	68,7209	42,0118	65,7182	42,0118	63,7318	42,0118	69,5776	42,0118	65,6741	42,0118	63,6643	
42,1756	68,7214	42,1756	65,7177	42,1756	63,7319	42,1756	69,5778	42,1756	65,6743	42,1756	63,6642	
42,3396	68,7218	42,3396	65,7179	42,3396	63,7321	42,3396	69,5783	42,3396	65,6741	42,3396	63,6644	
42,5035	68,7207	42,5035	65,718	42,5035	63,732	42,5035	69,5786	42,5035	65,6739	42,5035	63,6646	
42,6678	68,72	42,6678	65,7184	42,6678	63,7318	42,6678	69,5789	42,6678	65,6746	42,6678	63,6646	
42,832	68,7211	42,832	65,7179	42,832	63,732	42,832	69,5743	42,832	65,6739	42,832	63,6644	
42,996	68,7204	42,996	65,7181	42,996	63,7317	42,996	69,5794	42,996	65,6741	42,996	63,6646	
43,1605	68,7195	43,1605	65,7183	43,1605	63,7316	43,1605	69,5799	43,1605	65,6742	43,1605	63,6647	
43,3246	68,7205	43,3246	65,7177	43,3246	63,7318	43,3246	69,5802	43,3246	65,6735	43,3246	63,6648	
43,4889	68,721	43,4889	65,7176	43,4889	63,7318	43,4889	69,5808	43,4889	65,6733	43,4889	63,665	
43,6529	68,7195	43,6529	65,7177	43,6529	63,7318	43,6529	69,5812	43,6529	65,6742	43,6529	63,6648	
43,8164	68,72	43,8164	65,7178	43,8164	63,7317	43,8164	69,5814	43,8164	65,6744	43,8164	63,665	
43,9804	68,7202	43,9804	65,7171	43,9804	63,7317	43,9804	69,5822	43,9804	65,6747	43,9804	63,665	
44,1449	68,7198	44,1449	65,7176	44,1449	63,7315	44,1449	69,5826	44,1449	65,6742	44,1449	63,6651	
44,3094	68,7205	44,3094	65,7179	44,3094	63,7318	44,3094	69,5829	44,3094	65,6741	44,3094	63,665	
44,4731	68,7202	44,4731	65,7177	44,4731	63,7318	44,4731	69,5836	44,4731	65,675	44,4731	63,6651	
44,6374	68,7199	44,6374	65,7176	44,6374	63,7314	44,6374	69,584	44,6374	65,6745	44,6374	63,6652	
44,8008	68,7195	44,8008	65,7179	44,8008	63,7314	44,8008	69,5843	44,8008	65,6745	44,8008	63,6653	
44,9648	68,7209	44,9648	65,7178	44,9648	63,7315	44,9648	69,5851	44,9648	65,6747	44,9648	63,6655	
45,1294	68,7197	45,1294	65,7178	45,1294	63,7317	45,1294	69,5901	45,1294	65,6744	45,1294	63,6655	
45,2934	68,7197	45,2934	65,7178	45,2934	63,7316	45,2934	69,5858	45,2934	65,6755	45,2934	63,6657	
45,4573	68,7213	45,4573	65,7179	45,4573	63,7317	45,4573	69,5908	45,4573	65,6743	45,4573	63,6656	
45,6218	68,7199	45,6218	65,7177	45,6218	63,7315	45,6218	69,5914	45,6218	65,6751	45,6218	63,6656	
45,7858	68,7197	45,7858	65,7176	45,7858	63,7317	45,7858	69,5874	45,7858	65,6743	45,7858	63,6659	
45,9504	68,7201	45,9504	65,7178	45,9504	63,7318	45,9504	69,5878	45,9504	65,6744	45,9504	63,6661	
46,1149	68,7202	46,1149	65,7173	46,1149	63,7316	46,1149	69,5882	46,1149	65,6746	46,1149	63,6661	
46,2794	68,7206	46,2794	65,7182	46,2794	63,7317	46,2794	69,5931	46,2794	65,6754	46,2794	63,6661	
46,4437	68,7196	46,4437	65,7182	46,4437	63,7314	46,4437	69,5892	46,4437	65,6747	46,4437	63,6662	
46,6079	68,7204	46,6079	65,718	46,6079	63,7316	46,6079	69,5896	46,6079	65,6748	46,6079	63,6662	
46,7722	68,7206	46,7722	65,7179	46,7722	63,7316	46,7722	69,5903	46,7722	65,6753	46,7722	63,6662	
46,9364	68,722	46,9364	65,7183	46,9364	63,7318	46,9364	69,5956	46,9364	65,6749	46,9364	63,6666	
47,1004	68,72	47,1004	65,7183	47,1004	63,7317	47,1004	69,5962	47,1004	65,6752	47,1004	63,6665	
47,2639	68,7196	47,2639	65,7181	47,2639	63,7316	47,2639	69,5965	47,2639	65,6741	47,2639	63,6665	
47,4278	68,7201	47,4278	65,7179	47,4278	63,7319	47,4278	69,5971	47,4278	65,6753	47,4278	63,6667	
47,5921	68,72	47,5921	65,7177	47,5921	63,7318	47,5921	69,5886	47,5921	65,6751	47,5921	63,6668	
47,7566	68,7201	47,7566	65,7184	47,7566	63,7316	47,7566	69,5982	47,7566	65,6747	47,7566	63,6666	
47,9206	68,72	47,9206	65,7177	47,9206	63,7319	47,9206	69,5988	47,9206	65,6748	47,9206	63,667	
48,0845	68,7208	48,0845	65,718	48,0845	63,7316	48,0845	69,59	48,0845	65,6746	48,0845	63,6667	
48,2493	68,7201	48,2493	65,718	48,2493	63,7318	48,2493	69,5996	48,2493	65,6757	48,2493	63,6669	
48,4139	68,7198	48,4139	65,7177	48,4139	63,7318	48,4139	69,6002	48,4139	65,6756	48,4139	63,6669	
48,5779	68,7213	48,5779	65,718	48,5779	63,7318	48,5779	69,6006	48,5779	65,6757	48,5779	63,6674	
48,7419	68,7203	48,7419	65,7183	48,7419	63,732	48,7419	69,6013	48,7419	65,6758	48,7419	63,6673	
48,9063	68,72	48,9063	65,7181	48,9063	63,7318	48,9063	69,6018	48,9063	66,5733	48,9063	63,6674	
49,0709	68,7217	49,0709	65,7184	49,0709	63,7316	49,0709	69,5977	49,0709	66,5741	49,0709	63,6675	
49,2351	68,7202	49,2351	65,7175	49,2351	63,7318	49,2351	69,6028	49,2351	66,5748	49,2351	63,6675	
49,3988	68,7204	49,3988	65,7184	49,3988	63,7319	49,3988	69,6033	49,3988	66,5755	49,3988	63,6678	
49,5635	68,7208	49,5635	65,7181	49,5635	63,7319	49,5635	69,6035	49,5635	66,5762	49,5635	63,6677	
49,7273	68,7205	49,7273	65,7184	49,7273	63,732	49,7273	69,6041	49,7273	66,5769	49,7273	63,6679	
49,8915	68,7196	49,8915	65,7182	49,8915	63,7318	49,8915	69,6076	49,8915	66,5778	49,8915	63,6677	
50,0555	68,72	50,0555	65,7177	50,0555	63,7319	50,0555	69,6053	50,0555	66,5782	50,0555	63,6679	
50,22	68,7209	50,22	65,7179	50,22	63,732	50,22	69,6055	50,22	66,5789	50,22	63,6679	
50,3838	68,7202	50,3838	65,7179	50,3838	63,7318	50,3838	69,6059	50,3838	66,5796	50,3838	63,6678	
50,5477	68,7201	50,5477	65,7186	50,5477	63,7318	50,5477	69,6067	50,5477	66,5802	50,5477	63,6678	
50,7114	68,7205	50,7114	65,7188	50,7114	63,7318	50,7114	69,61	50,7114	66,5808	50,7114	63,6682	
50,8751	68,7208	50,8751	65,718	50,8751	63,7321	50,8751	69,6077	50,8751	66,5816	50,8751	63,6681	
51,0397	68,7201	51,0397	65,7182	51,0397	63,7319	51,0397	69,608	51,0397	66,5824	51,0397	63,6682	
51,2034	68,7204	51,2034	65,7189	51,2034	63,732	51,2034	69,6086	51,2034	66,5829	51,2034	63,6683	
51,3679	68,7203	51,3679	65,7185	51,3679	63,7322	51,3679	69,6096	51,3679	66,5835	51,3679	63,6683	
51,5316	68,7204	51,5316	65,7183	51,5316	63,7321	51,5316	69,6098	51,5316	66,5845	51,5316	63,6683	
51,6956	68,721	51,6956	65,7181	51,6956	63,732	51,6956	69,6103	51,6956	66,5848	51,6956	63,6686	
51,8591	68,7205	51,8591	65,7182	51,8591	63,7319	51,8591	69,6137	51,8591	66,5856	51,8591	63,6683	
52,023	68,7205	52,023	65,7183	52,023	63,732	52,023	69,611	52,023	66,5861	52,023	63,6687	
52,187	68,7208	52,187	65,7181	52,187	63,732	52,187	69,6118	52,187	66,5875	52,187	63,6686	
52,3521	68,7214	52,3521	65,7183	52,3521	63,7318	52,3521	69,6124	52,3521	66,5882	52,3521	63,6688	
52,5163	68,7214	52,5163	65,7181	52,5163	63,732	52,5163	69,6157	52,5163	66,5884	52,5163	63,6687	
52,6805	68,7216	52,6805	65,7182	52,6805	63,7322	52,6805	69,613	52,6805	66,5893	52,6805	63,6688	
52,8451	68,7205	52,8451	65,7181	52,8451	63,732	52,8451	69,6141	52,8451	66,5897	52,8451	63,669	
53,0093	68,7207	53,0093	65,7178	53,0093	63,7321	53,0093	69,6145	53,0093	66,59	53,0093	63,6688	
53,1738	68,7198	53,1738	65,7186	53,1738	63,7319	53,1738	69,6149	53,1738	66,5913	53,1738	63,669	
53,3373	68,7211	53,3373	65,7182	53,3373	63,732	53,3373	69,6154	53,3373	66,592	53,3373	63,6689	
53,5013	68,7213	53,5013	65,7184	53,5013	63,7322	53,5013	69,6164	53,5013	66,5927	53,5013	63,6691	
53,6657	68,7213	53,6657	65,7182	53,6657	63,732	53,6657	69,6169	53,6657	66,5935	53,6657	63,6692	
53,8295	68,7201	53,8295	65,7185	53,8295	63,732	53,8295	69,6174	53,8295	66,5944	53,8295	63,6691	
53,9934	68,7201	53,9934	65,7183	53,9934	63,732	53,9934	69,6181	53,9934	66,5946	53,9934	63,6693	
54,1578	68,722	54,1578	65,7182	54,1578	63,7322	54,1578	69,6214	54,1578	66,5959	54,1578	63,6692	
54,3221	68,7217	54,3221	65,7178	54,3221	63,732	54,3221	69,6191	54,3221	66,5966	54,3221	63,6696	
54,4855	68,7204	54,4855	65,7186	54,4855	63,732	54,4855	69,6195	54,4855	66,5975	54,4855	63,6693	
54,6493	68,7209	54,6493	65,718	54,6493	63,7321	54,6493	69,6198	54,6493	66,5978	54,6493	63,6696	
54,8132	68,7224	54,8132	65,7184	54,8132	63,7319	54,8132	69,6205	54,8132	66,5984	54,8132	63,6694	
54,9783	68,7202	54,9783	65,7185	54,9783	63,7319	54,9783	69,6237	54,9783	66,5997	54,9783	63,6696	
55,1428	68,7214	55,1428	65,7181	55,1428	63,7322	55,1428	69,6244	55,1428	66,6002	55,1428	63,6698	
55,3065	68,7209	55,3065	65,718	55,3065	63,7321	55,3065	69,6221	55,3065	66,6007	55,3065	63,6698	
55,4713	68,7205	55,4713	65,7184	55,4713	63,732	55,4713	69,6224	55,4713	66,6015	55,4713	63,6696	
55,6352	68,7207	55,6352	65,7178	55,6352	63,7321	55,6352	69,6228	55,6352	66,6023	55,6352	63,67	
55,7986	68,72	55,7986	65,7184	55,7986	63,732	55,7986	69,6237	55,7986	66,6032	55,7986	63,6701	
55,9626	68,7211	55,9626	65,7184	55,9626	63,7319	55,9626	69,624	55,9626	66,6116	55,9626	63,6702	
56,1266	68,7215	56,1266	65,7179	56,1266	63,7318	56,1266	69,6247	56,1266	66,6045	56,1266	63,6703	
56,2901	68,7202	56,2901	65,718	56,2901	63,7321	56,2901	69,6253	56,2901	66,6057	56,2901	63,6702	
56,454	68,7203	56,454	65,7185	56,454	63,7321	56,454	69,6257	56,454	66,6144	56,454	63,6702	
56,6185	68,7208	56,6185	65,7181	56,6185	63,7322	56,6185	69,6294	56,6185	66,6078	56,6185	63,6703	
56,7831	68,7208	56,7831	65,7185	56,7831	63,7321	56,7831	69,6298	56,7831	66,6072	56,7831	63,6704	
56,9468	68,7204	56,9468	65,7185	56,9468	63,7323	56,9468	69,6304	56,9468	66,6161	56,9468	63,6707	
57,1111	68,721	57,1111	65,7192	57,1111	63,7323	57,1111	69,6305	57,1111	66,6087	57,1111	63,6705	
57,2751	68,7196	57,2751	65,7183	57,2751	63,732	57,2751	69,6281	57,2751	66,6087	57,2751	63,6705	
57,4385	68,7209	57,4385	65,7185	57,4385	63,7322	57,4385	69,6317	57,4385	66,618	57,4385	63,6705	
57,6025	68,7212	57,6025	65,7178	57,6025	63,732	57,6025	69,6319	57,6025	66,6106	57,6025	63,6708	
57,7675	68,7219	57,7675	65,7186	57,7675	63,7322	57,7675	69,6323	57,7675	66,6191	57,7675	63,6707	
57,931	68,721	57,931	65,7182	57,931	63,7324	57,931	69,6297	57,931	66,6195	57,931	63,6706	
58,0944	68,7207	58,0944	65,7185	58,0944	63,7318	58,0944	69,6331	58,0944	66,6206	58,0944	63,6706	
58,2582	68,7207	58,2582	65,7185	58,2582	63,7318	58,2582	69,6312	58,2582	66,6213	58,2582	63,6709	
58,4222	68,7211	58,4222	65,7183	58,4222	63,7322	58,4222	69,6343	58,4222	66,6225	58,4222	63,6705	
58,5864	68,7208	58,5864	65,7182	58,5864	63,7319	58,5864	69,6348	58,5864	66,6235	58,5864	63,6708	
58,7501	68,7204	58,7501	65,7179	58,7501	63,7322	58,7501	43,132	58,7501	66,616	58,7501	63,6707	
58,9141	68,7212	58,9141	65,7186	58,9141	63,732	58,9141	43,1318	58,9141	66,6245	58,9141	63,6709	
59,0781	68,7205	59,0781	65,7179	59,0781	63,732	59,0781	43,1318	59,0781	66,617	59,0781	63,6708	
59,2418	68,7216	59,2418	65,7181	59,2418	63,7321	59,2418	43,1318	59,2418	66,617	59,2418	63,6708	
59,4063	68,7221	59,4063	65,7186	59,4063	63,7318	59,4063	43,1318	59,4063	66,6181	59,4063	63,6711	
59,57	68,72	59,57	65,7183	59,57	63,7317	59,57	43,1315	59,57	66,6186	59,57	63,6707	
59,7343	68,7207	59,7343	65,7182	59,7343	63,732	59,7343	43,1316	59,7343	66,627	59,7343	63,671	
59,898	68,7222	59,898	65,7183	59,898	63,7321	59,898	43,1318	59,898	42,4876	59,898	63,671	
60,0628	68,7204	60,0628	65,7183	60,0628	63,7321	60,0628	43,1314	60,0628	42,4883	60,0628	63,6709	
60,2273	68,7221	60,2273	65,7184	60,2273	63,7322	60,2273	43,1314	60,2273	42,4877	60,2273	63,6712	
60,391	68,7203	60,391	65,7184	60,391	63,7319	60,391	43,1315	60,391	42,4881	60,391	63,671	
60,5555	68,7205	60,5555	65,7181	60,5555	63,7319	60,5555	43,1312	60,5555	42,4877	60,5555	63,671	
60,7195	68,7204	60,7195	65,7181	60,7195	63,7318	60,7195	43,1313	60,7195	42,488	60,7195	63,671	
60,8834	68,7203	60,8834	65,718	60,8834	63,7316	60,8834	43,132	60,8834	42,4881	60,8834	63,6707	
61,048	68,7204	61,048	65,7184	61,048	63,7318	61,048	43,1318	61,048	42,4883	61,048	63,6714	
61,2123	68,7203	61,2123	65,7184	61,2123	63,7319	61,2123	43,1313	61,2123	42,488	61,2123	63,6711	
61,3765	68,7209	61,3765	65,7189	61,3765	63,7317	61,3765	43,1313	61,3765	42,488	61,3765	63,671	
61,5408	68,7202	61,5408	65,7179	61,5408	63,7318	61,5408	43,1312	61,5408	42,488	61,5408	63,671	
61,7056	68,7204	61,7056	65,7176	61,7056	63,7319	61,7056	43,131	61,7056	42,488	61,7056	63,6712	
61,8704	68,7207	61,8704	65,7183	61,8704	63,7315	61,8704	43,1312	61,8704	42,4878	61,8704	63,6711	
62,0347	68,7205	62,0347	65,7181	62,0347	63,7319	62,0347	43,131	62,0347	42,4884	62,0347	63,6712	
62,1984	68,7204	62,1984	65,718	62,1984	63,7318	62,1984	43,1315	62,1984	42,4883	62,1984	63,6714	
62,3624	68,7203	62,3624	65,7193	62,3624	63,7319	62,3624	43,1311	62,3624	42,4879	62,3624	63,6713	
62,5265	68,7205	62,5265	65,7187	62,5265	63,7319	62,5265	43,1313	62,5265	42,488	62,5265	63,671	
62,6904	68,7216	62,6904	65,7184	62,6904	63,7319	62,6904	43,131	62,6904	42,4881	62,6904	63,6714	
62,8552	68,7212	62,8552	65,7185	62,8552	63,732	62,8552	43,1313	62,8552	42,4877	62,8552	63,6712	
63,0195	68,7219	63,0195	65,7182	63,0195	63,732	63,0195	43,131	63,0195	42,4878	63,0195	63,6716	
63,184	68,7205	63,184	65,7181	63,184	63,7319	63,184	43,1311	63,184	42,4885	63,184	63,6716	
63,3483	68,7205	63,3483	65,7184	63,3483	63,732	63,3483	43,1313	63,3483	42,4879	63,3483	63,6716	
63,512	68,7219	63,512	65,718	63,512	63,7318	63,512	43,131	63,512	42,4878	63,512	63,6717	
63,6757	68,7206	63,6757	65,7179	63,6757	63,7319	63,6757	43,1317	63,6757	42,4882	63,6757	63,6713	
63,8394	68,7204	63,8394	65,7183	63,8394	63,7319	63,8394	43,1309	63,8394	42,4879	63,8394	63,6717	
64,0037	68,7207	64,0037	65,7182	64,0037	63,7321	64,0037	43,131	64,0037	42,4878	64,0037	63,6721	
64,1682	68,7215	64,1682	65,7178	64,1682	63,7318	64,1682	43,1313	64,1682	42,4879	64,1682	63,6714	
64,332	68,7202	64,332	65,7184	64,332	63,7319	64,332	43,1311	64,332	42,4882	64,332	63,6717	
64,4968	68,7216	64,4968	65,7185	64,4968	63,7323	64,4968	43,1309	64,4968	42,4877	64,4968	63,672	
64,6605	68,7208	64,6605	65,718	64,6605	63,7318	64,6605	43,1309	64,6605	42,4877	64,6605	63,6716	
64,8248	68,7206	64,8248	65,7181	64,8248	63,7321	64,8248	43,131	64,8248	42,4879	64,8248	63,6722	
64,9885	68,7206	64,9885	65,7183	64,9885	63,7318	64,9885	43,1309	64,9885	42,488	64,9885	63,6721	
65,1533	68,7222	65,1533	65,7181	65,1533	63,732	65,1533	43,131	65,1533	42,4878	65,1533	63,672	
65,3178	68,7213	65,3178	65,7176	65,3178	63,7319	65,3178	43,1307	65,3178	42,4879	65,3178	63,672	
65,4824	68,7209	65,4824	65,7181	65,4824	63,7322	65,4824	43,1309	65,4824	42,4881	65,4824	63,672	
65,6466	68,7215	65,6466	65,7186	65,6466	63,732	65,6466	43,1307	65,6466	42,4878	65,6466	63,6717	
65,8117	68,7205	65,8117	65,7187	65,8117	63,7319	65,8117	43,1314	65,8117	42,4885	65,8117	63,6721	
65,9757	68,7198	65,9757	65,7182	65,9757	63,732	65,9757	43,1307	65,9757	42,4877	65,9757	63,6721	
66,1401	68,721	66,1401	65,718	66,1401	63,7322	66,1401	43,1307	66,1401	42,4878	66,1401	63,6724	
66,3047	68,7208	66,3047	65,7187	66,3047	63,7322	66,3047	43,1306	66,3047	42,4878	66,3047	63,6725	
66,4692	68,7208	66,4692	65,7181	66,4692	63,7324	66,4692	43,131	66,4692	42,488	66,4692	63,6723	
66,6332	68,721	66,6332	65,7185	66,6332	63,732	66,6332	43,1308	66,6332	42,4876	66,6332	63,6725	
66,7974	68,7204	66,7974	65,7186	66,7974	63,732	66,7974	43,131	66,7974	42,4881	66,7974	63,6725	
66,9617	68,7202	66,9617	65,7188	66,9617	63,7321	66,9617	43,1304	66,9617	42,4877	66,9617	63,6724	
67,1257	68,7223	67,1257	65,7184	67,1257	63,732	67,1257	43,1307	67,1257	42,4879	67,1257	63,6725	
67,2899	68,7212	67,2899	65,718	67,2899	63,7323	67,2899	43,1306	67,2899	42,4878	67,2899	63,6729	
67,4534	68,7212	67,4534	65,7188	67,4534	63,732	67,4534	43,1309	67,4534	42,488	67,4534	63,6724	
67,6174	68,7215	67,6174	65,7182	67,6174	63,732	67,6174	43,1306	67,6174	42,4881	67,6174	63,6727	
67,7816	68,7209	67,7816	65,7182	67,7816	63,7321	67,7816	43,1307	67,7816	42,4879	67,7816	63,6725	
67,9459	68,7205	67,9459	65,7182	67,9459	63,7321	67,9459	43,1306	67,9459	42,4877	67,9459	63,6729	
68,1096	68,7208	68,1096	65,7188	68,1096	63,7322	68,1096	43,1306	68,1096	42,4882	68,1096	63,6731	
68,2739	68,7209	68,2739	65,718	68,2739	63,7318	68,2739	43,1307	68,2739	42,4877	68,2739	63,6724	
68,4379	68,7213	68,4379	65,7188	68,4379	63,7321	68,4379	43,1303	68,4379	42,4877	68,4379	63,6727	
68,6019	68,7207	68,6019	65,7187	68,6019	63,7319	68,6019	43,1304	68,6019	42,4877	68,6019	63,6728	
68,7661	68,7205	68,7661	65,7187	68,7661	63,7321	68,7661	43,1306	68,7661	42,4879	68,7661	63,6727	
68,9299	68,7209	68,9299	65,719	68,9299	63,7319	68,9299	43,1305	68,9299	42,4879	68,9299	63,6726	
69,0937	68,7221	69,0937	65,7185	69,0937	63,7324	69,0937	43,1306	69,0937	42,4881	69,0937	63,673	
69,2574	68,7203	69,2574	65,7185	69,2574	63,7321	69,2574	43,1305	69,2574	42,488	69,2574	63,6729	
69,4208	68,7215	69,4208	65,7186	69,4208	63,7323	69,4208	43,1308	69,4208	42,488	69,4208	63,6733	
69,5867	68,7212	69,5867	65,7186	69,5867	63,7319	69,5867	43,1308	69,5867	42,4875	69,5867	63,6728	
69,7505	68,7211	69,7505	65,7184	69,7505	63,732	69,7505	43,131	69,7505	42,4879	69,7505	63,6728	
69,9145	68,7208	69,9145	65,7185	69,9145	63,7319	69,9145	43,1307	69,9145	42,4879	69,9145	63,6727	
70,0787	68,7212	70,0787	65,7177	70,0787	63,7322	70,0787	43,1305	70,0787	42,4878	70,0787	63,6732	
70,2424	68,7208	70,2424	65,7181	70,2424	63,732	70,2424	43,1305	70,2424	42,488	70,2424	63,6727	
70,4059	68,72	70,4059	65,7184	70,4059	63,7321	70,4059	43,1305	70,4059	42,488	70,4059	63,6735	
70,5702	68,7218	70,5702	65,7186	70,5702	63,7322	70,5702	43,1304	70,5702	42,4879	70,5702	63,6731	
70,7339	68,721	70,7339	65,7186	70,7339	63,732	70,7339	43,1307	70,7339	42,4878	70,7339	63,6729	
70,8976	68,7211	70,8976	65,7188	70,8976	63,7319	70,8976	43,1302	70,8976	42,4875	70,8976	63,6728	
71,0613	68,7217	71,0613	65,7182	71,0613	63,732	71,0613	43,1304	71,0613	42,4879	71,0613	63,6727	
71,2258	68,7215	71,2258	65,7186	71,2258	63,7318	71,2258	43,1298	71,2258	42,4882	71,2258	63,673	
71,3895	68,721	71,3895	65,7184	71,3895	63,7318	71,3895	43,1302	71,3895	42,4879	71,3895	63,673	
71,5532	68,7205	71,5532	65,7185	71,5532	63,7321	71,5532	43,1306	71,5532	42,4878	71,5532	63,6728	
71,717	68,7206	71,717	65,7183	71,717	63,732	71,717	43,1303	71,717	42,4878	71,717	63,6731	
71,8818	68,7203	71,8818	65,7182	71,8818	63,7318	71,8818	43,1303	71,8818	42,4877	71,8818	63,6729	
72,0458	68,7226	72,0458	65,7184	72,0458	63,7321	72,0458	43,1304	72,0458	42,4881	72,0458	63,673	
72,2097	68,7207	72,2097	65,7185	72,2097	63,7322	72,2097	43,1306	72,2097	42,4878	72,2097	63,6736	
72,3736	68,7214	72,3736	65,7186	72,3736	63,7319	72,3736	43,1304	72,3736	42,4882	72,3736	63,6732	
72,5371	68,7212	72,5371	65,7179	72,5371	63,7319	72,5371	43,1305	72,5371	42,4882	72,5371	63,6731	
72,7008	68,7217	72,7008	65,7183	72,7008	63,7321	72,7008	43,1302	72,7008	42,4877	72,7008	63,6733	
72,8643	68,7208	72,8643	65,7186	72,8643	63,732	72,8643	43,1304	72,8643	42,4879	72,8643	63,673	
73,0285	68,7211	73,0285	65,7179	73,0285	63,7321	73,0285	43,1304	73,0285	42,4876	73,0285	63,6729	
73,1928	68,7212	73,1928	65,718	73,1928	63,7319	73,1928	43,1301	73,1928	42,4878	73,1928	63,6729	
73,3565	68,7212	73,3565	65,7184	73,3565	63,7319	73,3565	43,1304	73,3565	42,4879	73,3565	63,6732	
73,5206	68,7211	73,5206	65,7183	73,5206	63,7322	73,5206	43,1303	73,5206	42,4879	73,5206	63,6732	
73,6846	68,7215	73,6846	65,7188	73,6846	63,7321	73,6846	43,1305	73,6846	42,4879	73,6846	63,6733	
73,8486	68,7203	73,8486	65,7183	73,8486	63,7319	73,8486	43,1302	73,8486	42,4878	73,8486	63,6731	
74,012	68,7214	74,012	65,718	74,012	63,7321	74,012	43,1306	74,012	42,4878	74,012	63,6733	
74,1762	68,7211	74,1762	65,7182	74,1762	63,7321	74,1762	43,1299	74,1762	42,4878	74,1762	63,6733	
74,3399	68,7203	74,3399	65,7189	74,3399	63,7318	74,3399	43,1307	74,3399	42,488	74,3399	63,673	
74,5039	68,72	74,5039	65,7185	74,5039	63,7323	74,5039	43,1301	74,5039	42,4877	74,5039	63,6735	
74,6679	68,7217	74,6679	65,7187	74,6679	63,732	74,6679	43,1303	74,6679	42,4879	74,6679	63,6735	
74,8319	68,7218	74,8319	65,7179	74,8319	63,732	74,8319	43,1297	74,8319	42,4877	74,8319	63,6736	
74,9959	68,7214	74,9959	65,7183	74,9959	63,7322	74,9959	43,13	74,9959	42,4875	74,9959	63,6739	
75,16	68,7326	75,16	65,7254	75,16	63,7351	75,16	43,1298	75,16	42,4881	75,16	63,6733	
75,3239	68,7966	75,3239	65,7596	75,3239	63,7539	75,3239	43,1303	75,3239	42,488	75,3239	63,6736	
75,4876	68,796	75,4876	65,7664	75,4876	63,7631	75,4876	43,1302	75,4876	42,4883	75,4876	63,6731	
75,6514	68,8031	75,6514	65,7715	75,6514	63,768	75,6514	43,1305	75,6514	42,4881	75,6514	63,6732	
75,8154	68,8066	75,8154	65,7742	75,8154	63,771	75,8154	43,1306	75,8154	42,4879	75,8154	63,6734	
75,9791	68,8079	75,9791	65,7766	75,9791	63,7732	75,9791	43,13	75,9791	42,4878	75,9791	63,6737	
76,1431	68,8107	76,1431	65,7785	76,1431	63,7748	76,1431	43,1308	76,1431	42,4883	76,1431	63,6737	
76,3071	68,813	76,3071	65,7796	76,3071	63,7758	76,3071	43,1299	76,3071	42,4882	76,3071	63,6746	
76,471	68,814	76,471	65,7801	76,471	63,7764	76,471	43,1303	76,471	42,4885	76,471	63,6747	
76,635	68,8137	76,635	65,7811	76,635	63,7767	76,635	43,1304	76,635	42,4885	76,635	63,6756	
76,7985	68,8148	76,7985	65,7809	76,7985	63,777	76,7985	43,1307	76,7985	42,4884	76,7985	63,6758	
76,9625	68,8129	76,9625	65,7816	76,9625	63,7778	76,9625	43,1305	76,9625	42,4886	76,9625	63,6775	
77,1262	68,8151	77,1262	65,7818	77,1262	63,7778	77,1262	43,1303	77,1262	42,4886	77,1262	63,6775	
77,2899	68,8151	77,2899	65,7818	77,2899	63,7777	77,2899	43,1299	77,2899	42,4886	77,2899	63,6777	
77,4534	68,8166	77,4534	65,7825	77,4534	63,7778	77,4534	43,1299	77,4534	42,4882	77,4534	63,6783	
77,6171	68,814	77,6171	65,7818	77,6171	63,7779	77,6171	43,13	77,6171	42,4885	77,6171	63,6793	
77,7811	68,8142	77,7811	65,7821	77,7811	63,7782	77,7811	43,1296	77,7811	42,4881	77,7811	63,6804	
77,9445	68,8155	77,9445	65,7816	77,9445	63,778	77,9445	43,1297	77,9445	42,488	77,9445	63,6806	
78,1082	68,8161	78,1082	65,7819	78,1082	63,7779	78,1082	43,1296	78,1082	42,4884	78,1082	63,6818	
78,2719	68,8148	78,2719	65,7814	78,2719	63,7776	78,2719	43,1291	78,2719	42,4885	78,2719	63,6827	
78,4359	68,8152	78,4359	65,7817	78,4359	63,778	78,4359	43,1294	78,4359	42,4884	78,4359	63,6832	
78,5993	68,8156	78,5993	65,7821	78,5993	63,7781	78,5993	43,129	78,5993	42,4883	78,5993	63,6844	
78,7633	68,8158	78,7633	65,782	78,7633	63,7782	78,7633	43,1285	78,7633	42,488	78,7633	63,6858	
78,927	68,8165	78,927	65,7816	78,927	63,7781	78,927	43,128	78,927	42,4879	78,927	63,6858	
79,0908	68,8155	79,0908	65,7822	79,0908	63,778	79,0908	43,1283	79,0908	42,4883	79,0908	63,6874	
79,2548	68,8161	79,2548	65,7822	79,2548	63,7783	79,2548	43,128	79,2548	42,4876	79,2548	63,6885	
79,4188	68,8139	79,4188	65,7825	79,4188	63,7784	79,4188	43,1279	79,4188	42,4878	79,4188	63,6893	
79,5827	68,8165	79,5827	65,7819	79,5827	63,7778	79,5827	43,1278	79,5827	42,4872	79,5827	63,6909	
79,7465	68,8164	79,7465	65,7826	79,7465	63,7783	79,7465	43,1279	79,7465	42,4873	79,7465	63,6922	
79,9099	68,8152	79,9099	65,7824	79,9099	63,7781	79,9099	43,1275	79,9099	42,4874	79,9099	63,6927	
80,0736	68,815	80,0736	65,7822	80,0736	63,7776	80,0736	43,1272	80,0736	42,4874	80,0736	63,6938	
80,2374	68,8159	80,2374	65,7821	80,2374	63,7776	80,2374	43,1269	80,2374	42,4869	80,2374	63,6946	
80,4019	68,8159	80,4019	65,7826	80,4019	63,778	80,4019	43,1275	80,4019	42,4872	80,4019	75,4552	
80,5659	68,8153	80,5659	65,7817	80,5659	63,7774	80,5659	43,1268	80,5659	42,4868	80,5659	75,4507	
80,7296	68,8158	80,7296	65,7822	80,7296	63,7779	80,7296	43,1265	80,7296	42,4869	80,7296	75,4552	
80,8934	68,8146	80,8934	65,781	80,8934	63,7778	80,8934	43,1268	80,8934	42,4872	80,8934	75,4559	
81,0576	68,8141	81,0576	65,7815	81,0576	63,7773	81,0576	43,1265	81,0576	42,4869	81,0576	75,4551	
81,2211	68,814	81,2211	65,7809	81,2211	63,7771	81,2211	43,1263	81,2211	42,4868	81,2211	75,455	
81,3846	68,8124	81,3846	65,7811	81,3846	63,7767	81,3846	43,1255	81,3846	42,4865	81,3846	75,4543	
81,548	68,8122	81,548	65,7804	81,548	63,7763	81,548	43,1262	81,548	42,4869	81,548	78,2494	
81,7114	68,8126	81,7114	65,7798	81,7114	63,7763	81,7114	43,1259	81,7114	42,4867	81,7114	78,1942	
81,8749	68,8136	81,8749	65,7805	81,8749	63,7754	81,8749	43,1259	81,8749	42,4867	81,8749	78,266	
82,0386	68,8112	82,0386	65,7796	82,0386	63,7753	82,0386	43,1259	82,0386	42,4862	82,0386	78,2406	
82,2023	68,8127	82,2023	65,7792	82,2023	63,7751	82,2023	43,1254	82,2023	42,4863	82,2023	78,466	
82,3668	68,812	82,3668	65,7794	82,3668	63,7747	82,3668	43,1255	82,3668	42,4866	82,3668	78,3768	
82,5305	68,8114	82,5305	65,7791	82,5305	63,7746	82,5305	43,1254	82,5305	42,4865	82,5305	78,3566	
82,6946	68,8096	82,6946	65,7779	82,6946	63,7741	82,6946	43,1257	82,6946	42,486	82,6946	78,2084	
82,8581	68,8093	82,8581	65,7779	82,8581	63,7735	82,8581	43,1255	82,8581	42,4864	82,8581	78,2073	
83,022	68,81	83,022	65,7768	83,022	63,7733	83,022	43,1253	83,022	42,4862	83,022	78,6718	
83,186	68,8054	83,186	65,7738	83,186	63,7701	83,186	43,1251	83,186	42,486	83,186	78,2259	
83,3503	68,8008	83,3503	65,7699	83,3503	63,7668	83,3503	43,1253	83,3503	42,4861	83,3503	78,2712	
83,5149	68,797	83,5149	65,7668	83,5149	63,764	83,5149	43,1248	83,5149	42,4859	83,5149	77,6997	
83,6791	68,7935	83,6791	65,764	83,6791	63,7613	83,6791	43,1251	83,6791	42,4859	83,6791	78,2763	
83,8426	68,7894	83,8426	65,7606	83,8426	63,7583	83,8426	43,1253	83,8426	42,4864	83,8426	78,65	
84,0065	68,7845	84,0065	65,7568	84,0065	63,756	84,0065	43,125	84,0065	42,4855	84,0065	76,9463	
84,1716	68,762	84,1716	65,7439	84,1716	63,7476	84,1716	43,1246	84,1716	42,4858	84,1716	78,3745	
84,3354	68,7326	84,3354	65,7265	84,3354	63,7374	84,3354	43,1248	84,3354	42,4856	84,3354	44,0624	
84,4991	68,7238	84,4991	65,7206	84,4991	63,7334	84,4991	43,1248	84,4991	42,486	84,4991	78,2607	
84,6628	68,7216	84,6628	65,7189	84,6628	63,7324	84,6628	43,1248	84,6628	42,4856	84,6628	78,4707	
84,8271	68,7205	84,8271	65,718	84,8271	63,7319	84,8271	43,1249	84,8271	42,4854	84,8271	78,306	
84,9913	68,7192	84,9913	65,7179	84,9913	63,7317	84,9913	43,1245	84,9913	42,4858	84,9913	78,1995	
85,1551	68,7196	85,1551	65,7177	85,1551	63,7318	85,1551	43,125	85,1551	42,4855	85,1551	79,0792	
85,319	68,7187	85,319	65,7177	85,319	63,7316	85,319	43,1242	85,319	42,4857	85,319	78,2227	
85,4838	68,7186	85,4838	65,7175	85,4838	63,7318	85,4838	43,1242	85,4838	42,486	85,4838	78,1942	
85,6478	68,7192	85,6478	65,7179	85,6478	63,7315	85,6478	43,1243	85,6478	42,4856	85,6478	78,4727	
85,8115	68,7197	85,8115	65,7177	85,8115	63,7314	85,8115	43,1251	85,8115	42,4851	85,8115	78,2021	
85,9755	68,7191	85,9755	65,7174	85,9755	63,7317	85,9755	43,1245	85,9755	42,4858	85,9755	77,6446	
86,1395	68,7196	86,1395	65,7175	86,1395	63,7317	86,1395	43,1244	86,1395	42,4856	86,1395	78,3493	
86,3035	68,7201	86,3035	65,7172	86,3035	63,7319	86,3035	43,1245	86,3035	42,4857	86,3035	78,2635	
86,4681	68,7177	86,4681	65,7174	86,4681	63,7316	86,4681	43,1243	86,4681	42,4854	86,4681	78,3789	
86,6323	68,7187	86,6323	65,7176	86,6323	63,7316	86,6323	43,1247	86,6323	42,4858	86,6323	78,2327	
86,7966	68,7188	86,7966	65,7172	86,7966	63,7313	86,7966	43,1242	86,7966	42,4856	86,7966	78,3127	
86,9605	68,7191	86,9605	65,7174	86,9605	63,7316	86,9605	43,1243	86,9605	42,4856	86,9605	78,2496	
87,1248	68,7187	87,1248	65,7175	87,1248	63,7315	87,1248	43,1241	87,1248	42,4854	87,1248	78,305	
87,2888	68,7189	87,2888	65,7172	87,2888	63,7317	87,2888	43,1241	87,2888	42,485	87,2888	78,4228	
87,4522	68,7207	87,4522	65,7181	87,4522	63,7317	87,4522	43,1239	87,4522	42,4852	87,4522	78,214	
87,616	68,7192	87,616	65,7176	87,616	63,7318	87,616	43,1239	87,616	42,4852	87,616	78,2234	
87,78	68,7194	87,78	65,7174	87,78	63,7321	87,78	43,1235	87,78	42,4854	87,78	78,1956	
87,9442	68,7193	87,9442	65,7178	87,9442	63,7318	87,9442	43,1234	87,9442	42,4854	87,9442	78,1965	
88,1087	68,7192	88,1087	65,7174	88,1087	63,7319	88,1087	43,124	88,1087	42,4853	88,1087	77,0033	
88,2725	68,7185	88,2725	65,7175	88,2725	63,7319	88,2725	43,1242	88,2725	42,4853	88,2725	78,2232	
88,4362	68,7188	88,4362	65,7176	88,4362	63,7321	88,4362	43,1236	88,4362	42,4852	88,4362	78,6538	
