Time (min) - L1 670nm	 - L1 670nm	Time (min) - L2 785nm	 - L2 785nm	Time (min) - L3 980nm	 - L3 980nm	Time (min) - L5 670nm	 - L5 670nm	Time (min) - L6 785nm	 - L6 785nm	Time (min) - L7 980nm	 - L7 980nm	
0,18225	68,524	0,18225	65,611	0,18225	63,6766	0,18225	68,546	0,18225	65,576	0,18225	63,6127	
0,348133	68,5233	0,348133	65,6105	0,348133	63,6761	0,348133	68,5468	0,348133	65,575	0,348133	63,6124	
0,51265	68,5239	0,51265	65,6104	0,51265	63,6757	0,51265	68,5452	0,51265	65,5752	0,51265	63,6121	
0,6769	68,5228	0,6769	65,61	0,6769	63,6757	0,6769	68,5452	0,6769	65,5742	0,6769	63,612	
0,841683	68,5228	0,841683	65,61	0,841683	63,6758	0,841683	68,5456	0,841683	65,5745	0,841683	63,6121	
1,00703	68,522	1,00703	65,6101	1,00703	63,6758	1,00703	68,5455	1,00703	65,5742	1,00703	63,6118	
1,17157	68,5223	1,17157	65,6099	1,17157	63,6755	1,17157	68,5439	1,17157	65,5742	1,17157	63,6117	
1,33557	68,522	1,33557	65,6098	1,33557	63,6757	1,33557	68,5461	1,33557	65,5739	1,33557	63,6117	
1,50013	68,5222	1,50013	65,6095	1,50013	63,6755	1,50013	68,5449	1,50013	65,5741	1,50013	63,6115	
1,66438	68,522	1,66438	65,6091	1,66438	63,6753	1,66438	68,5455	1,66438	65,5737	1,66438	63,6114	
1,8289	68,5215	1,8289	65,6094	1,8289	63,6748	1,8289	68,5452	1,8289	65,5733	1,8289	63,6108	
1,9929	68,5221	1,9929	65,6092	1,9929	63,6746	1,9929	68,5453	1,9929	65,5737	1,9929	63,6109	
2,15715	68,521	2,15715	65,6091	2,15715	63,6745	2,15715	68,5442	2,15715	65,5732	2,15715	63,611	
2,32138	68,5212	2,32138	65,6091	2,32138	63,6745	2,32138	68,5455	2,32138	65,573	2,32138	63,6109	
2,48537	68,5217	2,48537	65,6089	2,48537	63,6744	2,48537	68,5441	2,48537	65,5729	2,48537	63,6109	
2,64987	68,5215	2,64987	65,6088	2,64987	63,6746	2,64987	68,5441	2,64987	65,5726	2,64987	63,6107	
2,81437	68,5204	2,81437	65,6085	2,81437	63,6744	2,81437	68,5442	2,81437	65,5729	2,81437	63,6107	
2,97832	68,521	2,97832	65,609	2,97832	63,6743	2,97832	68,544	2,97832	65,5733	2,97832	63,6105	
3,14283	68,5209	3,14283	65,6086	3,14283	63,6745	3,14283	68,5444	3,14283	65,5736	3,14283	63,6106	
3,30707	68,5211	3,30707	65,6086	3,30707	63,6743	3,30707	68,5446	3,30707	65,5725	3,30707	63,6104	
3,47105	68,5211	3,47105	65,6083	3,47105	63,6738	3,47105	68,5429	3,47105	65,5723	3,47105	63,6102	
3,63477	68,5204	3,63477	65,6079	3,63477	63,674	3,63477	68,5425	3,63477	65,5728	3,63477	63,6101	
3,79928	68,5202	3,79928	65,6082	3,79928	63,6738	3,79928	68,5439	3,79928	65,5724	3,79928	63,6102	
3,96327	68,5204	3,96327	65,6079	3,96327	63,6739	3,96327	68,5439	3,96327	65,5726	3,96327	63,6102	
4,12702	68,5201	4,12702	65,6081	4,12702	63,674	4,12702	68,5432	4,12702	65,5727	4,12702	63,61	
4,29152	68,5201	4,29152	65,6075	4,29152	63,6738	4,29152	68,5443	4,29152	65,5727	4,29152	63,6102	
4,45578	68,5204	4,45578	65,608	4,45578	63,6737	4,45578	68,5422	4,45578	65,5725	4,45578	63,6101	
4,61948	68,5211	4,61948	65,6078	4,61948	63,6738	4,61948	68,5421	4,61948	65,5725	4,61948	63,6101	
4,78343	68,5205	4,78343	65,6081	4,78343	63,6735	4,78343	68,5424	4,78343	65,572	4,78343	63,61	
4,94768	68,5201	4,94768	65,6075	4,94768	63,6735	4,94768	68,5438	4,94768	65,5723	4,94768	63,6098	
5,1122	68,5205	5,1122	65,6083	5,1122	63,6736	5,1122	68,5431	5,1122	65,572	5,1122	63,61	
5,27618	68,5205	5,27618	65,6082	5,27618	63,6737	5,27618	68,543	5,27618	65,5719	5,27618	63,61	
5,43992	68,5199	5,43992	65,608	5,43992	63,6738	5,43992	68,5434	5,43992	65,5717	5,43992	63,61	
5,60337	68,5205	5,60337	65,6075	5,60337	63,6739	5,60337	68,5434	5,60337	65,5723	5,60337	63,6101	
5,76707	68,5203	5,76707	65,6081	5,76707	63,6736	5,76707	68,5432	5,76707	65,5728	5,76707	63,6099	
5,9308	68,5196	5,9308	65,6079	5,9308	63,6737	5,9308	68,5434	5,9308	65,572	5,9308	63,6101	
6,09425	68,5203	6,09425	65,6078	6,09425	63,6741	6,09425	68,5443	6,09425	65,5726	6,09425	63,6102	
6,2585	68,5202	6,2585	65,6077	6,2585	63,6737	6,2585	68,5435	6,2585	65,5718	6,2585	63,6101	
6,42243	68,5204	6,42243	65,6083	6,42243	63,6738	6,42243	68,5434	6,42243	65,572	6,42243	63,6101	
6,58643	68,52	6,58643	65,6077	6,58643	63,6738	6,58643	68,542	6,58643	65,5726	6,58643	63,6102	
6,75097	68,5205	6,75097	65,6073	6,75097	63,6738	6,75097	68,5422	6,75097	65,5723	6,75097	63,6101	
6,9147	68,5207	6,9147	65,6078	6,9147	63,6735	6,9147	68,5438	6,9147	65,5721	6,9147	63,6099	
7,07893	68,5199	7,07893	65,6078	7,07893	63,6735	7,07893	68,5444	7,07893	65,5728	7,07893	63,6101	
7,24293	68,5201	7,24293	65,6078	7,24293	63,6738	7,24293	68,5441	7,24293	65,5724	7,24293	63,6102	
7,40717	68,5204	7,40717	65,6078	7,40717	63,674	7,40717	68,5424	7,40717	65,5721	7,40717	63,6102	
7,57165	68,5204	7,57165	65,608	7,57165	63,6738	7,57165	68,5422	7,57165	65,573	7,57165	63,6101	
7,73512	68,5204	7,73512	65,6082	7,73512	63,6736	7,73512	68,544	7,73512	65,5723	7,73512	63,6099	
7,89882	68,5205	7,89882	65,6082	7,89882	63,674	7,89882	68,5431	7,89882	65,5725	7,89882	63,6101	
8,06305	68,5203	8,06305	65,6082	8,06305	63,674	8,06305	68,5421	8,06305	65,5727	8,06305	63,6102	
8,22703	68,52	8,22703	65,6079	8,22703	63,6739	8,22703	68,5429	8,22703	65,5727	8,22703	63,6101	
8,39103	68,5199	8,39103	65,6079	8,39103	63,674	8,39103	68,544	8,39103	65,5724	8,39103	63,61	
8,55532	68,5205	8,55532	65,6079	8,55532	63,6738	8,55532	68,5431	8,55532	65,5724	8,55532	63,6101	
8,7193	68,5206	8,7193	65,6081	8,7193	63,6738	8,7193	68,5435	8,7193	65,5722	8,7193	63,61	
8,88328	68,5199	8,88328	65,6081	8,88328	63,6739	8,88328	68,543	8,88328	65,5724	8,88328	63,6101	
9,047	68,5201	9,047	65,608	9,047	63,6738	9,047	68,5446	9,047	65,5723	9,047	63,61	
9,21097	68,5201	9,21097	65,6075	9,21097	63,6738	9,21097	68,5426	9,21097	65,5724	9,21097	63,6102	
9,37503	68,5203	9,37503	65,6081	9,37503	63,6741	9,37503	68,543	9,37503	65,5727	9,37503	63,6102	
9,5393	68,5208	9,5393	65,608	9,5393	63,674	9,5393	68,5423	9,5393	65,5723	9,5393	63,6103	
9,70355	68,5205	9,70355	65,6081	9,70355	63,674	9,70355	68,5441	9,70355	65,5724	9,70355	63,6103	
9,86752	68,5203	9,86752	65,6079	9,86752	63,6738	9,86752	68,5429	9,86752	65,5725	9,86752	63,6102	
10,0309	68,5205	10,0309	65,608	10,0309	63,6739	10,0309	68,544	10,0309	65,5724	10,0309	63,61	
10,1953	68,5204	10,1953	65,6079	10,1953	63,674	10,1953	68,5446	10,1953	65,5729	10,1953	63,6102	
10,3593	68,5204	10,3593	65,608	10,3593	63,6739	10,3593	68,5426	10,3593	65,5724	10,3593	63,6101	
10,5235	68,52	10,5235	65,6078	10,5235	63,6737	10,5235	68,5441	10,5235	65,5721	10,5235	63,6101	
10,6875	68,5208	10,6875	65,6076	10,6875	63,6734	10,6875	68,5431	10,6875	65,5724	10,6875	63,6102	
10,8517	68,5208	10,8517	65,6082	10,8517	63,6736	10,8517	68,5433	10,8517	65,5722	10,8517	63,6102	
11,016	68,5203	11,016	65,6078	11,016	63,6736	11,016	68,5428	11,016	65,572	11,016	63,6101	
11,1802	68,5198	11,1802	65,6074	11,1802	63,6734	11,1802	68,5427	11,1802	65,5726	11,1802	63,6101	
11,3445	68,5202	11,3445	65,6083	11,3445	63,6737	11,3445	68,5433	11,3445	65,5722	11,3445	63,6101	
11,5085	68,5205	11,5085	65,6079	11,5085	63,6741	11,5085	68,544	11,5085	65,5722	11,5085	63,6104	
11,6722	68,5208	11,6722	65,6079	11,6722	63,6737	11,6722	68,543	11,6722	65,5723	11,6722	63,6101	
11,8364	68,5199	11,8364	65,6076	11,8364	63,6737	11,8364	68,5425	11,8364	65,5722	11,8364	63,6101	
12,0004	68,5193	12,0004	65,6075	12,0004	63,6735	12,0004	68,5445	12,0004	65,5717	12,0004	63,6101	
12,1649	68,5202	12,1649	65,6081	12,1649	63,6737	12,1649	68,5439	12,1649	65,5718	12,1649	63,6101	
12,3292	68,5204	12,3292	65,6075	12,3292	63,6736	12,3292	68,5425	12,3292	65,5726	12,3292	63,6101	
12,4937	68,5197	12,4937	65,6077	12,4937	63,6737	12,4937	68,5426	12,4937	65,5723	12,4937	63,6102	
12,6588	68,5208	12,6588	65,6076	12,6588	63,6738	12,6588	68,5424	12,6588	65,5724	12,6588	63,6102	
12,8233	68,5201	12,8233	65,6079	12,8233	63,6738	12,8233	68,5435	12,8233	65,5723	12,8233	63,6101	
12,9868	68,52	12,9868	65,6082	12,9868	63,6736	12,9868	68,5437	12,9868	65,5721	12,9868	63,61	
13,1516	68,5199	13,1516	65,6079	13,1516	63,6739	13,1516	68,5423	13,1516	65,5722	13,1516	63,6102	
13,3159	68,5202	13,3159	65,6081	13,3159	63,6735	13,3159	68,5442	13,3159	65,5715	13,3159	63,61	
13,4799	68,5206	13,4799	65,6079	13,4799	63,6738	13,4799	68,5424	13,4799	65,5725	13,4799	63,6101	
13,6444	68,5206	13,6444	65,6075	13,6444	63,6737	13,6444	68,5426	13,6444	65,5725	13,6444	63,6103	
13,8089	68,5198	13,8089	65,6078	13,8089	63,6737	13,8089	68,5427	13,8089	65,5728	13,8089	63,6102	
13,9731	68,5204	13,9731	65,6077	13,9731	63,6737	13,9731	68,5426	13,9731	65,5721	13,9731	63,6102	
14,1374	68,5207	14,1374	65,6079	14,1374	63,6741	14,1374	68,5443	14,1374	65,5721	14,1374	63,6103	
14,3008	68,5203	14,3008	65,6081	14,3008	63,6741	14,3008	68,5445	14,3008	65,5718	14,3008	63,6103	
14,4646	68,5204	14,4646	65,608	14,4646	63,674	14,4646	68,5429	14,4646	65,5729	14,4646	63,6104	
14,6291	68,5213	14,6291	65,6077	14,6291	63,674	14,6291	68,5426	14,6291	65,5722	14,6291	63,6102	
14,7931	68,5203	14,7931	65,6083	14,7931	63,6739	14,7931	68,5435	14,7931	65,5723	14,7931	63,6103	
14,9571	68,5207	14,9571	65,6081	14,9571	63,6739	14,9571	68,5442	14,9571	65,5719	14,9571	63,6101	
15,1208	68,5205	15,1208	65,6079	15,1208	63,6737	15,1208	68,5435	15,1208	65,5729	15,1208	63,6102	
15,2849	68,5204	15,2849	65,6073	15,2849	63,6739	15,2849	68,542	15,2849	65,5726	15,2849	63,6102	
15,4489	68,5208	15,4489	65,6084	15,4489	63,6737	15,4489	68,5439	15,4489	65,5717	15,4489	63,6101	
15,6126	68,5207	15,6126	65,6076	15,6126	63,6737	15,6126	68,5435	15,6126	65,5725	15,6126	63,6102	
15,7763	68,52	15,7763	65,6078	15,7763	63,674	15,7763	68,5433	15,7763	65,5725	15,7763	63,6103	
15,9406	68,5204	15,9406	65,6084	15,9406	63,6739	15,9406	68,5431	15,9406	65,5728	15,9406	63,6101	
16,1048	68,5213	16,1048	65,6074	16,1048	63,6739	16,1048	68,5435	16,1048	65,5726	16,1048	63,6102	
16,2685	68,5212	16,2685	65,6077	16,2685	63,6741	16,2685	68,5433	16,2685	65,572	16,2685	63,6103	
16,432	68,5207	16,432	65,6082	16,432	63,6739	16,432	68,5433	16,432	65,5724	16,432	63,6102	
16,5962	68,5207	16,5962	65,6081	16,5962	63,6738	16,5962	68,5435	16,5962	65,5722	16,5962	63,6101	
16,7602	68,5206	16,7602	65,6072	16,7602	63,674	16,7602	68,5426	16,7602	65,5727	16,7602	63,61	
16,9242	68,5205	16,9242	65,6078	16,9242	63,6742	16,9242	68,543	16,9242	65,5725	16,9242	63,6101	
17,0877	68,521	17,0877	65,6077	17,0877	63,6739	17,0877	68,543	17,0877	65,5727	17,0877	63,6104	
17,2514	68,5208	17,2514	65,6081	17,2514	63,674	17,2514	68,545	17,2514	65,5729	17,2514	63,6101	
17,4151	68,5207	17,4151	65,6077	17,4151	63,6738	17,4151	68,5429	17,4151	65,572	17,4151	63,6102	
17,5788	68,521	17,5788	65,6082	17,5788	63,6739	17,5788	68,544	17,5788	65,5722	17,5788	63,6103	
17,7425	68,5206	17,7425	65,6082	17,7425	63,6737	17,7425	68,5435	17,7425	65,5724	17,7425	63,6104	
17,907	68,5216	17,907	65,6076	17,907	63,6739	17,907	68,5435	17,907	65,5728	17,907	63,6103	
18,0717	68,5206	18,0717	65,608	18,0717	63,6737	18,0717	68,5438	18,0717	65,5723	18,0717	63,6102	
18,236	68,5206	18,236	65,6076	18,236	63,6739	18,236	68,5444	18,236	65,5728	18,236	63,6102	
18,3997	68,5211	18,3997	65,6076	18,3997	63,6738	18,3997	68,5451	18,3997	65,5726	18,3997	63,6101	
18,5637	68,5204	18,5637	65,6076	18,5637	63,6735	18,5637	68,5434	18,5637	65,5718	18,5637	63,61	
18,7274	68,5202	18,7274	65,6075	18,7274	63,6735	18,7274	68,5425	18,7274	65,572	18,7274	63,6101	
18,8908	68,5201	18,8908	65,6078	18,8908	63,6737	18,8908	68,543	18,8908	65,572	18,8908	63,6102	
19,0545	68,5206	19,0545	65,6077	19,0545	63,6735	19,0545	68,5427	19,0545	65,5723	19,0545	63,61	
19,2195	68,5206	19,2195	65,6079	19,2195	63,6737	19,2195	68,5436	19,2195	65,5716	19,2195	63,6101	
19,3841	68,5207	19,3841	65,6077	19,3841	63,6739	19,3841	68,5429	19,3841	65,5722	19,3841	63,6101	
19,548	68,5207	19,548	65,608	19,548	63,6739	19,548	68,544	19,548	65,5718	19,548	63,6103	
19,7123	68,5209	19,7123	65,6073	19,7123	63,6733	19,7123	68,5428	19,7123	65,572	19,7123	63,6102	
19,8765	68,5204	19,8765	65,6079	19,8765	63,6741	19,8765	68,5446	19,8765	65,5723	19,8765	63,6103	
20,041	68,5212	20,041	65,6081	20,041	63,6737	20,041	68,544	20,041	65,5722	20,041	63,61	
20,2058	68,5213	20,2058	65,6077	20,2058	63,6732	20,2058	68,5434	20,2058	65,5719	20,2058	63,6101	
20,3707	68,5211	20,3707	65,6075	20,3707	63,6736	20,3707	68,5429	20,3707	65,5721	20,3707	63,61	
20,5349	68,5204	20,5349	65,6074	20,5349	63,6737	20,5349	68,5431	20,5349	65,5726	20,5349	63,6103	
20,6992	68,521	20,6992	65,6077	20,6992	63,6737	20,6992	68,5428	20,6992	65,5723	20,6992	63,6102	
20,8637	68,5207	20,8637	65,6082	20,8637	63,6738	20,8637	68,544	20,8637	65,572	20,8637	63,6101	
21,0277	68,5207	21,0277	65,6076	21,0277	63,6737	21,0277	68,5431	21,0277	65,5722	21,0277	63,6101	
21,1919	68,5205	21,1919	65,6075	21,1919	63,6735	21,1919	68,5442	21,1919	65,5718	21,1919	63,6098	
21,3559	68,5202	21,3559	65,6077	21,3559	63,6737	21,3559	68,5428	21,3559	65,5723	21,3559	63,6102	
21,5196	68,52	21,5196	65,6082	21,5196	63,6739	21,5196	68,5437	21,5196	65,5718	21,5196	63,61	
21,683	68,5206	21,683	65,6073	21,683	63,6738	21,683	68,5433	21,683	65,5718	21,683	63,6099	
21,847	68,5209	21,847	65,6078	21,847	63,6739	21,847	68,5452	21,847	65,5721	21,847	63,6099	
22,011	68,5209	22,011	65,6074	22,011	63,6736	22,011	68,543	22,011	65,5728	22,011	63,61	
22,1747	68,5208	22,1747	65,6078	22,1747	63,6738	22,1747	68,5442	22,1747	65,5724	22,1747	63,61	
22,3384	68,5201	22,3384	65,6076	22,3384	63,6735	22,3384	68,543	22,3384	65,5721	22,3384	63,6101	
22,5024	68,5209	22,5024	65,6078	22,5024	63,6739	22,5024	68,543	22,5024	65,5724	22,5024	63,6102	
22,6658	68,5207	22,6658	65,608	22,6658	63,6737	22,6658	68,5441	22,6658	65,5718	22,6658	63,6101	
22,8301	68,5208	22,8301	65,6079	22,8301	63,674	22,8301	68,5445	22,8301	65,5727	22,8301	63,6102	
22,9943	68,5199	22,9943	65,6073	22,9943	63,6739	22,9943	68,5424	22,9943	65,5722	22,9943	63,6101	
23,1588	68,5204	23,1588	65,6076	23,1588	63,6738	23,1588	68,5435	23,1588	65,573	23,1588	63,61	
23,3225	68,5207	23,3225	65,6078	23,3225	63,6739	23,3225	68,5428	23,3225	65,5719	23,3225	63,6101	
23,4862	68,5202	23,4862	65,6077	23,4862	63,6738	23,4862	68,5448	23,4862	65,5723	23,4862	63,61	
23,6507	68,5206	23,6507	65,6075	23,6507	63,6735	23,6507	68,5438	23,6507	65,5718	23,6507	63,6099	
23,8159	68,5207	23,8159	65,6078	23,8159	63,6739	23,8159	68,5431	23,8159	65,5728	23,8159	63,6101	
23,9799	68,5202	23,9799	65,6077	23,9799	63,6738	23,9799	68,5434	23,9799	65,5723	23,9799	63,6101	
24,1441	68,5217	24,1441	65,6077	24,1441	63,6739	24,1441	68,5423	24,1441	65,5728	24,1441	63,6102	
24,3086	68,5208	24,3086	65,6077	24,3086	63,6739	24,3086	68,5429	24,3086	65,5721	24,3086	63,6102	
24,4721	68,5207	24,4721	65,6077	24,4721	63,674	24,4721	68,5452	24,4721	65,5721	24,4721	63,6103	
24,6363	68,5209	24,6363	65,6077	24,6363	63,6738	24,6363	68,5435	24,6363	65,5722	24,6363	63,6102	
24,8006	68,5209	24,8006	65,6079	24,8006	63,6736	24,8006	68,5439	24,8006	65,5716	24,8006	63,6101	
24,964	68,5211	24,964	65,6072	24,964	63,6737	24,964	68,5431	24,964	65,5723	24,964	63,6101	
25,1281	68,5202	25,1281	65,6073	25,1281	63,6738	25,1281	68,545	25,1281	65,5729	25,1281	63,6103	
25,2924	68,5208	25,2924	65,6078	25,2924	63,6736	25,2924	68,5439	25,2924	65,5719	25,2924	63,6103	
25,4566	68,5205	25,4566	65,6074	25,4566	63,6739	25,4566	68,543	25,4566	65,5724	25,4566	63,6102	
25,6204	68,521	25,6204	65,6079	25,6204	63,6736	25,6204	68,5437	25,6204	65,5716	25,6204	63,61	
25,7841	68,5213	25,7841	65,6075	25,7841	63,6737	25,7841	68,5431	25,7841	65,5725	25,7841	63,6101	
25,9481	68,5212	25,9481	65,608	25,9481	63,6738	25,9481	68,5454	25,9481	65,573	25,9481	63,6103	
26,1123	68,521	26,1123	65,6077	26,1123	63,6739	26,1123	68,5436	26,1123	65,5724	26,1123	63,6103	
26,2763	68,5209	26,2763	65,608	26,2763	63,6736	26,2763	68,5435	26,2763	65,5717	26,2763	63,61	
26,4406	68,5213	26,4406	65,6074	26,4406	63,6736	26,4406	68,5435	26,4406	65,5722	26,4406	63,61	
26,6046	68,5207	26,6046	65,6072	26,6046	63,6738	26,6046	68,5439	26,6046	65,5719	26,6046	63,6102	
26,7683	68,5209	26,7683	65,6078	26,7683	63,6735	26,7683	68,543	26,7683	65,5721	26,7683	63,6101	
26,9325	68,521	26,9325	65,6071	26,9325	63,6737	26,9325	68,543	26,9325	65,5716	26,9325	63,61	
27,0962	68,5205	27,0962	65,6075	27,0962	63,6735	27,0962	68,5428	27,0962	65,5715	27,0962	63,6102	
27,2607	68,5205	27,2607	65,6077	27,2607	63,6736	27,2607	68,5431	27,2607	65,5721	27,2607	63,6102	
27,4253	68,5209	27,4253	65,6077	27,4253	63,6739	27,4253	68,5434	27,4253	65,5722	27,4253	63,61	
27,5906	68,5204	27,5906	65,6074	27,5906	63,674	27,5906	68,5431	27,5906	65,5721	27,5906	63,6101	
27,756	68,5206	27,756	65,6077	27,756	63,6738	27,756	68,5435	27,756	65,5722	27,756	63,6102	
27,92	68,5208	27,92	65,6079	27,92	63,6735	27,92	68,5449	27,92	65,5718	27,92	63,61	
28,0842	68,5206	28,0842	65,6073	28,0842	63,6736	28,0842	68,5442	28,0842	65,5718	28,0842	63,6098	
28,2482	68,5206	28,2482	65,6073	28,2482	63,6734	28,2482	68,543	28,2482	65,5719	28,2482	63,6099	
28,4119	68,5212	28,4119	65,6074	28,4119	63,6737	28,4119	68,5437	28,4119	65,5726	28,4119	63,6102	
28,5759	68,5201	28,5759	65,6067	28,5759	63,6732	28,5759	68,5428	28,5759	65,5716	28,5759	63,6101	
28,7396	68,521	28,7396	65,6075	28,7396	63,6736	28,7396	68,5428	28,7396	65,5717	28,7396	63,61	
28,9039	68,5209	28,9039	65,6078	28,9039	63,6732	28,9039	68,5427	28,9039	65,572	28,9039	63,6099	
29,0681	68,5208	29,0681	65,6076	29,0681	63,6734	29,0681	68,5437	29,0681	65,5719	29,0681	63,6099	
29,2323	68,5201	29,2323	65,6073	29,2323	63,6737	29,2323	68,5434	29,2323	65,5721	29,2323	63,6101	
29,3963	68,5204	29,3963	65,6074	29,3963	63,673	29,3963	68,544	29,3963	65,5719	29,3963	63,61	
29,5604	68,521	29,5604	65,6076	29,5604	63,6731	29,5604	68,5437	29,5604	65,572	29,5604	63,6098	
29,7241	68,5202	29,7241	65,6075	29,7241	63,6732	29,7241	68,5429	29,7241	65,5724	29,7241	63,6097	
29,8881	68,5199	29,8881	65,6077	29,8881	63,6732	29,8881	68,5426	29,8881	65,5724	29,8881	63,6096	
30,0515	68,5204	30,0515	65,6075	30,0515	63,6731	30,0515	68,5431	30,0515	65,5718	30,0515	63,6098	
30,2153	68,5204	30,2153	65,6073	30,2153	63,6732	30,2153	68,5443	30,2153	65,5713	30,2153	63,6097	
30,379	68,5207	30,379	65,6073	30,379	63,6734	30,379	68,5426	30,379	65,5719	30,379	63,6098	
30,5429	68,5202	30,5429	65,6076	30,5429	63,6733	30,5429	68,5438	30,5429	65,5719	30,5429	63,6098	
30,7069	68,5208	30,7069	65,6074	30,7069	63,6732	30,7069	68,5427	30,7069	65,5719	30,7069	63,6097	
30,8704	68,5205	30,8704	65,6077	30,8704	63,6732	30,8704	68,5435	30,8704	65,5728	30,8704	63,61	
31,0341	68,5202	31,0341	65,6072	31,0341	63,6733	31,0341	68,5431	31,0341	65,5728	31,0341	63,6098	
31,1979	68,5211	31,1979	65,6073	31,1979	63,6732	31,1979	68,5431	31,1979	65,5722	31,1979	63,6097	
31,3619	68,5201	31,3619	65,6077	31,3619	63,6733	31,3619	68,5437	31,3619	65,5726	31,3619	63,6099	
31,5257	68,5208	31,5257	65,6077	31,5257	63,6733	31,5257	68,5438	31,5257	65,5722	31,5257	63,61	
31,6894	68,5203	31,6894	65,6073	31,6894	63,6732	31,6894	68,5433	31,6894	65,5727	31,6894	63,6098	
31,8533	68,5209	31,8533	65,6072	31,8533	63,673	31,8533	68,5427	31,8533	65,572	31,8533	63,6096	
32,0173	68,5203	32,0173	65,6071	32,0173	63,6735	32,0173	68,5428	32,0173	65,5725	32,0173	63,6098	
32,1813	68,5203	32,1813	65,6076	32,1813	63,6738	32,1813	68,5428	32,1813	65,5722	32,1813	63,6102	
32,3452	68,5203	32,3452	65,6077	32,3452	63,6735	32,3452	68,5438	32,3452	65,5717	32,3452	63,61	
32,5092	68,5208	32,5092	65,6078	32,5092	63,6732	32,5092	68,545	32,5092	65,572	32,5092	63,6099	
32,673	68,5201	32,673	65,6075	32,673	63,6734	32,673	68,5445	32,673	65,5728	32,673	63,6101	
32,8372	68,5205	32,8372	65,6076	32,8372	63,6733	32,8372	68,5431	32,8372	65,5727	32,8372	63,6099	
33,0009	68,5209	33,0009	65,6077	33,0009	63,6733	33,0009	68,544	33,0009	65,5722	33,0009	63,6101	
33,1644	68,5207	33,1644	65,6072	33,1644	63,6734	33,1644	68,5437	33,1644	65,5718	33,1644	63,61	
33,3286	68,52	33,3286	65,6074	33,3286	63,6732	33,3286	68,5434	33,3286	65,5724	33,3286	63,6097	
33,4924	68,5211	33,4924	65,6072	33,4924	63,6734	33,4924	68,5432	33,4924	65,5726	33,4924	63,6098	
33,6564	68,5205	33,6564	65,6071	33,6564	63,6735	33,6564	68,5435	33,6564	65,5722	33,6564	63,6101	
33,8198	68,5203	33,8198	65,6074	33,8198	63,6734	33,8198	68,5447	33,8198	65,5723	33,8198	63,6099	
33,9838	68,5203	33,9838	65,6074	33,9838	63,6734	33,9838	68,5431	33,9838	65,5723	33,9838	63,6098	
34,1481	68,5209	34,1481	65,6075	34,1481	63,6735	34,1481	68,5437	34,1481	65,5721	34,1481	63,6099	
34,3118	68,521	34,3118	65,6075	34,3118	63,6732	34,3118	68,5445	34,3118	65,5727	34,3118	63,61	
34,4763	68,5203	34,4763	65,6076	34,4763	63,6734	34,4763	68,5449	34,4763	65,5729	34,4763	63,6099	
34,6401	68,5207	34,6401	65,6075	34,6401	63,6734	34,6401	68,5426	34,6401	65,5726	34,6401	63,6097	
34,8038	68,5202	34,8038	65,6076	34,8038	63,6733	34,8038	68,5444	34,8038	65,5719	34,8038	63,6098	
34,968	68,5207	34,968	65,6075	34,968	63,6732	34,968	68,5443	34,968	65,5718	34,968	63,6098	
35,1317	68,5207	35,1317	65,6074	35,1317	63,6734	35,1317	68,5432	35,1317	65,5726	35,1317	63,6099	
35,296	68,5209	35,296	65,6076	35,296	63,6732	35,296	68,5451	35,296	65,5714	35,296	63,61	
35,4603	68,5202	35,4603	65,6072	35,4603	63,6734	35,4603	68,5432	35,4603	65,572	35,4603	63,6098	
35,6237	68,5472	35,6237	65,6198	35,6237	63,6792	35,6237	68,544	35,6237	65,5732	35,6237	63,61	
35,7885	68,5816	35,7885	65,6411	35,7885	63,6925	35,7885	68,5452	35,7885	65,573	35,7885	63,6105	
35,9525	68,5953	35,9525	65,6485	35,9525	63,6973	35,9525	68,5452	35,9525	65,5736	35,9525	63,6105	
36,1159	68,603	36,1159	65,6541	36,1159	63,7007	36,1159	68,5454	36,1159	65,5734	36,1159	63,6105	
36,2799	68,6117	36,2799	65,6602	36,2799	63,7043	36,2799	68,545	36,2799	65,5727	36,2799	63,6105	
36,4436	68,6175	36,4436	65,6643	36,4436	63,7077	36,4436	53,3548	36,4436	51,2296	36,4436	78,2347	
36,6074	68,6232	36,6074	65,6677	36,6074	63,7099	36,6074	68,5408	36,6074	65,5703	36,6074	63,6089	
36,7708	68,628	36,7708	65,6713	36,7708	63,7116	36,7708	68,5425	36,7708	65,5707	36,7708	63,6091	
36,9343	68,6314	36,9343	65,6722	36,9343	63,7126	36,9343	68,5428	36,9343	65,5717	36,9343	63,6091	
37,0977	68,6356	37,0977	65,6748	37,0977	63,7139	37,0977	68,5435	37,0977	65,5707	37,0977	63,6093	
37,2615	68,6381	37,2615	65,6764	37,2615	63,7147	37,2615	68,5442	37,2615	65,572	37,2615	63,6092	
37,4249	68,6414	37,4249	65,6781	37,4249	63,7157	37,4249	68,5428	37,4249	65,5713	37,4249	63,6094	
37,5886	68,6432	37,5886	65,6794	37,5886	63,7164	37,5886	68,5433	37,5886	65,5718	37,5886	63,6093	
37,7526	68,6451	37,7526	65,6803	37,7526	63,717	37,7526	68,5436	37,7526	65,5716	37,7526	63,6094	
37,9163	68,6475	37,9163	65,6817	37,9163	63,7173	37,9163	68,5433	37,9163	65,5717	37,9163	63,6095	
38,0803	68,6487	38,0803	65,6821	38,0803	63,7177	38,0803	68,5434	38,0803	65,5724	38,0803	63,6094	
38,2438	68,6509	38,2438	65,6831	38,2438	63,7184	38,2438	68,5433	38,2438	65,572	38,2438	63,6093	
38,4075	68,6513	38,4075	65,6836	38,4075	63,7187	38,4075	68,5438	38,4075	65,5721	38,4075	63,6093	
38,5715	68,6522	38,5715	65,6842	38,5715	63,719	38,5715	68,5444	38,5715	65,5718	38,5715	63,6095	
38,7355	68,6539	38,7355	65,6848	38,7355	63,7195	38,7355	68,5442	38,7355	65,5728	38,7355	63,6094	
38,8997	68,6545	38,8997	65,686	38,8997	63,72	38,8997	68,5438	38,8997	65,5722	38,8997	63,6097	
39,0634	68,6564	39,0634	65,6865	39,0634	63,7201	39,0634	68,5455	39,0634	65,5728	39,0634	63,6095	
39,2272	68,6579	39,2272	65,6875	39,2272	63,7206	39,2272	68,5453	39,2272	65,5729	39,2272	63,6095	
39,3914	68,6592	39,3914	65,6878	39,3914	63,721	39,3914	68,5447	39,3914	65,5719	39,3914	63,6096	
39,5549	68,6601	39,5549	65,6884	39,5549	63,7214	39,5549	68,5442	39,5549	65,5726	39,5549	63,6096	
39,7186	68,6611	39,7186	65,6892	39,7186	63,7215	39,7186	68,5443	39,7186	65,5721	39,7186	63,6097	
39,882	68,6617	39,882	65,6893	39,882	63,7217	39,882	68,5439	39,882	65,5729	39,882	63,6095	
40,046	68,6619	40,046	65,6899	40,046	63,7219	40,046	68,5436	40,046	65,5732	40,046	63,6097	
40,21	68,6628	40,21	65,6896	40,21	63,7223	40,21	68,5447	40,21	65,573	40,21	63,6097	
40,374	68,6638	40,374	65,6905	40,374	63,7224	40,374	68,5448	40,374	65,5723	40,374	63,6098	
40,5375	68,6645	40,5375	65,6909	40,5375	63,7226	40,5375	68,5445	40,5375	65,5729	40,5375	63,6098	
40,7009	68,6655	40,7009	65,6907	40,7009	63,7231	40,7009	68,5449	40,7009	65,5731	40,7009	63,6099	
40,8649	68,6658	40,8649	65,6913	40,8649	63,7231	40,8649	68,5447	40,8649	65,573	40,8649	63,6097	
41,0284	68,6675	41,0284	65,6928	41,0284	63,7233	41,0284	68,5452	41,0284	65,5731	41,0284	63,61	
41,1918	68,6672	41,1918	65,6915	41,1918	63,7233	41,1918	68,5468	41,1918	65,5736	41,1918	63,6098	
41,3555	68,6672	41,3555	65,6932	41,3555	63,7236	41,3555	68,545	41,3555	65,5733	41,3555	63,6101	
41,5195	68,6681	41,5195	65,6925	41,5195	63,7238	41,5195	68,5463	41,5195	65,5734	41,5195	63,6101	
41,6835	68,6682	41,6835	65,6933	41,6835	63,7236	41,6835	68,5451	41,6835	65,5736	41,6835	63,61	
41,847	68,6691	41,847	65,6931	41,847	63,7235	41,847	68,5451	41,847	65,5729	41,847	63,61	
42,0107	68,6693	42,0107	65,6932	42,0107	63,7237	42,0107	68,5449	42,0107	65,5736	42,0107	63,61	
42,1747	68,6689	42,1747	65,693	42,1747	63,724	42,1747	68,5446	42,1747	65,5737	42,1747	63,6101	
42,3381	68,6702	42,3381	65,6936	42,3381	63,7241	42,3381	68,5453	42,3381	65,5731	42,3381	63,6103	
42,5018	68,6697	42,5018	65,6935	42,5018	63,7241	42,5018	68,5454	42,5018	65,5736	42,5018	63,6103	
42,6656	68,6702	42,6656	65,6941	42,6656	63,7242	42,6656	68,5456	42,6656	65,5736	42,6656	63,6103	
42,8293	68,6703	42,8293	65,694	42,8293	63,7244	42,8293	68,547	42,8293	65,5735	42,8293	63,6101	
42,9936	68,6704	42,9936	65,6938	42,9936	63,7241	42,9936	68,5475	42,9936	65,5734	42,9936	63,6101	
43,1575	68,6708	43,1575	65,6944	43,1575	63,7242	43,1575	68,5465	43,1575	65,5734	43,1575	63,6105	
43,3215	68,6724	43,3215	65,6946	43,3215	63,7246	43,3215	68,5453	43,3215	65,5735	43,3215	63,6104	
43,4855	68,6711	43,4855	65,6939	43,4855	63,7242	43,4855	68,5462	43,4855	65,5736	43,4855	63,6102	
43,6495	68,6721	43,6495	65,6942	43,6495	63,7244	43,6495	68,5465	43,6495	65,5732	43,6495	63,6103	
43,8135	68,6698	43,8135	65,6932	43,8135	63,7236	43,8135	68,5458	43,8135	65,5735	43,8135	63,6103	
43,9775	68,6678	43,9775	65,692	43,9775	63,7228	43,9775	68,5464	43,9775	65,573	43,9775	63,6101	
44,1425	68,6657	44,1425	65,6909	44,1425	63,7214	44,1425	68,5469	44,1425	65,5735	44,1425	63,6102	
44,3068	68,6618	44,3068	65,6882	44,3068	63,7189	44,3068	68,5461	44,3068	65,5734	44,3068	63,6103	
44,4716	68,6596	44,4716	65,6854	44,4716	63,7165	44,4716	68,5465	44,4716	65,5732	44,4716	63,6103	
44,6356	68,6566	44,6356	65,6841	44,6356	63,7148	44,6356	68,5466	44,6356	65,5733	44,6356	63,6105	
44,8001	68,6552	44,8001	65,6828	44,8001	63,7142	44,8001	68,5462	44,8001	65,5741	44,8001	63,6104	
44,9641	68,6543	44,9641	65,682	44,9641	63,714	44,9641	68,546	44,9641	65,5735	44,9641	63,6104	
45,1281	68,653	45,1281	65,6815	45,1281	63,7139	45,1281	68,548	45,1281	65,5745	45,1281	63,6104	
45,2918	68,6523	45,2918	65,6816	45,2918	63,7133	45,2918	68,5465	45,2918	65,5732	45,2918	63,6103	
45,4561	68,6512	45,4561	65,6806	45,4561	63,7134	45,4561	68,5486	45,4561	65,5747	45,4561	63,6104	
45,62	68,6507	45,62	65,6806	45,62	63,713	45,62	68,5481	45,62	65,5747	45,62	63,6105	
45,784	68,6523	45,784	65,6805	45,784	63,7131	45,784	68,547	45,784	65,5744	45,784	63,6107	
45,9485	68,6512	45,9485	65,6806	45,9485	63,713	45,9485	68,5469	45,9485	65,5739	45,9485	63,6106	
46,1128	68,6516	46,1128	65,6801	46,1128	63,7126	46,1128	68,5485	46,1128	65,5743	46,1128	63,6105	
46,2773	68,6491	46,2773	65,6793	46,2773	63,7125	46,2773	68,5483	46,2773	65,5737	46,2773	63,6103	
46,4416	68,6494	46,4416	65,6795	46,4416	63,7127	46,4416	68,547	46,4416	65,5747	46,4416	63,6105	
46,6055	68,6489	46,6055	65,6792	46,6055	63,7126	46,6055	68,5475	46,6055	65,575	46,6055	63,6106	
46,7695	68,6488	46,7695	65,6797	46,7695	63,7124	46,7695	68,5475	46,7695	65,5745	46,7695	63,6107	
46,9336	68,6492	46,9336	65,6793	46,9336	63,7121	46,9336	68,5479	46,9336	65,5737	46,9336	63,6105	
47,0975	68,6478	47,0975	65,6787	47,0975	63,712	47,0975	68,5475	47,0975	65,5745	47,0975	63,6107	
47,2616	68,6479	47,2616	65,679	47,2616	63,7122	47,2616	68,5474	47,2616	65,5749	47,2616	63,6109	
47,4261	68,6488	47,4261	65,6783	47,4261	63,712	47,4261	68,5479	47,4261	65,5751	47,4261	63,6106	
47,5898	68,648	47,5898	65,6782	47,5898	63,7118	47,5898	68,5487	47,5898	65,5743	47,5898	63,6107	
47,754	68,6471	47,754	65,6784	47,754	63,7119	47,754	68,5483	47,754	65,5741	47,754	63,6107	
47,9188	68,6467	47,9188	65,678	47,9188	63,7119	47,9188	68,5494	47,9188	65,5757	47,9188	63,6106	
48,0826	68,6464	48,0826	65,6779	48,0826	63,7117	48,0826	68,5493	48,0826	65,5747	48,0826	63,6107	
48,2466	68,6459	48,2466	65,6775	48,2466	63,7117	48,2466	68,5486	48,2466	65,5743	48,2466	63,6107	
48,4108	68,6462	48,4108	65,677	48,4108	63,7115	48,4108	68,5498	48,4108	65,5756	48,4108	63,6104	
48,575	68,6459	48,575	65,678	48,575	63,7117	48,575	68,5488	48,575	65,5752	48,575	63,6106	
48,739	68,6471	48,739	65,6781	48,739	63,7117	48,739	68,5487	48,739	65,5742	48,739	63,6108	
48,9037	68,6454	48,9037	65,6772	48,9037	63,7117	48,9037	68,5502	48,9037	65,5746	48,9037	63,6108	
49,0682	68,6449	49,0682	65,6773	49,0682	63,7117	49,0682	68,5501	49,0682	65,5748	49,0682	63,6107	
49,2325	68,6457	49,2325	65,6771	49,2325	63,7114	49,2325	68,5484	49,2325	65,5745	49,2325	63,6108	
49,3963	68,6455	49,3963	65,6773	49,3963	63,7114	49,3963	68,55	49,3963	65,5756	49,3963	63,6109	
49,5608	68,646	49,5608	65,6775	49,5608	63,7114	49,5608	68,5508	49,5608	65,5745	49,5608	63,6109	
49,7253	68,6453	49,7253	65,6772	49,7253	63,7114	49,7253	68,55	49,7253	65,5754	49,7253	63,6109	
49,8893	68,646	49,8893	65,6772	49,8893	63,7114	49,8893	68,5496	49,8893	65,5749	49,8893	63,6109	
50,0533	68,6454	50,0533	65,677	50,0533	63,711	50,0533	68,5495	50,0533	65,575	50,0533	63,6109	
50,2175	68,6435	50,2175	65,6767	50,2175	63,7111	50,2175	68,5502	50,2175	65,5757	50,2175	63,6109	
50,3812	68,6447	50,3812	65,6767	50,3812	63,711	50,3812	68,5495	50,3812	65,5751	50,3812	63,611	
50,545	68,6457	50,545	65,6768	50,545	63,7109	50,545	68,5506	50,545	65,5748	50,545	63,6107	
50,7092	68,6448	50,7092	65,6771	50,7092	63,711	50,7092	68,5502	50,7092	65,5753	50,7092	63,6111	
50,8729	68,6438	50,8729	65,6767	50,8729	63,711	50,8729	68,5503	50,8729	65,576	50,8729	63,6109	
51,0372	68,644	51,0372	65,677	51,0372	63,7109	51,0372	68,5501	51,0372	65,576	51,0372	63,6108	
51,2006	68,6453	51,2006	65,6768	51,2006	63,711	51,2006	68,5511	51,2006	65,5751	51,2006	63,6109	
51,3646	68,6445	51,3646	65,677	51,3646	63,7109	51,3646	68,5507	51,3646	65,5752	51,3646	63,6111	
51,5294	68,6436	51,5294	65,6765	51,5294	63,7109	51,5294	68,5503	51,5294	65,5752	51,5294	63,6111	
51,6939	68,6434	51,6939	65,6762	51,6939	63,711	51,6939	68,5502	51,6939	65,5755	51,6939	63,6113	
51,8587	68,6434	51,8587	65,6766	51,8587	63,711	51,8587	68,5514	51,8587	65,5757	51,8587	63,6112	
52,0227	68,6432	52,0227	65,6764	52,0227	63,7108	52,0227	68,55	52,0227	65,5751	52,0227	63,6111	
52,187	68,6446	52,187	65,6761	52,187	63,7104	52,187	68,5508	52,187	65,5755	52,187	63,6113	
52,3512	68,6431	52,3512	65,6753	52,3512	63,7105	52,3512	68,5512	52,3512	65,5753	52,3512	63,611	
52,516	68,6426	52,516	65,6754	52,516	63,7104	52,516	68,5507	52,516	65,5752	52,516	63,6107	
52,6805	68,6445	52,6805	65,6761	52,6805	63,7104	52,6805	68,5509	52,6805	65,5756	52,6805	63,6112	
52,8448	68,6445	52,8448	65,6761	52,8448	63,7102	52,8448	68,5515	52,8448	65,5755	52,8448	63,611	
53,0087	68,6432	53,0087	65,6759	53,0087	63,7108	53,0087	68,5515	53,0087	65,5756	53,0087	63,611	
53,1735	68,6427	53,1735	65,6758	53,1735	63,7105	53,1735	68,551	53,1735	65,5756	53,1735	63,6112	
53,3372	68,6423	53,3372	65,6758	53,3372	63,7103	53,3372	68,552	53,3372	65,576	53,3372	63,6109	
53,5009	68,6437	53,5009	65,6763	53,5009	63,7103	53,5009	68,5514	53,5009	65,576	53,5009	63,6112	
53,6654	68,6423	53,6654	65,6759	53,6654	63,7103	53,6654	68,5522	53,6654	65,5766	53,6654	63,6107	
53,8294	68,6439	53,8294	65,6762	53,8294	63,7104	53,8294	68,5526	53,8294	65,5766	53,8294	63,6112	
53,9929	68,6429	53,9929	65,676	53,9929	63,7104	53,9929	68,553	53,9929	65,5762	53,9929	63,6114	
54,1571	68,6423	54,1571	65,6757	54,1571	63,7101	54,1571	68,5524	54,1571	65,5767	54,1571	63,6111	
54,3208	68,6423	54,3208	65,6751	54,3208	63,7099	54,3208	68,5525	54,3208	65,5759	54,3208	63,6111	
54,4848	68,6425	54,4848	65,6755	54,4848	63,7102	54,4848	68,5527	54,4848	65,5768	54,4848	63,6111	
54,6485	68,6421	54,6485	65,6759	54,6485	63,7104	54,6485	68,5519	54,6485	65,5765	54,6485	63,6115	
54,813	68,6434	54,813	65,6757	54,813	63,7101	54,813	68,5512	54,813	65,576	54,813	63,6116	
54,977	68,6424	54,977	65,6756	54,977	63,7104	54,977	68,5518	54,977	65,5761	54,977	63,6116	
55,1412	68,6427	55,1412	65,6759	55,1412	63,7106	55,1412	68,5523	55,1412	65,5766	55,1412	63,6117	
55,3055	68,6431	55,3055	65,676	55,3055	63,7105	55,3055	68,5522	55,3055	65,5762	55,3055	63,6117	
55,4698	68,6429	55,4698	65,6759	55,4698	63,7104	55,4698	68,5512	55,4698	65,5764	55,4698	63,6117	
55,6343	68,642	55,6343	65,6762	55,6343	63,7104	55,6343	68,5524	55,6343	65,5768	55,6343	63,6116	
55,7983	68,6423	55,7983	65,6755	55,7983	63,7104	55,7983	68,5529	55,7983	65,5764	55,7983	63,6116	
55,9631	68,6417	55,9631	65,6758	55,9631	63,7102	55,9631	68,5528	55,9631	65,5769	55,9631	63,6116	
56,1268	68,6432	56,1268	65,6758	56,1268	63,7101	56,1268	68,5529	56,1268	65,5762	56,1268	63,6117	
56,2911	68,6429	56,2911	65,6753	56,2911	63,7105	56,2911	68,5529	56,2911	65,5769	56,2911	63,6117	
56,4565	68,6429	56,4565	65,6752	56,4565	63,7102	56,4565	68,5517	56,4565	65,5761	56,4565	63,6116	
56,621	68,6431	56,621	65,6761	56,621	63,7103	56,621	68,5525	56,621	65,5768	56,621	63,6119	
56,785	68,6416	56,785	65,6751	56,785	63,7101	56,785	68,5522	56,785	65,5761	56,785	63,6117	
56,9492	68,6432	56,9492	65,6754	56,9492	63,7103	56,9492	68,5535	56,9492	65,5769	56,9492	63,6118	
57,1136	68,6422	57,1136	65,6757	57,1136	63,7105	57,1136	68,5525	57,1136	65,5769	57,1136	63,6118	
57,2773	68,6434	57,2773	65,6757	57,2773	63,7101	57,2773	68,5526	57,2773	65,5765	57,2773	63,6117	
57,4418	68,6419	57,4418	65,6752	57,4418	63,7102	57,4418	68,5538	57,4418	65,5769	57,4418	63,6118	
57,6061	68,6421	57,6061	65,6753	57,6061	63,71	57,6061	68,5523	57,6061	65,5764	57,6061	63,612	
57,7698	68,643	57,7698	65,6757	57,7698	63,71	57,7698	68,5522	57,7698	65,5765	57,7698	63,6118	
57,9338	68,6414	57,9338	65,6752	57,9338	63,7102	57,9338	68,5537	57,9338	65,5768	57,9338	63,6118	
58,098	68,642	58,098	65,6757	58,098	63,7099	58,098	68,5535	58,098	65,5766	58,098	63,6119	
58,2615	68,6414	58,2615	65,6755	58,2615	63,7099	58,2615	68,554	58,2615	65,5768	58,2615	63,6119	
58,4257	68,643	58,4257	65,6748	58,4257	63,71	58,4257	68,5532	58,4257	65,5764	58,4257	63,612	
58,5896	68,6427	58,5896	65,6754	58,5896	63,7101	58,5896	68,553	58,5896	65,5766	58,5896	63,6121	
58,7542	68,6415	58,7542	65,6756	58,7542	63,7102	58,7542	68,5537	58,7542	65,5773	58,7542	63,6121	
58,9182	68,6421	58,9182	65,6754	58,9182	63,7104	58,9182	68,5543	58,9182	65,5766	58,9182	63,6123	
59,0819	68,643	59,0819	65,675	59,0819	63,7098	59,0819	68,5532	59,0819	65,5767	59,0819	63,612	
59,2467	68,6415	59,2467	65,6749	59,2467	63,7099	59,2467	68,5543	59,2467	65,5767	59,2467	63,6119	
59,4104	68,6415	59,4104	65,6753	59,4104	63,7103	59,4104	68,5545	59,4104	65,5768	59,4104	63,6123	
59,5747	68,6415	59,5747	65,6754	59,5747	63,7103	59,5747	68,5536	59,5747	65,5771	59,5747	63,6122	
59,7384	68,6417	59,7384	65,6754	59,7384	63,7103	59,7384	68,5532	59,7384	65,577	59,7384	63,6123	
59,9029	68,6417	59,9029	65,6751	59,9029	63,7103	59,9029	68,5541	59,9029	65,5769	59,9029	63,6123	
60,0675	68,6415	60,0675	65,675	60,0675	63,7098	60,0675	68,5531	60,0675	65,5764	60,0675	63,6123	
60,2323	68,6415	60,2323	65,6755	60,2323	63,7103	60,2323	68,5544	60,2323	65,5769	60,2323	63,6123	
60,3971	68,6421	60,3971	65,6756	60,3971	63,71	60,3971	68,5534	60,3971	65,5771	60,3971	63,6126	
60,5611	68,6413	60,5611	65,6748	60,5611	63,7099	60,5611	68,5537	60,5611	65,5766	60,5611	63,6123	
60,7259	68,6419	60,7259	65,6754	60,7259	63,71	60,7259	68,5534	60,7259	65,577	60,7259	63,6124	
60,8898	68,6415	60,8898	65,6752	60,8898	63,71	60,8898	68,5543	60,8898	65,5775	60,8898	63,6124	
61,0538	68,6411	61,0538	65,6755	61,0538	63,7098	61,0538	68,5546	61,0538	65,5766	61,0538	63,6124	
61,2178	68,6417	61,2178	65,6753	61,2178	63,71	61,2178	68,5549	61,2178	65,5767	61,2178	63,6125	
61,3815	68,6408	61,3815	65,6745	61,3815	63,71	61,3815	68,5547	61,3815	65,5765	61,3815	63,6124	
61,545	68,6417	61,545	65,6754	61,545	63,7098	61,545	68,5535	61,545	65,5775	61,545	63,6126	
61,7087	68,6419	61,7087	65,6754	61,7087	63,7099	61,7087	68,5539	61,7087	65,5775	61,7087	63,6129	
61,8726	68,6423	61,8726	65,6754	61,8726	63,7097	61,8726	68,5543	61,8726	65,5772	61,8726	63,6128	
62,0372	68,6429	62,0372	65,6752	62,0372	63,71	62,0372	68,5539	62,0372	65,5772	62,0372	63,6129	
62,2014	68,6413	62,2014	65,6758	62,2014	63,7102	62,2014	68,5545	62,2014	65,5766	62,2014	63,6133	
62,366	68,641	62,366	65,6751	62,366	63,7098	62,366	68,5546	62,366	65,5776	62,366	63,6134	
62,5299	68,6414	62,5299	65,6751	62,5299	63,7102	62,5299	68,5543	62,5299	65,5781	62,5299	63,6134	
62,6939	68,6413	62,6939	65,6751	62,6939	63,7098	62,6939	68,5548	62,6939	65,5772	62,6939	63,6132	
62,8582	68,6409	62,8582	65,6751	62,8582	63,7101	62,8582	68,5549	62,8582	65,5773	62,8582	63,6133	
63,0227	68,6406	63,0227	65,675	63,0227	63,71	63,0227	68,5555	63,0227	65,5764	63,0227	63,6135	
63,1867	68,6412	63,1867	65,6751	63,1867	63,7102	63,1867	68,5559	63,1867	65,5764	63,1867	63,6135	
63,3507	68,6416	63,3507	65,6751	63,3507	63,7101	63,3507	68,5558	63,3507	65,5761	63,3507	63,6135	
63,5154	68,6417	63,5154	65,6749	63,5154	63,71	63,5154	68,5557	63,5154	65,577	63,5154	63,6139	
63,6789	68,6414	63,6789	65,6751	63,6789	63,7101	63,6789	68,5556	63,6789	65,5766	63,6789	63,6139	
63,843	68,642	63,843	65,6753	63,843	63,7099	63,843	68,5551	63,843	65,578	63,843	63,6139	
64,007	68,6417	64,007	65,6752	64,007	63,7097	64,007	68,5544	64,007	65,5775	64,007	63,6142	
64,1715	68,6414	64,1715	65,6753	64,1715	63,71	64,1715	68,5552	64,1715	65,5786	64,1715	63,6139	
64,3359	68,6413	64,3359	65,6746	64,3359	63,7097	64,3359	68,5543	64,3359	65,5777	64,3359	63,6142	
64,4996	68,6414	64,4996	65,6749	64,4996	63,7098	64,4996	68,5548	64,4996	65,5768	64,4996	63,6142	
64,6638	68,6413	64,6638	65,6746	64,6638	63,7099	64,6638	68,5552	64,6638	65,5771	64,6638	63,6142	
64,8276	68,6417	64,8276	65,6751	64,8276	63,7096	64,8276	68,5549	64,8276	65,5769	64,8276	63,6145	
64,9919	68,6415	64,9919	65,675	64,9919	63,7096	64,9919	68,5546	64,9919	65,5786	64,9919	63,6144	
65,1561	68,6421	65,1561	65,6755	65,1561	63,7098	65,1561	68,5551	65,1561	65,578	65,1561	63,6146	
65,3201	68,6416	65,3201	65,6745	65,3201	63,71	65,3201	68,5557	65,3201	65,5778	65,3201	63,6149	
65,4841	68,6403	65,4841	65,6744	65,4841	63,7099	65,4841	68,5562	65,4841	65,5773	65,4841	63,6147	
65,6484	68,6414	65,6484	65,6745	65,6484	63,7098	65,6484	68,557	65,6484	65,5774	65,6484	63,615	
65,8131	68,6413	65,8131	65,6749	65,8131	63,7101	65,8131	68,5563	65,8131	65,5765	65,8131	63,6149	
65,9776	68,6413	65,9776	65,6748	65,9776	63,7099	65,9776	68,5564	65,9776	65,5786	65,9776	63,6152	
66,1422	68,6417	66,1422	65,6743	66,1422	63,7097	66,1422	68,556	66,1422	65,5808	66,1422	63,6156	
66,3067	68,6415	66,3067	65,6751	66,3067	63,7096	66,3067	68,5563	66,3067	65,5789	66,3067	63,6154	
66,471	68,6409	66,471	65,6743	66,471	63,7096	66,471	68,5572	66,471	65,5776	66,471	63,6155	
66,6356	68,6406	66,6356	65,6749	66,6356	63,7098	66,6356	68,5538	66,6356	65,5778	66,6356	63,6159	
66,8004	68,6412	66,8004	65,6747	66,8004	63,7099	66,8004	68,5562	66,8004	65,5767	66,8004	63,6158	
66,9641	68,6415	66,9641	65,6748	66,9641	63,71	66,9641	68,5549	66,9641	65,58	66,9641	63,6162	
67,1287	68,6412	67,1287	65,6749	67,1287	63,7097	67,1287	68,5555	67,1287	65,5777	67,1287	63,6161	
67,293	68,6408	67,293	65,6749	67,293	63,7099	67,293	68,5566	67,293	65,5802	67,293	63,6162	
67,4572	68,641	67,4572	65,6748	67,4572	63,7097	67,4572	68,5546	67,4572	65,577	67,4572	63,6161	
67,6224	68,6405	67,6224	65,6742	67,6224	63,7099	67,6224	68,5549	67,6224	65,5798	67,6224	63,6163	
67,7871	68,6413	67,7871	65,6746	67,7871	63,7097	67,7871	68,5567	67,7871	65,5784	67,7871	63,6166	
67,9517	68,6396	67,9517	65,6744	67,9517	63,7096	67,9517	68,557	67,9517	65,5789	67,9517	63,6169	
68,116	68,6403	68,116	65,6746	68,116	63,7097	68,116	68,5573	68,116	65,5796	68,116	63,6165	
68,2799	68,6409	68,2799	65,675	68,2799	63,7097	68,2799	68,5603	68,2799	65,5799	68,2799	63,6173	
68,4447	68,6409	68,4447	65,6747	68,4447	63,7098	68,4447	69,4028	68,4447	65,576	68,4447	63,617	
68,6087	68,6419	68,6087	65,6751	68,6087	63,7099	68,6087	69,408	68,6087	65,5799	68,6087	63,6177	
68,7727	68,6416	68,7727	65,6748	68,7727	63,7099	68,7727	69,4035	68,7727	65,5795	68,7727	63,6172	
68,937	68,641	68,937	65,6745	68,937	63,71	68,937	69,404	68,937	65,5785	68,937	63,618	
69,1015	68,6398	69,1015	65,6746	69,1015	63,7095	69,1015	69,4046	69,1015	65,5812	69,1015	63,6181	
69,2658	68,641	69,2658	65,6747	69,2658	63,7096	69,2658	69,4054	69,2658	65,5797	69,2658	63,6181	
69,4295	68,6408	69,4295	65,6741	69,4295	63,7096	69,4295	69,4055	69,4295	65,581	69,4295	63,6186	
69,5937	68,6415	69,5937	65,6743	69,5937	63,7095	69,5937	69,4064	69,5937	65,5794	69,5937	63,6181	
69,758	68,6406	69,758	65,6746	69,758	63,7096	69,758	69,4064	69,758	65,5811	69,758	63,6188	
69,9217	68,6403	69,9217	65,675	69,9217	63,7096	69,9217	69,4075	69,9217	65,5792	69,9217	63,6187	
70,0863	68,6405	70,0863	65,6744	70,0863	63,7096	70,0863	69,4083	70,0863	65,581	70,0863	63,6191	
70,25	68,6405	70,25	65,6749	70,25	63,7094	70,25	69,4092	70,25	65,58	70,25	63,619	
70,4139	68,6414	70,4139	65,6749	70,4139	63,7098	70,4139	69,4104	70,4139	65,5816	70,4139	63,6197	
70,5785	68,6414	70,5785	65,6749	70,5785	63,7095	70,5785	69,4105	70,5785	65,5797	70,5785	63,6195	
70,7425	68,6409	70,7425	65,6747	70,7425	63,7096	70,7425	69,4164	70,7425	65,5807	70,7425	63,6196	
70,9064	68,6409	70,9064	65,6751	70,9064	63,7096	70,9064	69,4116	70,9064	65,5789	70,9064	63,6196	
71,0702	68,6411	71,0702	65,6746	71,0702	63,7098	71,0702	69,4134	71,0702	65,5814	71,0702	63,6202	
71,2347	68,641	71,2347	65,6746	71,2347	63,7095	71,2347	69,4139	71,2347	65,5798	71,2347	63,6202	
71,3989	68,6413	71,3989	65,6747	71,3989	63,7093	71,3989	69,4198	71,3989	65,5802	71,3989	63,6202	
71,5635	68,6405	71,5635	65,6746	71,5635	63,7096	71,5635	69,4163	71,5635	65,5792	71,5635	63,6205	
71,728	68,6413	71,728	65,6743	71,728	63,7096	71,728	69,4173	71,728	66,4618	71,728	63,6207	
71,892	68,6408	71,892	65,6745	71,892	63,7097	71,892	69,4193	71,892	66,4665	71,892	63,6211	
72,0557	68,6405	72,0557	65,6747	72,0557	63,7098	72,0557	69,4189	72,0557	66,4651	72,0557	63,6212	
72,2199	68,6415	72,2199	65,6746	72,2199	63,7095	72,2199	69,4253	72,2199	66,4705	72,2199	63,6217	
72,3845	68,6403	72,3845	65,6745	72,3845	63,7094	72,3845	69,4206	72,3845	66,4686	72,3845	63,6214	
72,5488	68,6412	72,5488	65,6744	72,5488	63,7096	72,5488	69,4268	72,5488	66,4737	72,5488	63,6215	
72,7127	68,6414	72,7127	65,6744	72,7127	63,7093	72,7127	69,428	72,7127	66,4704	72,7127	63,6215	
72,8767	68,6405	72,8767	65,6745	72,8767	63,7095	72,8767	69,4291	72,8767	66,4778	72,8767	63,622	
73,0407	68,641	73,0407	65,6739	73,0407	63,7092	73,0407	69,4311	73,0407	66,4785	73,0407	63,6219	
73,2052	68,6407	73,2052	65,6746	73,2052	63,7095	73,2052	69,4314	73,2052	66,4808	73,2052	63,6227	
73,3699	68,6413	73,3699	65,6746	73,3699	63,7093	73,3699	69,4343	73,3699	66,4842	73,3699	63,6229	
73,534	68,6409	73,534	65,6746	73,534	63,7095	73,534	69,4348	73,534	66,4853	73,534	63,6228	
73,6982	68,6406	73,6982	65,675	73,6982	63,7095	73,6982	69,4362	73,6982	66,4884	73,6982	63,6234	
73,8624	68,6405	73,8624	65,6746	73,8624	63,7096	73,8624	69,4321	73,8624	66,4892	73,8624	63,6232	
74,0267	68,6411	74,0267	65,6746	74,0267	63,7095	74,0267	69,4392	74,0267	66,493	74,0267	63,6237	
74,1908	68,6404	74,1908	65,6749	74,1908	63,7097	74,1908	69,4501	74,1908	66,4952	74,1908	63,6236	
74,3548	68,6407	74,3548	65,6746	74,3548	63,7097	74,3548	69,4503	74,3548	66,4977	74,3548	63,6242	
74,5191	68,6398	74,5191	65,6741	74,5191	63,7094	74,5191	69,4535	74,5191	66,4959	74,5191	63,6246	
74,6838	68,64	74,6838	65,6744	74,6838	63,7096	74,6838	69,4539	74,6838	66,5014	74,6838	63,6247	
74,8481	68,6408	74,8481	65,6753	74,8481	63,7098	74,8481	69,45	74,8481	66,5067	74,8481	63,6252	
75,0123	68,6402	75,0123	65,6751	75,0123	63,7098	75,0123	69,4511	75,0123	66,5075	75,0123	63,6249	
75,1766	68,6412	75,1766	65,675	75,1766	63,7097	75,1766	69,4612	75,1766	66,5121	75,1766	63,6255	
75,3406	68,6402	75,3406	65,6749	75,3406	63,71	75,3406	69,4523	75,3406	66,5137	75,3406	63,6256	
75,5051	68,6402	75,5051	65,6748	75,5051	63,7095	75,5051	43,1089	75,5051	42,4723	75,5051	63,626	
75,6696	68,6411	75,6696	65,6746	75,6696	63,7097	75,6696	43,1082	75,6696	42,4722	75,6696	63,6262	
75,8338	68,6417	75,8338	65,6749	75,8338	63,7095	75,8338	43,1076	75,8338	42,472	75,8338	63,6265	
75,9978	68,6403	75,9978	65,6747	75,9978	63,7095	75,9978	43,1072	75,9978	42,472	75,9978	63,627	
76,1625	68,6409	76,1625	65,6748	76,1625	63,7097	76,1625	43,1071	76,1625	42,4721	76,1625	63,6266	
76,3271	68,6403	76,3271	65,6746	76,3271	63,7095	76,3271	43,1061	76,3271	42,4714	76,3271	63,6267	
76,4908	68,6405	76,4908	65,675	76,4908	63,7097	76,4908	43,1072	76,4908	42,4715	76,4908	63,6276	
76,6551	68,6412	76,6551	65,6751	76,6551	63,7095	76,6551	43,1061	76,6551	42,4713	76,6551	63,6273	
76,8193	68,6413	76,8193	65,6749	76,8193	63,7097	76,8193	43,106	76,8193	42,4715	76,8193	63,6281	
76,9836	68,6407	76,9836	65,6748	76,9836	63,7099	76,9836	43,1048	76,9836	42,4706	76,9836	63,6283	
77,1481	68,6417	77,1481	65,6743	77,1481	63,7097	77,1481	43,1045	77,1481	42,4705	77,1481	63,6288	
77,3127	68,641	77,3127	65,6744	77,3127	63,7097	77,3127	43,104	77,3127	42,4704	77,3127	63,6283	
77,4767	68,6407	77,4767	65,6751	77,4767	63,7099	77,4767	43,1037	77,4767	42,4697	77,4767	63,6288	
77,6412	68,6414	77,6412	65,6743	77,6412	63,7096	77,6412	43,1033	77,6412	42,4693	77,6412	63,6295	
77,8065	68,6408	77,8065	65,6748	77,8065	63,7095	77,8065	43,1027	77,8065	42,4695	77,8065	63,629	
77,9702	68,6405	77,9702	65,6744	77,9702	63,7097	77,9702	43,102	77,9702	42,4697	77,9702	63,63	
78,1342	68,6416	78,1342	65,6747	78,1342	63,7098	78,1342	43,1021	78,1342	42,4693	78,1342	63,6298	
78,2985	68,6387	78,2985	65,6732	78,2985	63,7085	78,2985	43,0957	78,2985	42,4658	78,2985	63,4623	
78,4631	68,6387	78,4631	65,6722	78,4631	63,7077	78,4631	43,0861	78,4631	42,4639	78,4631	78,2374	
78,6268	68,6377	78,6268	65,6725	78,6268	63,7079	78,6268	43,0848	78,6268	42,4638	78,6268	78,2318	
78,791	68,6386	78,791	65,6729	78,791	63,7087	78,791	69,3952	78,791	66,366	78,791	63,6091	
78,9553	68,6383	78,9553	65,6725	78,9553	63,7082	78,9553	68,5563	78,9553	65,5788	78,9553	63,6122	
79,1198	68,6399	79,1198	65,6732	79,1198	63,7086	79,1198	68,5581	79,1198	65,5785	79,1198	63,6124	
79,2835	68,6397	79,2835	65,6736	79,2835	63,7086	79,2835	68,5578	79,2835	65,5789	79,2835	63,6124	
79,4493	68,6407	79,4493	65,6736	79,4493	63,7086	79,4493	68,5578	79,4493	65,5788	79,4493	63,6122	
79,613	68,6407	79,613	65,6737	79,613	63,7088	79,613	68,5572	79,613	65,5789	79,613	63,6125	
79,777	68,6401	79,777	65,6744	79,777	63,709	79,777	68,5586	79,777	65,5788	79,777	63,6126	
79,9407	68,6409	79,9407	65,6741	79,9407	63,7091	79,9407	68,5583	79,9407	65,5788	79,9407	63,6127	
80,1047	68,6408	80,1047	65,6738	80,1047	63,7091	80,1047	68,5589	80,1047	65,5788	80,1047	63,6128	
80,2687	68,6402	80,2687	65,6736	80,2687	63,7089	80,2687	68,5582	80,2687	65,5792	80,2687	63,6126	
80,4335	68,6399	80,4335	65,6742	80,4335	63,7091	80,4335	68,5593	80,4335	65,5787	80,4335	63,6128	
80,5975	68,6411	80,5975	65,6743	80,5975	63,7093	80,5975	68,5583	80,5975	65,5794	80,5975	63,6129	
80,7618	68,6411	80,7618	65,6748	80,7618	63,7096	80,7618	68,5584	80,7618	65,5794	80,7618	63,6127	
80,9252	68,641	80,9252	65,6741	80,9252	63,7095	80,9252	68,559	80,9252	65,5791	80,9252	63,613	
81,089	68,6408	81,089	65,6738	81,089	63,7094	81,089	68,5595	81,089	65,579	81,089	63,6132	
81,2524	68,6409	81,2524	65,6745	81,2524	63,7093	81,2524	68,5591	81,2524	65,579	81,2524	63,6132	
81,4167	68,6411	81,4167	65,6745	81,4167	63,7095	81,4167	68,5587	81,4167	65,5793	81,4167	63,6133	
81,5804	68,6407	81,5804	65,6741	81,5804	63,7095	81,5804	68,5592	81,5804	65,5803	81,5804	63,6132	
81,7447	68,6403	81,7447	65,6746	81,7447	63,7092	81,7447	68,5578	81,7447	65,5794	81,7447	63,613	
81,9087	68,6416	81,9087	65,6744	81,9087	63,7094	81,9087	68,5582	81,9087	65,5794	81,9087	63,6133	
82,0724	68,6406	82,0724	65,6745	82,0724	63,7098	82,0724	68,5593	82,0724	65,58	82,0724	63,6135	
82,2374	68,6415	82,2374	65,6741	82,2374	63,7094	82,2374	68,5589	82,2374	65,58	82,2374	63,6135	
82,4014	68,6413	82,4014	65,6748	82,4014	63,7096	82,4014	68,5595	82,4014	65,5797	82,4014	63,6134	
82,5659	68,6408	82,5659	65,675	82,5659	63,7097	82,5659	68,5589	82,5659	65,5797	82,5659	63,6135	
82,7298	68,6406	82,7298	65,6748	82,7298	63,7095	82,7298	68,5599	82,7298	65,5799	82,7298	63,6135	
82,8932	68,6417	82,8932	65,6748	82,8932	63,7095	82,8932	68,5591	82,8932	65,5797	82,8932	63,6133	
83,0569	68,6402	83,0569	65,6744	83,0569	63,7096	83,0569	68,5592	83,0569	65,58	83,0569	63,6133	
83,2212	68,6415	83,2212	65,6742	83,2212	63,7095	83,2212	68,56	83,2212	65,5805	83,2212	63,6136	
83,3852	68,6413	83,3852	65,6748	83,3852	63,7095	83,3852	68,5601	83,3852	65,5798	83,3852	63,6133	
83,5489	68,6411	83,5489	65,675	83,5489	63,7095	83,5489	68,5601	83,5489	65,58	83,5489	63,6133	
83,7139	68,6411	83,7139	65,6748	83,7139	63,7093	83,7139	68,5587	83,7139	65,5801	83,7139	63,6136	
83,8776	68,6411	83,8776	65,6753	83,8776	63,7094	83,8776	68,5595	83,8776	65,5803	83,8776	63,6134	
84,0416	68,6414	84,0416	65,6752	84,0416	63,7097	84,0416	68,5597	84,0416	65,5802	84,0416	63,6135	
84,2056	68,6416	84,2056	65,674	84,2056	63,7094	84,2056	68,5598	84,2056	65,5804	84,2056	63,6135	
84,3693	68,6402	84,3693	65,6746	84,3693	63,7094	84,3693	68,5598	84,3693	65,5802	84,3693	63,6135	
84,533	68,6409	84,533	65,6747	84,533	63,7094	84,533	68,5593	84,533	65,58	84,533	63,6133	
84,6968	68,6412	84,6968	65,6746	84,6968	63,7093	84,6968	68,5602	84,6968	65,5801	84,6968	63,6134	
84,8605	68,6404	84,8605	65,6746	84,8605	63,7094	84,8605	68,5591	84,8605	65,5805	84,8605	63,6135	
85,0246	68,6411	85,0246	65,675	85,0246	63,7093	85,0246	68,5596	85,0246	65,5803	85,0246	63,6134	
85,1886	68,6406	85,1886	65,6743	85,1886	63,7092	85,1886	68,5605	85,1886	65,5801	85,1886	63,6134	
85,3526	68,6412	85,3526	65,6746	85,3526	63,7093	85,3526	68,5595	85,3526	65,5803	85,3526	63,6134	
85,5166	68,6413	85,5166	65,6747	85,5166	63,7093	85,5166	68,5607	85,5166	65,5803	85,5166	63,6135	
85,6806	68,6407	85,6806	65,6743	85,6806	63,7094	85,6806	68,5608	85,6806	65,58	85,6806	63,6136	
85,8446	68,6408	85,8446	65,675	85,8446	63,7094	85,8446	68,5607	85,8446	65,5814	85,8446	63,6135	
86,0086	68,6505	86,0086	65,6792	86,0086	63,7119	86,0086	68,5605	86,0086	65,5803	86,0086	63,6135	
86,1728	68,6845	86,1728	65,6985	86,1728	63,7224	86,1728	68,5613	86,1728	65,5814	86,1728	63,6134	
86,3368	68,6935	86,3368	65,7088	86,3368	63,7332	86,3368	68,5617	86,3368	65,5808	86,3368	63,6134	
86,5011	68,7	86,5011	65,7144	86,5011	63,7385	86,5011	68,5615	86,5011	65,5806	86,5011	63,6134	
86,6648	68,7033	86,6648	65,7175	86,6648	63,7414	86,6648	68,5605	86,6648	65,5808	86,6648	63,6133	
86,8288	68,7077	86,8288	65,7198	86,8288	63,7436	86,8288	68,5607	86,8288	65,58	86,8288	63,6135	
86,9925	68,7087	86,9925	65,721	86,9925	63,7451	86,9925	68,5608	86,9925	65,5809	86,9925	63,6135	
87,1564	68,7097	87,1564	65,7224	87,1564	63,7458	87,1564	68,5604	87,1564	65,5807	87,1564	63,6138	
87,3204	68,7103	87,3204	65,7234	87,3204	63,7461	87,3204	68,5607	87,3204	65,5807	87,3204	63,6137	
87,4844	68,7112	87,4844	65,7241	87,4844	63,7473	87,4844	68,5612	87,4844	65,5809	87,4844	63,6139	
87,6487	68,7114	87,6487	65,7248	87,6487	63,7475	87,6487	68,5613	87,6487	65,5813	87,6487	63,6137	
87,8124	68,7111	87,8124	65,7251	87,8124	63,7477	87,8124	68,5608	87,8124	65,5813	87,8124	63,6137	
87,9759	68,7126	87,9759	65,7241	87,9759	63,7477	87,9759	68,5619	87,9759	65,5811	87,9759	63,6137	
88,1396	68,7111	88,1396	65,7249	88,1396	63,7476	88,1396	68,5614	88,1396	65,5807	88,1396	63,614	
88,3033	68,711	88,3033	65,7245	88,3033	63,7475	88,3033	68,5616	88,3033	65,5808	88,3033	63,614	
88,467	68,7111	88,467	65,7245	88,467	63,7476	88,467	68,5615	88,467	65,5808	88,467	63,6139	
88,631	68,7108	88,631	65,7243	88,631	63,7475	88,631	68,5615	88,631	65,5809	88,631	63,6138	
88,795	68,7132	88,795	65,724	88,795	63,7474	88,795	68,5621	88,795	65,5808	88,795	63,6139	
88,9587	68,7111	88,9587	65,7241	88,9587	63,7474	88,9587	68,5625	88,9587	65,581	88,9587	63,614	
89,1222	68,7123	89,1222	65,7245	89,1222	63,7475	89,1222	68,5622	89,1222	65,5809	89,1222	63,6142	
89,2856	68,7109	89,2856	65,7245	89,2856	63,7476	89,2856	68,5621	89,2856	65,5814	89,2856	63,6141	
89,4499	68,7105	89,4499	65,7243	89,4499	63,7475	89,4499	68,562	89,4499	65,581	89,4499	63,6142	
89,6136	68,7108	89,6136	65,724	89,6136	63,7476	89,6136	68,5623	89,6136	65,5817	89,6136	63,6144	
89,7773	68,7114	89,7773	65,7239	89,7773	63,7475	89,7773	68,562	89,7773	65,5813	89,7773	63,6142	
89,941	68,711	89,941	65,7234	89,941	63,7473	89,941	68,562	89,941	65,5813	89,941	63,6141	
90,105	68,711	90,105	65,7234	90,105	63,747	90,105	68,5621	90,105	65,5815	90,105	63,614	
90,2692	68,7105	90,2692	65,7237	90,2692	63,7473	90,2692	68,5622	90,2692	65,5812	90,2692	63,6144	
90,4326	68,7106	90,4326	65,7241	90,4326	63,7474	90,4326	68,5623	90,4326	65,581	90,4326	63,6143	
90,5969	68,7108	90,5969	65,7237	90,5969	63,7472	90,5969	68,5621	90,5969	65,5812	90,5969	63,6142	
90,7604	68,7099	90,7604	65,7238	90,7604	63,7474	90,7604	68,562	90,7604	65,5818	90,7604	63,6142	
90,9238	68,7102	90,9238	65,7237	90,9238	63,7473	90,9238	68,5633	90,9238	65,5817	90,9238	63,6142	
91,0875	68,7101	91,0875	65,7239	91,0875	63,7473	91,0875	68,5629	91,0875	65,5816	91,0875	63,6143	
91,251	68,7101	91,251	65,7237	91,251	63,7472	91,251	68,5626	91,251	65,5815	91,251	63,6143	
91,4147	68,7094	91,4147	65,7238	91,4147	63,747	91,4147	68,5627	91,4147	65,5815	91,4147	63,6142	
91,5787	68,7097	91,5787	65,7231	91,5787	63,7471	91,5787	68,5629	91,5787	65,5818	91,5787	63,6144	
91,7421	68,7095	91,7421	65,7231	91,7421	63,7469	91,7421	68,5634	91,7421	65,5816	91,7421	63,6144	
91,9056	68,7091	91,9056	65,7228	91,9056	63,7466	91,9056	68,5637	91,9056	65,5817	91,9056	63,6143	
92,0694	68,7086	92,0694	65,7223	92,0694	63,7464	92,0694	68,563	92,0694	65,5817	92,0694	63,6143	
92,2331	68,7093	92,2331	65,7225	92,2331	63,7461	92,2331	68,5631	92,2331	65,5819	92,2331	63,6145	
92,3972	68,7097	92,3972	65,7221	92,3972	63,7457	92,3972	68,5624	92,3972	65,5817	92,3972	63,6148	
92,5612	68,7076	92,5612	65,7217	92,5612	63,7456	92,5612	68,5642	92,5612	65,5821	92,5612	63,6147	
92,7246	68,7082	92,7246	65,7216	92,7246	63,7453	92,7246	68,563	92,7246	65,5821	92,7246	63,6148	
92,8884	68,7074	92,8884	65,7214	92,8884	63,7449	92,8884	68,5635	92,8884	65,5824	92,8884	63,6147	
93,0524	68,7069	93,0524	65,7205	93,0524	63,7452	93,0524	68,5629	93,0524	65,5823	93,0524	63,6146	
93,2166	68,7057	93,2166	65,7202	93,2166	63,7449	93,2166	68,5633	93,2166	65,5822	93,2166	63,6147	
93,3803	68,7048	93,3803	65,7196	93,3803	63,7444	93,3803	68,5635	93,3803	65,582	93,3803	63,6146	
93,5443	68,7045	93,5443	65,7191	93,5443	63,7439	93,5443	68,5628	93,5443	65,582	93,5443	63,6145	
93,7083	68,7047	93,7083	65,719	93,7083	63,7435	93,7083	68,5638	93,7083	65,5819	93,7083	63,6144	
93,8723	68,7043	93,8723	65,7178	93,8723	63,7431	93,8723	68,5634	93,8723	65,5822	93,8723	63,6146	
94,0365	68,6998	94,0365	65,7158	94,0365	63,7409	94,0365	68,5639	94,0365	65,5819	94,0365	63,6148	
94,2007	68,6945	94,2007	65,7117	94,2007	63,7371	94,2007	68,5634	94,2007	65,5821	94,2007	63,6147	
94,3661	68,6912	94,3661	65,7083	94,3661	63,7342	94,3661	68,5628	94,3661	65,5823	94,3661	63,615	
94,53	68,6877	94,53	65,7058	94,53	63,7314	94,53	68,5629	94,53	65,5822	94,53	63,6147	
94,695	68,6846	94,695	65,7028	94,695	63,7287	94,695	68,5633	94,695	65,5823	94,695	63,6145	
94,859	68,6813	94,859	65,6995	94,859	63,7261	94,859	68,5642	94,859	65,5828	94,859	63,6142	
95,0232	68,6685	95,0232	65,6915	95,0232	63,7211	95,0232	68,5646	95,0232	65,5829	95,0232	63,6144	
95,1869	68,6437	95,1869	65,6767	95,1869	63,7119	95,1869	68,5634	95,1869	65,5823	95,1869	63,6145	
95,3509	68,6336	95,3509	65,6699	95,3509	63,707	95,3509	68,5635	95,3509	65,5825	95,3509	63,6147	
95,5154	68,6288	95,5154	65,6676	95,5154	63,7053	95,5154	68,5636	95,5154	65,5831	95,5154	63,6147	
95,6792	68,6278	95,6792	65,6667	95,6792	63,7048	95,6792	68,5635	95,6792	65,5827	95,6792	63,6149	
95,8426	68,626	95,8426	65,6665	95,8426	63,7045	95,8426	68,5642	95,8426	65,583	95,8426	63,6146	
96,0063	68,6271	96,0063	65,6662	96,0063	63,7043	96,0063	68,564	96,0063	65,5825	96,0063	63,6146	
96,1706	68,6264	96,1706	65,6661	96,1706	63,7042	96,1706	68,5629	96,1706	65,5828	96,1706	63,6147	
96,3346	68,6261	96,3346	65,666	96,3346	63,7044	96,3346	68,5633	96,3346	65,5827	96,3346	63,6145	
96,4984	68,6255	96,4984	65,6659	96,4984	63,7044	96,4984	68,5643	96,4984	65,5832	96,4984	63,6144	
96,6623	68,6263	96,6623	65,6656	96,6623	63,7041	96,6623	68,5639	96,6623	65,5831	96,6623	63,6145	
96,8269	68,6258	96,8269	65,6654	96,8269	63,7039	96,8269	68,5638	96,8269	65,5822	96,8269	63,6145	
96,9911	68,6257	96,9911	65,6654	96,9911	63,7039	96,9911	68,5638	96,9911	65,5819	96,9911	63,6142	
97,1553	68,6256	97,1553	65,6654	97,1553	63,704	97,1553	68,5634	97,1553	65,5823	97,1553	63,6146	
97,3196	68,6258	97,3196	65,6656	97,3196	63,7039	97,3196	68,5644	97,3196	65,5823	97,3196	63,6147	
97,4831	68,6257	97,4831	65,6659	97,4831	63,7041	97,4831	68,5633	97,4831	65,5825	97,4831	63,6145	
97,6468	68,6256	97,6468	65,6657	97,6468	63,7038	97,6468	68,5646	97,6468	65,5822	97,6468	63,6147	
97,8113	68,6255	97,8113	65,6654	97,8113	63,704	97,8113	68,5647	97,8113	65,5821	97,8113	63,6148	
97,9758	68,6254	97,9758	65,6654	97,9758	63,704	97,9758	68,5648	97,9758	65,5825	97,9758	63,6145	
98,1395	68,6255	98,1395	65,6657	98,1395	63,7041	98,1395	68,5643	98,1395	65,5821	98,1395	63,6145	
98,3043	68,6257	98,3043	65,6654	98,3043	63,7043	98,3043	68,5645	98,3043	65,5823	98,3043	63,6147	
98,4681	68,6253	98,4681	65,6657	98,4681	63,7041	98,4681	68,5644	98,4681	65,5826	98,4681	63,6147	
98,6321	68,6268	98,6321	65,6657	98,6321	63,7041	98,6321	68,5646	98,6321	65,583	98,6321	63,6146	
98,7958	68,6262	98,7958	65,6659	98,7958	63,704	98,7958	68,5633	98,7958	65,5832	98,7958	63,6146	
98,9606	68,6261	98,9606	65,6659	98,9606	63,7042	98,9606	68,5644	98,9606	65,5828	98,9606	63,6148	
99,1243	68,6259	99,1243	65,666	99,1243	63,7044	99,1243	68,5649	99,1243	65,5824	99,1243	63,6149	
99,288	68,6258	99,288	65,6655	99,288	63,7041	99,288	68,5649	99,288	65,5826	99,288	63,6149	
99,452	68,626	99,452	65,6657	99,452	63,7042	99,452	68,5638	99,452	65,5828	99,452	63,6149	
99,6165	68,6259	99,6165	65,6657	99,6165	63,7041	99,6165	68,5645	99,6165	65,5824	99,6165	63,6147	
99,7803	68,6258	99,7803	65,6656	99,7803	63,704	99,7803	68,5645	99,7803	65,583	99,7803	63,6151	
99,9448	68,6259	99,9448	65,6658	99,9448	63,7042	99,9448	68,565	99,9448	65,5828	99,9448	63,6148	
100,109	68,6265	100,109	65,6653	100,109	63,7039	100,109	68,565	100,109	65,5829	100,109	63,6147	
100,274	68,6262	100,274	65,6658	100,274	63,704	100,274	68,5647	100,274	65,5831	100,274	63,615	
100,438	68,6263	100,438	65,6657	100,438	63,704	100,438	68,5653	100,438	65,5831	100,438	63,6147	
100,602	68,6263	100,602	65,666	100,602	63,7039	100,602	68,5655	100,602	65,5828	100,602	63,6146	
100,766	68,6261	100,766	65,6662	100,766	63,7043	100,766	68,5648	100,766	65,5833	100,766	63,6146	
100,931	68,6264	100,931	65,6656	100,931	63,704	100,931	68,5638	100,931	65,5831	100,931	63,6149	
101,095	68,626	101,095	65,6661	101,095	63,7042	101,095	68,5649	101,095	65,5835	101,095	63,6148	
101,259	68,6265	101,259	65,6654	101,259	63,704	101,259	68,5653	101,259	65,5832	101,259	63,6148	
101,423	68,6261	101,423	65,6662	101,423	63,7045	101,423	68,5657	101,423	65,5831	101,423	63,6149	
101,588	68,6261	101,588	65,6659	101,588	63,7043	101,588	68,565	101,588	65,5836	101,588	63,6149	
101,752	68,6257	101,752	65,6655	101,752	63,7042	101,752	68,5652	101,752	65,583	101,752	63,6148	
101,916	68,6261	101,916	65,6658	101,916	63,7042	101,916	68,5653	101,916	65,5835	101,916	63,6149	
102,081	68,6258	102,081	65,6657	102,081	63,7043	102,081	68,5655	102,081	65,5832	102,081	63,6149	
102,245	68,6269	102,245	65,6658	102,245	63,7043	102,245	68,5653	102,245	65,5835	102,245	63,6148	
102,409	68,6261	102,409	65,666	102,409	63,7042	102,409	68,5641	102,409	65,583	102,409	63,6149	
102,573	68,6261	102,573	65,666	102,573	63,7046	102,573	68,5656	102,573	65,5837	102,573	63,615	
102,738	68,6264	102,738	65,6662	102,738	63,7044	102,738	68,5658	102,738	65,5836	102,738	63,615	
102,902	68,6263	102,902	65,6657	102,902	63,7043	102,902	68,5658	102,902	65,5832	102,902	63,615	
103,066	68,6261	103,066	65,6658	103,066	63,7044	103,066	68,5649	103,066	65,5833	103,066	63,6148	
103,23	68,6274	103,23	65,6664	103,23	63,7041	103,23	68,5647	103,23	65,5831	103,23	63,6148	
103,395	68,6261	103,395	65,6661	103,395	63,7044	103,395	68,565	103,395	65,5833	103,395	63,6151	
103,559	68,6264	103,559	65,6655	103,559	63,7042	103,559	68,5655	103,559	65,5831	103,559	63,6151	
103,723	68,6262	103,723	65,6655	103,723	63,7042	103,723	68,5657	103,723	65,5831	103,723	63,615	
103,887	68,6267	103,887	65,6664	103,887	63,7046	103,887	68,5649	103,887	65,5837	103,887	63,6152	
104,051	68,6264	104,051	65,6658	104,051	63,7044	104,051	68,5659	104,051	65,5832	104,051	63,6151	
104,215	68,6261	104,215	65,6656	104,215	63,7042	104,215	68,5656	104,215	65,5832	104,215	63,6151	
104,38	68,6263	104,38	65,666	104,38	63,7045	104,38	68,5655	104,38	65,5832	104,38	63,6151	
104,544	68,6269	104,544	65,6661	104,544	63,7043	104,544	68,566	104,544	65,5835	104,544	63,615	
104,707	68,6258	104,707	65,6657	104,707	63,7044	104,707	68,5645	104,707	65,5833	104,707	63,6149	
104,871	68,6268	104,871	65,6665	104,871	63,7046	104,871	68,5656	104,871	65,5836	104,871	63,6151	
105,036	68,6272	105,036	65,666	105,036	63,704	105,036	68,5658	105,036	65,5833	105,036	63,6147	
105,2	68,6274	105,2	65,666	105,2	63,7044	105,2	68,5657	105,2	65,5833	105,2	63,6152	
105,364	68,6264	105,364	65,6659	105,364	63,7043	105,364	68,5659	105,364	65,5836	105,364	63,6151	
105,528	68,6268	105,528	65,6659	105,528	63,7042	105,528	68,566	105,528	65,583	105,528	63,615	
105,692	68,6262	105,692	65,6661	105,692	63,7046	105,692	68,566	105,692	65,5834	105,692	63,6151	
105,856	68,6268	105,856	65,6662	105,856	63,7044	105,856	68,566	105,856	65,5831	105,856	63,6152	
106,021	68,6276	106,021	65,6665	106,021	63,7047	106,021	68,566	106,021	65,5836	106,021	63,6154	
106,185	68,6274	106,185	65,6658	106,185	63,7043	106,185	68,5657	106,185	65,5829	106,185	63,6151	
106,349	68,6262	106,349	65,6659	106,349	63,7043	106,349	68,5662	106,349	65,5832	106,349	63,6151	
106,513	68,627	106,513	65,666	106,513	63,7044	106,513	68,5661	106,513	65,5833	106,513	63,6154	
106,677	68,6261	106,677	65,6659	106,677	63,7045	106,677	68,5668	106,677	65,5835	106,677	63,6151	
106,841	68,6262	106,841	65,6656	106,841	63,7043	106,841	68,5665	106,841	65,5841	106,841	63,6153	
107,006	68,6266	107,006	65,6659	107,006	63,7045	107,006	68,566	107,006	65,5832	107,006	63,6153	
107,17	68,6274	107,17	65,6659	107,17	63,7047	107,17	68,5663	107,17	65,5839	107,17	63,6154	
107,334	68,6262	107,334	65,6661	107,334	63,7046	107,334	68,5662	107,334	65,5842	107,334	63,6152	
