Time (min) - L1 670nm	 - L1 670nm	Time (min) - L2 785nm	 - L2 785nm	Time (min) - L3 980nm	 - L3 980nm	Time (min) - L5 670nm	 - L5 670nm	Time (min) - L6 785nm	 - L6 785nm	Time (min) - L7 980nm	 - L7 980nm	
0,17395	68,7275	0,17395	65,7237	0,17395	63,7347	0,17395	68,7293	0,17395	65,6742	0,17395	63,6605	
0,337933	68,7273	0,337933	65,7227	0,337933	63,7342	0,337933	68,7302	0,337933	65,6738	0,337933	63,6601	
0,501633	68,7268	0,501633	65,7227	0,501633	63,7344	0,501633	68,7316	0,501633	65,6739	0,501633	63,6602	
0,66535	68,7266	0,66535	65,7229	0,66535	63,7345	0,66535	68,7301	0,66535	65,6746	0,66535	63,6604	
0,8291	68,7276	0,8291	65,7228	0,8291	63,7348	0,8291	68,7306	0,8291	65,6752	0,8291	63,6606	
0,993917	68,7276	0,993917	65,723	0,993917	63,7345	0,993917	68,7302	0,993917	65,6744	0,993917	63,6604	
1,15817	68,7275	1,15817	65,7239	1,15817	63,7345	1,15817	68,7296	1,15817	65,6739	1,15817	63,6604	
1,32215	68,727	1,32215	65,7235	1,32215	63,7346	1,32215	68,7306	1,32215	65,674	1,32215	63,6605	
1,48718	68,7271	1,48718	65,7234	1,48718	63,7345	1,48718	68,7313	1,48718	65,6754	1,48718	63,6601	
1,65088	68,7272	1,65088	65,724	1,65088	63,7345	1,65088	68,7299	1,65088	65,6744	1,65088	63,6603	
1,81468	68,7262	1,81468	65,7232	1,81468	63,7344	1,81468	68,7303	1,81468	65,6742	1,81468	63,6602	
1,97867	68,7264	1,97867	65,7223	1,97867	63,7342	1,97867	68,7292	1,97867	65,6742	1,97867	63,6601	
2,1429	68,727	2,1429	65,7233	2,1429	63,7343	2,1429	68,7293	2,1429	65,6742	2,1429	63,6602	
2,30662	68,7269	2,30662	65,7224	2,30662	63,7342	2,30662	68,7298	2,30662	65,6741	2,30662	63,6601	
2,47115	68,7255	2,47115	65,7217	2,47115	63,7332	2,47115	68,7297	2,47115	65,6733	2,47115	63,6594	
2,63518	68,7243	2,63518	65,7211	2,63518	63,7327	2,63518	68,7278	2,63518	65,673	2,63518	63,659	
2,79945	68,7258	2,79945	65,721	2,79945	63,7325	2,79945	68,7287	2,79945	65,6721	2,79945	63,6588	
2,9653	68,7242	2,9653	65,72	2,9653	63,733	2,9653	68,7286	2,9653	65,6736	2,9653	63,6591	
3,12957	68,7246	3,12957	65,7208	3,12957	63,7328	3,12957	68,7292	3,12957	65,6727	3,12957	63,659	
3,29357	68,7268	3,29357	65,7214	3,29357	63,7331	3,29357	68,7285	3,29357	65,6725	3,29357	63,6591	
3,45757	68,7249	3,45757	65,722	3,45757	63,7333	3,45757	68,729	3,45757	65,6725	3,45757	63,6592	
3,62233	68,7259	3,62233	65,7214	3,62233	63,7335	3,62233	68,7296	3,62233	65,6732	3,62233	63,6591	
3,78663	68,7257	3,78663	65,7225	3,78663	63,7334	3,78663	68,7286	3,78663	65,6735	3,78663	63,6592	
3,95127	68,7259	3,95127	65,7213	3,95127	63,7332	3,95127	68,7294	3,95127	65,6736	3,95127	63,6592	
4,11552	68,7266	4,11552	65,722	4,11552	63,7332	4,11552	68,7297	4,11552	65,673	4,11552	63,6595	
4,28008	68,7261	4,28008	65,7212	4,28008	63,7328	4,28008	68,729	4,28008	65,6727	4,28008	63,6592	
4,44407	68,7254	4,44407	65,7224	4,44407	63,7337	4,44407	68,7289	4,44407	65,6732	4,44407	63,6592	
4,60832	68,7264	4,60832	65,7217	4,60832	63,7337	4,60832	68,729	4,60832	65,6737	4,60832	63,6591	
4,77262	68,7261	4,77262	65,722	4,77262	63,7334	4,77262	68,7284	4,77262	65,6735	4,77262	63,6595	
4,93662	68,7275	4,93662	65,7227	4,93662	63,7337	4,93662	68,7274	4,93662	65,6732	4,93662	63,6595	
5,10087	68,7261	5,10087	65,7223	5,10087	63,7338	5,10087	68,7284	5,10087	65,6733	5,10087	63,6596	
5,26538	68,7261	5,26538	65,722	5,26538	63,7338	5,26538	68,73	5,26538	65,6732	5,26538	63,6595	
5,42912	68,7264	5,42912	65,7218	5,42912	63,7337	5,42912	68,7296	5,42912	65,6741	5,42912	63,6595	
5,59287	68,7276	5,59287	65,7229	5,59287	63,7335	5,59287	68,7293	5,59287	65,6735	5,59287	63,6593	
5,75738	68,7267	5,75738	65,7217	5,75738	63,7341	5,75738	68,7286	5,75738	65,673	5,75738	63,6598	
5,92168	68,7261	5,92168	65,7219	5,92168	63,7337	5,92168	68,7292	5,92168	65,6736	5,92168	63,6598	
6,08593	68,7261	6,08593	65,722	6,08593	63,7339	6,08593	68,7299	6,08593	65,6739	6,08593	63,6599	
6,25017	68,7266	6,25017	65,7221	6,25017	63,7337	6,25017	68,7295	6,25017	65,6732	6,25017	63,6596	
6,4142	68,7262	6,4142	65,7222	6,4142	63,7339	6,4142	68,7293	6,4142	65,674	6,4142	63,6597	
6,57795	68,7266	6,57795	65,7228	6,57795	63,7342	6,57795	68,7289	6,57795	65,6734	6,57795	63,6601	
6,74193	68,7273	6,74193	65,7224	6,74193	63,734	6,74193	68,7284	6,74193	65,6736	6,74193	63,6598	
6,90618	68,7266	6,90618	65,7235	6,90618	63,7342	6,90618	68,7281	6,90618	65,6747	6,90618	63,6599	
7,06988	68,727	7,06988	65,7234	7,06988	63,734	7,06988	68,7298	7,06988	65,6747	7,06988	63,6598	
7,23333	68,728	7,23333	65,7221	7,23333	63,7336	7,23333	68,7306	7,23333	65,6735	7,23333	63,6597	
7,39733	68,7273	7,39733	65,7219	7,39733	63,7339	7,39733	68,7297	7,39733	65,6739	7,39733	63,6597	
7,56217	68,7269	7,56217	65,7226	7,56217	63,7341	7,56217	68,7292	7,56217	65,6745	7,56217	63,6599	
7,72615	68,7263	7,72615	65,7227	7,72615	63,7339	7,72615	68,7296	7,72615	65,6746	7,72615	63,6598	
7,8904	68,7266	7,8904	65,7231	7,8904	63,7339	7,8904	68,73	7,8904	65,6739	7,8904	63,6598	
8,05463	68,7264	8,05463	65,7232	8,05463	63,734	8,05463	68,7285	8,05463	65,6744	8,05463	63,6599	
8,21872	68,7281	8,21872	65,7225	8,21872	63,734	8,21872	68,7295	8,21872	65,6735	8,21872	63,6599	
8,38327	68,7275	8,38327	65,7221	8,38327	63,7338	8,38327	68,7297	8,38327	65,6745	8,38327	63,6596	
8,54748	68,728	8,54748	65,7224	8,54748	63,7338	8,54748	68,7293	8,54748	65,6734	8,54748	63,6597	
8,71173	68,7281	8,71173	65,7224	8,71173	63,7339	8,71173	68,7286	8,71173	65,6739	8,71173	63,6596	
8,87518	68,7271	8,87518	65,7229	8,87518	63,7339	8,87518	68,7292	8,87518	65,6738	8,87518	63,6599	
9,03917	68,7266	9,03917	65,7233	9,03917	63,7334	9,03917	68,7291	9,03917	65,6743	9,03917	63,6595	
9,20342	68,7262	9,20342	65,7226	9,20342	63,7337	9,20342	68,7306	9,20342	65,6738	9,20342	63,6596	
9,36738	68,7266	9,36738	65,7231	9,36738	63,7337	9,36738	68,7288	9,36738	65,6746	9,36738	63,6596	
9,53192	68,7271	9,53192	65,7232	9,53192	63,7339	9,53192	68,728	9,53192	65,6746	9,53192	63,6596	
9,6967	68,7282	9,6967	65,7235	9,6967	63,7341	9,6967	68,7291	9,6967	65,6744	9,6967	63,6598	
9,86042	68,7269	9,86042	65,7228	9,86042	63,7339	9,86042	68,7302	9,86042	65,6743	9,86042	63,6596	
10,0247	68,7279	10,0247	65,7228	10,0247	63,7343	10,0247	68,7294	10,0247	65,6746	10,0247	63,6598	
10,1888	68,727	10,1888	65,7234	10,1888	63,7342	10,1888	68,7307	10,1888	65,6738	10,1888	63,6597	
10,357	68,7265	10,357	65,7236	10,357	63,734	10,357	68,73	10,357	65,6744	10,357	63,6598	
10,5218	68,727	10,5218	65,7226	10,5218	63,7338	10,5218	68,729	10,5218	65,6738	10,5218	63,6596	
10,6861	68,7273	10,6861	65,7228	10,6861	63,734	10,6861	68,7294	10,6861	65,6735	10,6861	63,6598	
10,8495	68,7276	10,8495	65,7228	10,8495	63,7338	10,8495	68,7294	10,8495	65,6737	10,8495	63,6598	
11,013	68,7275	11,013	65,7224	11,013	63,734	11,013	68,7284	11,013	65,6739	11,013	63,6594	
11,1767	68,7279	11,1767	65,7222	11,1767	63,7339	11,1767	68,7296	11,1767	65,6736	11,1767	63,6598	
11,3409	68,7265	11,3409	65,7225	11,3409	63,734	11,3409	68,7304	11,3409	65,6735	11,3409	63,6598	
11,5049	68,7278	11,5049	65,7233	11,5049	63,734	11,5049	68,7287	11,5049	65,6742	11,5049	63,6597	
11,6686	68,7279	11,6686	65,7225	11,6686	63,7342	11,6686	68,7299	11,6686	65,6745	11,6686	63,6597	
11,8327	68,7278	11,8327	65,7235	11,8327	63,7341	11,8327	68,7295	11,8327	65,6743	11,8327	63,6598	
11,9969	68,7272	11,9969	65,7228	11,9969	63,7343	11,9969	68,7295	11,9969	65,6732	11,9969	63,66	
12,1607	68,7272	12,1607	65,7231	12,1607	63,7343	12,1607	68,7297	12,1607	65,6741	12,1607	63,6598	
12,3247	68,7264	12,3247	65,7232	12,3247	63,7342	12,3247	68,7293	12,3247	65,674	12,3247	63,6599	
12,4884	68,728	12,4884	65,7231	12,4884	63,7341	12,4884	68,7301	12,4884	65,6738	12,4884	63,6599	
12,6524	68,7272	12,6524	65,7229	12,6524	63,7339	12,6524	68,7298	12,6524	65,6744	12,6524	63,6599	
12,8164	68,7271	12,8164	65,7226	12,8164	63,7338	12,8164	68,7294	12,8164	65,6736	12,8164	63,6597	
12,9804	68,727	12,9804	65,7232	12,9804	63,7339	12,9804	68,7294	12,9804	65,6739	12,9804	63,6598	
13,1441	68,7278	13,1441	65,723	13,1441	63,7343	13,1441	68,7302	13,1441	65,6741	13,1441	63,6597	
13,3078	68,7279	13,3078	65,7238	13,3078	63,7343	13,3078	68,7303	13,3078	65,6747	13,3078	63,6599	
13,4713	68,7279	13,4713	65,7229	13,4713	63,7341	13,4713	68,7299	13,4713	65,6736	13,4713	63,6598	
13,6355	68,7266	13,6355	65,7231	13,6355	63,7346	13,6355	68,7297	13,6355	65,6746	13,6355	63,6599	
13,7992	68,7265	13,7992	65,7223	13,7992	63,7342	13,7992	68,7299	13,7992	65,6746	13,7992	63,66	
13,9632	68,7268	13,9632	65,7227	13,9632	63,7341	13,9632	68,7307	13,9632	65,674	13,9632	63,6598	
14,1272	68,7273	14,1272	65,7232	14,1272	63,7341	14,1272	68,7306	14,1272	65,6734	14,1272	63,6598	
14,2912	68,7266	14,2912	65,7227	14,2912	63,734	14,2912	68,7306	14,2912	65,6744	14,2912	63,6598	
14,4555	68,7276	14,4555	65,7238	14,4555	63,7339	14,4555	68,7298	14,4555	65,6738	14,4555	63,6596	
14,6189	68,7282	14,6189	65,7233	14,6189	63,7339	14,6189	68,7294	14,6189	65,674	14,6189	63,6597	
14,7826	68,7271	14,7826	65,7218	14,7826	63,7343	14,7826	68,7305	14,7826	65,674	14,7826	63,6598	
14,9464	68,7272	14,9464	65,7233	14,9464	63,7341	14,9464	68,73	14,9464	65,6738	14,9464	63,6598	
15,1103	68,7268	15,1103	65,7233	15,1103	63,7342	15,1103	68,7301	15,1103	65,674	15,1103	63,66	
15,2744	68,7278	15,2744	65,723	15,2744	63,7344	15,2744	68,7299	15,2744	65,6735	15,2744	63,6602	
15,4381	68,7269	15,4381	65,7233	15,4381	63,7341	15,4381	68,7286	15,4381	65,6741	15,4381	63,6598	
15,6016	68,7266	15,6016	65,7232	15,6016	63,734	15,6016	68,7299	15,6016	65,6737	15,6016	63,66	
15,7658	68,7272	15,7658	65,7233	15,7658	63,7341	15,7658	68,73	15,7658	65,6738	15,7658	63,66	
15,9298	68,7279	15,9298	65,7228	15,9298	63,734	15,9298	68,729	15,9298	65,6736	15,9298	63,66	
16,0938	68,7267	16,0938	65,7224	16,0938	63,7338	16,0938	68,7293	16,0938	65,6734	16,0938	63,6598	
16,2573	68,7266	16,2573	65,7233	16,2573	63,7341	16,2573	68,73	16,2573	65,6744	16,2573	63,6599	
16,4213	68,728	16,4213	65,723	16,4213	63,7345	16,4213	68,73	16,4213	65,6742	16,4213	63,66	
16,5853	68,7287	16,5853	65,7234	16,5853	63,7344	16,5853	68,7299	16,5853	65,6743	16,5853	63,6601	
16,7493	68,7279	16,7493	65,7231	16,7493	63,7343	16,7493	68,7291	16,7493	65,6749	16,7493	63,6601	
16,9135	68,7271	16,9135	65,7227	16,9135	63,7341	16,9135	68,7306	16,9135	65,6739	16,9135	63,6598	
17,077	68,7284	17,077	65,7233	17,077	63,7341	17,077	68,7305	17,077	65,6742	17,077	63,6598	
17,2407	68,7274	17,2407	65,7235	17,2407	63,7345	17,2407	68,7291	17,2407	65,6735	17,2407	63,6601	
17,4048	68,7297	17,4048	65,7247	17,4048	63,7355	17,4048	68,7302	17,4048	65,674	17,4048	63,6599	
17,5683	68,731	17,5683	65,7257	17,5683	63,7363	17,5683	68,7287	17,5683	65,6748	17,5683	63,6598	
17,732	68,7315	17,732	65,7257	17,732	63,7373	17,732	68,7299	17,732	65,6738	17,732	63,66	
17,8963	68,7317	17,8963	65,7271	17,8963	63,7379	17,8963	68,7282	17,8963	65,6735	17,8963	63,6598	
18,06	68,7317	18,06	65,7268	18,06	63,738	18,06	68,7301	18,06	65,6744	18,06	63,6598	
18,2235	68,7338	18,2235	65,7275	18,2235	63,7381	18,2235	68,7295	18,2235	65,674	18,2235	63,6598	
18,3875	68,7327	18,3875	65,727	18,3875	63,7379	18,3875	68,7299	18,3875	65,6738	18,3875	63,6597	
18,5515	68,7324	18,5515	65,7278	18,5515	63,7383	18,5515	68,7299	18,5515	65,6736	18,5515	63,6599	
18,7155	68,7322	18,7155	65,7277	18,7155	63,7382	18,7155	68,7299	18,7155	65,6743	18,7155	63,6598	
18,8795	68,7329	18,8795	65,7273	18,8795	63,7381	18,8795	68,7304	18,8795	65,6737	18,8795	63,6598	
19,0432	68,7326	19,0432	65,7267	19,0432	63,7381	19,0432	68,7297	19,0432	65,6736	19,0432	63,66	
19,2074	68,7327	19,2074	65,7274	19,2074	63,7381	19,2074	68,7301	19,2074	65,6744	19,2074	63,66	
19,3712	68,7333	19,3712	65,7276	19,3712	63,7381	19,3712	68,73	19,3712	65,674	19,3712	63,66	
19,5346	68,732	19,5346	65,7278	19,5346	63,7385	19,5346	68,7303	19,5346	65,674	19,5346	63,6601	
19,6983	68,7331	19,6983	65,7275	19,6983	63,7384	19,6983	68,7304	19,6983	65,6736	19,6983	63,6601	
19,862	68,7333	19,862	65,7275	19,862	63,7384	19,862	68,7302	19,862	65,6739	19,862	63,6599	
20,0258	68,7329	20,0258	65,7278	20,0258	63,7382	20,0258	68,7291	20,0258	65,6744	20,0258	63,6599	
20,1895	68,7337	20,1895	65,7266	20,1895	63,7382	20,1895	68,7305	20,1895	65,6738	20,1895	63,6599	
20,3537	68,7319	20,3537	65,7276	20,3537	63,7384	20,3537	68,7281	20,3537	65,6739	20,3537	63,6597	
20,5175	68,7343	20,5175	65,7278	20,5175	63,7381	20,5175	68,7301	20,5175	65,6738	20,5175	63,6598	
20,6817	68,7321	20,6817	65,7275	20,6817	63,7384	20,6817	68,7307	20,6817	65,6739	20,6817	63,66	
20,8455	68,7321	20,8455	65,7273	20,8455	63,7382	20,8455	68,7289	20,8455	65,6743	20,8455	63,6598	
21,0089	68,7324	21,0089	65,7277	21,0089	63,7382	21,0089	68,7297	21,0089	65,6735	21,0089	63,6598	
21,1726	68,7334	21,1726	65,7272	21,1726	63,7383	21,1726	68,7298	21,1726	65,6743	21,1726	63,6598	
21,3364	68,7324	21,3364	65,727	21,3364	63,7385	21,3364	68,7305	21,3364	65,6737	21,3364	63,6602	
21,5001	68,7326	21,5001	65,7274	21,5001	63,7384	21,5001	68,7297	21,5001	65,6736	21,5001	63,6599	
21,6638	68,7344	21,6638	65,7272	21,6638	63,7384	21,6638	68,7301	21,6638	65,6739	21,6638	63,6599	
21,8276	68,7322	21,8276	65,7273	21,8276	63,7384	21,8276	68,7293	21,8276	65,6739	21,8276	63,6599	
21,9916	68,7334	21,9916	65,727	21,9916	63,7386	21,9916	68,7301	21,9916	65,6741	21,9916	63,66	
22,1558	68,7337	22,1558	65,7278	22,1558	63,7385	22,1558	68,7303	22,1558	65,6741	22,1558	63,6599	
22,3193	68,7324	22,3193	65,7278	22,3193	63,7385	22,3193	68,7302	22,3193	65,6746	22,3193	63,6601	
22,4827	68,7327	22,4827	65,7279	22,4827	63,7383	22,4827	68,7288	22,4827	65,6744	22,4827	63,6599	
22,6467	68,7343	22,6467	65,727	22,6467	63,7383	22,6467	68,7281	22,6467	65,6738	22,6467	63,6599	
22,8101	68,7344	22,8101	65,7267	22,8101	63,7383	22,8101	68,7302	22,8101	65,6735	22,8101	63,6599	
22,9741	68,7347	22,9741	65,7272	22,9741	63,7385	22,9741	68,7305	22,9741	65,6733	22,9741	63,6602	
23,1381	68,7327	23,1381	65,7274	23,1381	63,7386	23,1381	68,7302	23,1381	65,6745	23,1381	63,6599	
23,3021	68,7345	23,3021	65,7272	23,3021	63,7384	23,3021	68,7307	23,3021	65,6742	23,3021	63,6601	
23,4655	68,7327	23,4655	65,7273	23,4655	63,7387	23,4655	68,7295	23,4655	65,6739	23,4655	63,6602	
23,6292	68,7335	23,6292	65,7273	23,6292	63,7385	23,6292	68,7297	23,6292	65,6739	23,6292	63,6601	
23,7927	68,7329	23,7927	65,727	23,7927	63,7384	23,7927	68,7296	23,7927	65,6738	23,7927	63,66	
23,9564	68,7323	23,9564	65,7271	23,9564	63,7384	23,9564	68,7302	23,9564	65,6734	23,9564	63,6601	
24,1209	68,7342	24,1209	65,7271	24,1209	63,7383	24,1209	68,7304	24,1209	65,6743	24,1209	63,6599	
24,285	68,7322	24,285	65,7274	24,285	63,7385	24,285	68,7284	24,285	65,6736	24,285	63,66	
24,4489	68,7325	24,4489	65,727	24,4489	63,7383	24,4489	68,7303	24,4489	65,6745	24,4489	63,66	
24,6142	68,7331	24,6142	65,7277	24,6142	63,7384	24,6142	68,7283	24,6142	65,674	24,6142	63,6599	
24,7782	68,7324	24,7782	65,7275	24,7782	63,7382	24,7782	68,73	24,7782	65,6739	24,7782	63,66	
24,9419	68,7347	24,9419	65,7283	24,9419	63,7385	24,9419	68,7291	24,9419	65,6741	24,9419	63,66	
25,1059	68,7346	25,1059	65,7279	25,1059	63,7382	25,1059	68,7306	25,1059	65,6741	25,1059	63,66	
25,2702	68,7328	25,2702	65,7279	25,2702	63,738	25,2702	68,7297	25,2702	65,6741	25,2702	63,6599	
25,4345	68,7315	25,4345	65,7264	25,4345	63,7372	25,4345	68,7305	25,4345	65,674	25,4345	63,6599	
25,5995	68,7318	25,5995	65,7252	25,5995	63,7362	25,5995	68,7302	25,5995	65,6746	25,5995	63,6601	
25,7636	68,7283	25,7636	65,7247	25,7636	63,7352	25,7636	68,7309	25,7636	65,6747	25,7636	63,66	
25,9278	68,7273	25,9278	65,7236	25,9278	63,7346	25,9278	68,7293	25,9278	65,6738	25,9278	63,66	
26,0921	68,7287	26,0921	65,7231	26,0921	63,7345	26,0921	68,7304	26,0921	65,6744	26,0921	63,6601	
26,2563	68,7281	26,2563	65,7227	26,2563	63,7344	26,2563	68,7307	26,2563	65,6748	26,2563	63,6599	
26,42	68,7293	26,42	65,7237	26,42	63,7346	26,42	68,7302	26,42	65,6741	26,42	63,6601	
26,5848	68,7291	26,5848	65,7239	26,5848	63,7346	26,5848	68,7298	26,5848	65,6743	26,5848	63,66	
26,7488	68,7277	26,7488	65,7239	26,7488	63,7346	26,7488	68,7293	26,7488	65,6744	26,7488	63,66	
26,9131	68,7281	26,9131	65,7242	26,9131	63,7345	26,9131	68,7307	26,9131	65,6744	26,9131	63,6601	
27,0773	68,728	27,0773	65,7234	27,0773	63,7345	27,0773	68,7294	27,0773	65,6738	27,0773	63,66	
27,2418	68,728	27,2418	65,7235	27,2418	63,7341	27,2418	68,7305	27,2418	65,6737	27,2418	63,6598	
27,4072	68,7282	27,4072	65,7232	27,4072	63,7344	27,4072	68,731	27,4072	65,6738	27,4072	63,66	
27,5718	68,7284	27,5718	65,7237	27,5718	63,7346	27,5718	68,7311	27,5718	65,6744	27,5718	63,66	
27,7363	68,7289	27,7363	65,723	27,7363	63,7344	27,7363	68,731	27,7363	65,6747	27,7363	63,66	
27,9011	68,7279	27,9011	65,7234	27,9011	63,7344	27,9011	68,7304	27,9011	65,6741	27,9011	63,66	
28,0648	68,7287	28,0648	65,7236	28,0648	63,7345	28,0648	68,7303	28,0648	65,6747	28,0648	63,6598	
28,2288	68,7281	28,2288	65,7238	28,2288	63,7347	28,2288	68,7303	28,2288	65,6746	28,2288	63,66	
28,3936	68,7282	28,3936	65,7236	28,3936	63,7344	28,3936	68,729	28,3936	65,6744	28,3936	63,6601	
28,5581	68,7278	28,5581	65,7238	28,5581	63,7344	28,5581	68,7294	28,5581	65,6741	28,5581	63,66	
28,7222	68,7278	28,7222	65,7233	28,7222	63,7344	28,7222	68,731	28,7222	65,674	28,7222	63,66	
28,8869	68,7285	28,8869	65,7233	28,8869	63,7345	28,8869	68,731	28,8869	65,6742	28,8869	63,6601	
29,0515	68,7282	29,0515	65,7234	29,0515	63,7344	29,0515	68,7305	29,0515	65,6746	29,0515	63,6598	
29,2157	68,729	29,2157	65,7239	29,2157	63,7345	29,2157	68,731	29,2157	65,674	29,2157	63,6599	
29,3803	68,7281	29,3803	65,7234	29,3803	63,7343	29,3803	68,7302	29,3803	65,6743	29,3803	63,6598	
29,5442	68,7277	29,5442	65,7233	29,5442	63,7342	29,5442	68,731	29,5442	65,6736	29,5442	63,6599	
29,7085	68,728	29,7085	65,7235	29,7085	63,7344	29,7085	68,731	29,7085	65,6738	29,7085	63,6598	
29,8725	68,7288	29,8725	65,723	29,8725	63,7344	29,8725	68,7305	29,8725	65,6747	29,8725	63,6598	
30,0373	68,7279	30,0373	65,7233	30,0373	63,7344	30,0373	68,7302	30,0373	65,6743	30,0373	63,6599	
30,2016	68,7283	30,2016	65,7233	30,2016	63,7345	30,2016	68,7299	30,2016	65,6735	30,2016	63,66	
30,3661	68,7285	30,3661	65,7241	30,3661	63,7344	30,3661	68,7288	30,3661	65,6738	30,3661	63,6598	
30,5301	68,7275	30,5301	65,7227	30,5301	63,7344	30,5301	68,7302	30,5301	65,6747	30,5301	63,6598	
30,6957	68,7288	30,6957	65,7235	30,6957	63,7343	30,6957	68,7302	30,6957	65,6747	30,6957	63,66	
30,8603	68,7276	30,8603	65,7237	30,8603	63,7345	30,8603	68,7308	30,8603	65,6742	30,8603	63,6597	
31,024	68,7279	31,024	65,7237	31,024	63,7345	31,024	68,7292	31,024	65,6738	31,024	63,66	
31,1884	68,7289	31,1884	65,7227	31,1884	63,7344	31,1884	68,7303	31,1884	65,6739	31,1884	63,6599	
31,3527	68,7286	31,3527	65,7236	31,3527	63,7342	31,3527	68,73	31,3527	65,6743	31,3527	63,66	
31,517	68,73	31,517	65,7237	31,517	63,7343	31,517	68,7308	31,517	65,6748	31,517	63,6599	
31,681	68,7277	31,681	65,724	31,681	63,7344	31,681	68,7306	31,681	65,6742	31,681	63,6599	
31,8451	68,7288	31,8451	65,724	31,8451	63,7343	31,8451	68,7306	31,8451	65,674	31,8451	63,6599	
32,0096	68,7282	32,0096	65,7243	32,0096	63,7345	32,0096	68,7295	32,0096	65,6748	32,0096	63,6599	
32,1741	68,7287	32,1741	65,7233	32,1741	63,7343	32,1741	68,7304	32,1741	65,6746	32,1741	63,6597	
32,3381	68,7272	32,3381	65,7232	32,3381	63,7345	32,3381	68,7307	32,3381	65,674	32,3381	63,6599	
32,5026	68,7282	32,5026	65,7238	32,5026	63,7344	32,5026	68,7301	32,5026	65,6741	32,5026	63,6598	
32,6672	68,7287	32,6672	65,7238	32,6672	63,7345	32,6672	68,7307	32,6672	65,6744	32,6672	63,6599	
32,8315	68,7279	32,8315	65,724	32,8315	63,7345	32,8315	68,7304	32,8315	65,6741	32,8315	63,6596	
32,996	68,7275	32,996	65,7235	32,996	63,7345	32,996	68,7309	32,996	65,674	32,996	63,6599	
33,1605	68,7283	33,1605	65,7241	33,1605	63,7342	33,1605	68,73	33,1605	65,6741	33,1605	63,6597	
33,3248	68,7291	33,3248	65,7239	33,3248	63,7346	33,3248	68,7309	33,3248	65,6751	33,3248	63,66	
33,4885	68,7296	33,4885	65,7236	33,4885	63,7345	33,4885	68,7298	33,4885	65,6738	33,4885	63,6596	
33,6525	68,7276	33,6525	65,7232	33,6525	63,7345	33,6525	68,7295	33,6525	65,6744	33,6525	63,6597	
33,8172	68,728	33,8172	65,724	33,8172	63,7342	33,8172	68,7304	33,8172	65,6741	33,8172	63,6597	
33,9817	68,7277	33,9817	65,7239	33,9817	63,7343	33,9817	68,7294	33,9817	65,6744	33,9817	63,6599	
34,1454	68,7282	34,1454	65,7234	34,1454	63,7344	34,1454	68,7296	34,1454	65,6741	34,1454	63,6599	
34,3098	68,7285	34,3098	65,7243	34,3098	63,7344	34,3098	68,7302	34,3098	65,6745	34,3098	63,6598	
34,4741	68,7286	34,4741	65,7236	34,4741	63,7345	34,4741	68,7305	34,4741	65,6736	34,4741	63,6599	
34,6384	68,7278	34,6384	65,7245	34,6384	63,7348	34,6384	68,7308	34,6384	65,6746	34,6384	63,66	
34,8026	68,7298	34,8026	65,7238	34,8026	63,7344	34,8026	68,7306	34,8026	65,6743	34,8026	63,6598	
34,9674	68,7288	34,9674	65,7238	34,9674	63,7344	34,9674	68,7313	34,9674	65,6748	34,9674	63,6599	
35,1314	68,7279	35,1314	65,7233	35,1314	63,7346	35,1314	68,7301	35,1314	65,6742	35,1314	63,66	
35,2951	68,7285	35,2951	65,7232	35,2951	63,7345	35,2951	68,7314	35,2951	65,6743	35,2951	63,66	
35,4596	68,7284	35,4596	65,7235	35,4596	63,7345	35,4596	68,731	35,4596	65,6738	35,4596	63,6598	
35,6236	68,7277	35,6236	65,7228	35,6236	63,7346	35,6236	68,7294	35,6236	65,6739	35,6236	63,66	
35,7873	68,7282	35,7873	65,7233	35,7873	63,7346	35,7873	68,7305	35,7873	65,6738	35,7873	63,6601	
35,9516	68,7284	35,9516	65,7233	35,9516	63,7345	35,9516	68,7317	35,9516	65,6742	35,9516	63,66	
36,1161	68,7277	36,1161	65,7236	36,1161	63,7345	36,1161	68,7303	36,1161	65,6737	36,1161	63,6599	
36,2801	68,7283	36,2801	65,7238	36,2801	63,7343	36,2801	68,7303	36,2801	65,6739	36,2801	63,6597	
36,4435	68,7293	36,4435	65,7228	36,4435	63,7345	36,4435	68,7308	36,4435	65,6737	36,4435	63,6599	
36,6073	68,7285	36,6073	65,7231	36,6073	63,7348	36,6073	68,7296	36,6073	65,6747	36,6073	63,6601	
36,7714	68,7279	36,7714	65,7242	36,7714	63,7346	36,7714	68,7302	36,7714	65,6748	36,7714	63,6599	
36,9354	68,7278	36,9354	65,7237	36,9354	63,7344	36,9354	68,7307	36,9354	65,6739	36,9354	63,66	
37,0999	68,7278	37,0999	65,7234	37,0999	63,7344	37,0999	68,7298	37,0999	65,674	37,0999	63,6598	
37,2645	68,7297	37,2645	65,7236	37,2645	63,7343	37,2645	68,73	37,2645	65,6739	37,2645	63,66	
37,4288	68,7284	37,4288	65,7238	37,4288	63,7345	37,4288	68,7303	37,4288	65,6742	37,4288	63,6597	
37,5922	68,7276	37,5922	65,7233	37,5922	63,7344	37,5922	68,7299	37,5922	65,6738	37,5922	63,6599	
37,7567	68,7278	37,7567	65,7235	37,7567	63,7343	37,7567	68,731	37,7567	65,6744	37,7567	63,6597	
37,9212	68,7293	37,9212	65,7239	37,9212	63,7347	37,9212	68,7293	37,9212	65,6745	37,9212	63,6599	
38,0847	68,7286	38,0847	65,7234	38,0847	63,7346	38,0847	68,7312	38,0847	65,6746	38,0847	63,66	
38,2484	68,729	38,2484	65,7235	38,2484	63,7346	38,2484	68,73	38,2484	65,6748	38,2484	63,6598	
38,4132	68,7278	38,4132	65,7244	38,4132	63,7345	38,4132	68,7298	38,4132	65,6741	38,4132	63,66	
38,5775	68,729	38,5775	65,7237	38,5775	63,7345	38,5775	68,7298	38,5775	65,6741	38,5775	63,6599	
38,7415	68,7281	38,7415	65,7233	38,7415	63,7343	38,7415	68,7308	38,7415	65,6744	38,7415	63,6597	
38,9058	68,7297	38,9058	65,7233	38,9058	63,7344	38,9058	68,7305	38,9058	65,6739	38,9058	63,6599	
39,0698	68,7281	39,0698	65,7236	39,0698	63,7344	39,0698	68,7309	39,0698	65,6747	39,0698	63,6599	
39,2337	68,7281	39,2337	65,7236	39,2337	63,7343	39,2337	68,7297	39,2337	65,6744	39,2337	63,6597	
39,3974	68,7295	39,3974	65,7231	39,3974	63,7343	39,3974	68,7308	39,3974	65,6735	39,3974	63,6598	
39,5618	68,7281	39,5618	65,7236	39,5618	63,7344	39,5618	68,7311	39,5618	65,6741	39,5618	63,6598	
39,7258	68,7286	39,7258	65,724	39,7258	63,7343	39,7258	68,7297	39,7258	65,6748	39,7258	63,6597	
39,8898	68,7286	39,8898	65,7242	39,8898	63,7347	39,8898	68,7301	39,8898	65,6749	39,8898	63,6596	
40,0537	68,7294	40,0537	65,7237	40,0537	63,7344	40,0537	68,7309	40,0537	65,6742	40,0537	63,66	
40,2186	68,7275	40,2186	65,7234	40,2186	63,7345	40,2186	68,7312	40,2186	65,6739	40,2186	63,6601	
40,3828	68,728	40,3828	65,7232	40,3828	63,7344	40,3828	68,7302	40,3828	65,6747	40,3828	63,6599	
40,5466	68,7277	40,5466	65,7246	40,5466	63,7346	40,5466	68,7309	40,5466	65,674	40,5466	63,6601	
40,7106	68,7284	40,7106	65,7234	40,7106	63,7344	40,7106	68,7298	40,7106	65,6749	40,7106	63,6599	
40,8743	68,7276	40,8743	65,7234	40,8743	63,7345	40,8743	68,7298	40,8743	65,6738	40,8743	63,66	
41,0383	68,7299	41,0383	65,7238	41,0383	63,7344	41,0383	68,7306	41,0383	65,674	41,0383	63,66	
41,202	68,7281	41,202	65,724	41,202	63,7345	41,202	68,7305	41,202	65,674	41,202	63,6602	
41,3655	68,7273	41,3655	65,7235	41,3655	63,7345	41,3655	68,7304	41,3655	65,6743	41,3655	63,6598	
41,5303	68,729	41,5303	65,7239	41,5303	63,7347	41,5303	68,7311	41,5303	65,6744	41,5303	63,6599	
41,6943	68,7289	41,6943	65,7238	41,6943	63,7347	41,6943	68,7302	41,6943	65,6741	41,6943	63,6599	
41,8588	68,7289	41,8588	65,723	41,8588	63,7345	41,8588	68,7302	41,8588	65,6741	41,8588	63,6599	
42,0231	68,7291	42,0231	65,7233	42,0231	63,7346	42,0231	68,7318	42,0231	65,6742	42,0231	63,6601	
42,1873	68,7291	42,1873	65,724	42,1873	63,7345	42,1873	68,7299	42,1873	65,6742	42,1873	63,6597	
42,3513	68,7305	42,3513	65,7231	42,3513	63,7346	42,3513	68,7316	42,3513	65,6739	42,3513	63,6601	
42,5161	68,7279	42,5161	65,723	42,5161	63,7346	42,5161	68,7288	42,5161	65,674	42,5161	63,6601	
42,6806	68,7296	42,6806	65,7234	42,6806	63,7348	42,6806	68,7309	42,6806	65,6747	42,6806	63,6601	
42,8446	68,7284	42,8446	65,7235	42,8446	63,7344	42,8446	68,73	42,8446	65,6743	42,8446	63,6599	
43,0084	68,7284	43,0084	65,7234	43,0084	63,7349	43,0084	68,7304	43,0084	65,6742	43,0084	63,6601	
43,1721	68,7283	43,1721	65,7233	43,1721	63,7346	43,1721	68,7317	43,1721	65,6748	43,1721	63,6603	
43,3366	68,7291	43,3366	65,7233	43,3366	63,7347	43,3366	68,7316	43,3366	65,674	43,3366	63,6601	
43,5004	68,7283	43,5004	65,7232	43,5004	63,7347	43,5004	68,7303	43,5004	65,6744	43,5004	63,6601	
43,6641	68,7293	43,6641	65,7233	43,6641	63,7348	43,6641	68,7309	43,6641	65,674	43,6641	63,6601	
43,8289	68,7289	43,8289	65,7244	43,8289	63,7346	43,8289	68,7314	43,8289	65,674	43,8289	63,6599	
43,9929	68,7279	43,9929	65,7239	43,9929	63,735	43,9929	68,7298	43,9929	65,6743	43,9929	63,6604	
44,1568	68,7289	44,1568	65,7243	44,1568	63,7348	44,1568	68,7311	44,1568	65,6744	44,1568	63,6601	
44,3208	68,7286	44,3208	65,7238	44,3208	63,7348	44,3208	68,7316	44,3208	65,6743	44,3208	63,6603	
44,4858	68,7282	44,4858	65,7234	44,4858	63,7344	44,4858	68,7304	44,4858	65,6748	44,4858	63,6601	
44,6495	68,7294	44,6495	65,7237	44,6495	63,7347	44,6495	68,7311	44,6495	65,6744	44,6495	63,6602	
44,8141	68,7277	44,8141	65,7239	44,8141	63,7346	44,8141	68,7312	44,8141	65,6747	44,8141	63,6604	
44,9775	68,7297	44,9775	65,7243	44,9775	63,7347	44,9775	68,7311	44,9775	65,6745	44,9775	63,6603	
45,1415	68,7297	45,1415	65,7243	45,1415	63,7347	45,1415	68,7316	45,1415	65,6742	45,1415	63,6601	
45,3055	68,7287	45,3055	65,7238	45,3055	63,7344	45,3055	68,731	45,3055	65,6742	45,3055	63,66	
45,47	68,7293	45,47	65,7238	45,47	63,7344	45,47	68,7312	45,47	65,6748	45,47	63,6601	
45,6343	68,7284	45,6343	65,7238	45,6343	63,7344	45,6343	68,7312	45,6343	65,6748	45,6343	63,6603	
45,7985	68,7278	45,7985	65,7234	45,7985	63,7347	45,7985	68,7307	45,7985	65,6748	45,7985	63,6603	
45,963	68,7292	45,963	65,7241	45,963	63,7346	45,963	68,7315	45,963	65,6745	45,963	63,6603	
46,1268	68,7284	46,1268	65,7241	46,1268	63,7349	46,1268	68,7311	46,1268	65,6746	46,1268	63,6604	
46,2905	68,7292	46,2905	65,7228	46,2905	63,7346	46,2905	68,7298	46,2905	65,674	46,2905	63,6606	
46,4545	68,73	46,4545	65,7239	46,4545	63,7343	46,4545	68,7311	46,4545	65,6754	46,4545	63,6602	
46,6182	68,7289	46,6182	65,7238	46,6182	63,735	46,6182	68,7305	46,6182	65,6745	46,6182	63,6602	
46,7828	68,7293	46,7828	65,7232	46,7828	63,7344	46,7828	68,7311	46,7828	65,6747	46,7828	63,6603	
46,9468	68,7294	46,9468	65,724	46,9468	63,7347	46,9468	68,7315	46,9468	65,6747	46,9468	63,6604	
47,1105	68,7285	47,1105	65,7234	47,1105	63,7348	47,1105	68,7302	47,1105	65,6743	47,1105	63,6604	
47,2747	68,7292	47,2747	65,7237	47,2747	63,7346	47,2747	68,7322	47,2747	65,6748	47,2747	63,6603	
47,4389	68,7288	47,4389	65,7238	47,4389	63,7346	47,4389	68,7313	47,4389	65,6749	47,4389	63,6601	
47,6035	68,7296	47,6035	65,7239	47,6035	63,7346	47,6035	68,7316	47,6035	65,6754	47,6035	63,6603	
47,7675	68,7287	47,7675	65,7241	47,7675	63,7348	47,7675	68,7314	47,7675	65,6747	47,7675	63,6604	
47,9312	68,7294	47,9312	65,7239	47,9312	63,7348	47,9312	68,7322	47,9312	65,6746	47,9312	63,6605	
48,0955	68,7288	48,0955	65,7242	48,0955	63,7346	48,0955	68,7311	48,0955	65,6747	48,0955	63,6601	
48,26	68,7282	48,26	65,7237	48,26	63,7346	48,26	68,731	48,26	65,6749	48,26	63,6601	
48,4245	68,7284	48,4245	65,7239	48,4245	63,7347	48,4245	68,7305	48,4245	65,6745	48,4245	63,6604	
48,5896	68,7286	48,5896	65,7242	48,5896	63,7348	48,5896	68,7313	48,5896	65,675	48,5896	63,6604	
48,7538	68,7296	48,7538	65,7243	48,7538	63,7348	48,7538	68,731	48,7538	65,6748	48,7538	63,6603	
48,9175	68,7289	48,9175	65,7234	48,9175	63,7349	48,9175	68,7313	48,9175	65,6747	48,9175	63,6605	
49,0818	68,7285	49,0818	65,7244	49,0818	63,7348	49,0818	68,7314	49,0818	65,6751	49,0818	63,6605	
49,2458	68,7287	49,2458	65,7244	49,2458	63,7346	49,2458	68,73	49,2458	65,6753	49,2458	63,6603	
49,4098	68,7303	49,4098	65,7236	49,4098	63,7347	49,4098	68,7319	49,4098	65,6743	49,4098	63,6604	
49,5741	68,7293	49,5741	65,7236	49,5741	63,735	49,5741	68,7312	49,5741	65,6747	49,5741	63,6607	
49,7387	68,73	49,7387	65,7241	49,7387	63,7351	49,7387	68,7319	49,7387	65,6753	49,7387	63,6607	
49,9029	68,7303	49,9029	65,7241	49,9029	63,7349	49,9029	68,7312	49,9029	65,675	49,9029	63,6604	
50,0667	68,7291	50,0667	65,7237	50,0667	63,7347	50,0667	68,7323	50,0667	65,6749	50,0667	63,6603	
50,2304	68,7288	50,2304	65,7253	50,2304	63,7348	50,2304	68,7318	50,2304	65,6747	50,2304	63,6605	
50,3946	68,7284	50,3946	65,7236	50,3946	63,7347	50,3946	68,7309	50,3946	65,6746	50,3946	63,6603	
50,5589	68,7293	50,5589	65,7241	50,5589	63,7346	50,5589	68,7311	50,5589	65,6752	50,5589	63,6602	
50,7231	68,7284	50,7231	65,7234	50,7231	63,7347	50,7231	68,7298	50,7231	65,6754	50,7231	63,6602	
50,8874	68,7286	50,8874	65,7238	50,8874	63,7348	50,8874	68,7313	50,8874	65,6745	50,8874	63,6606	
51,052	68,7292	51,052	65,7236	51,052	63,7351	51,052	68,7313	51,052	65,6744	51,052	63,6606	
51,2162	68,7289	51,2162	65,7235	51,2162	63,7346	51,2162	68,7315	51,2162	65,6744	51,2162	63,6604	
51,38	68,7281	51,38	65,7243	51,38	63,7348	51,38	68,7317	51,38	65,6749	51,38	63,6604	
51,5439	68,7301	51,5439	65,7235	51,5439	63,7345	51,5439	68,731	51,5439	65,6755	51,5439	63,6603	
51,7076	68,7303	51,7076	65,7238	51,7076	63,7346	51,7076	68,7322	51,7076	65,6743	51,7076	63,6606	
51,8722	68,7283	51,8722	65,7239	51,8722	63,7345	51,8722	68,7304	51,8722	65,6744	51,8722	63,6604	
52,0364	68,7291	52,0364	65,7236	52,0364	63,7349	52,0364	68,7301	52,0364	65,6745	52,0364	63,6605	
52,2002	68,7287	52,2002	65,7239	52,2002	63,7346	52,2002	68,7315	52,2002	65,6752	52,2002	63,6603	
52,3642	68,7297	52,3642	65,7237	52,3642	63,7348	52,3642	68,7322	52,3642	65,6749	52,3642	63,6601	
52,5281	68,7304	52,5281	65,724	52,5281	63,7347	52,5281	68,7302	52,5281	65,6743	52,5281	63,6604	
52,6921	68,7286	52,6921	65,7241	52,6921	63,735	52,6921	68,7311	52,6921	65,6744	52,6921	63,6606	
52,8564	68,7303	52,8564	65,7249	52,8564	63,7347	52,8564	68,7314	52,8564	65,6747	52,8564	63,6603	
53,0206	68,7299	53,0206	65,7247	53,0206	63,7347	53,0206	68,7318	53,0206	65,6749	53,0206	63,6604	
53,1857	68,7287	53,1857	65,7239	53,1857	63,7346	53,1857	68,7315	53,1857	65,675	53,1857	63,6602	
53,35	68,7288	53,35	65,7241	53,35	63,7346	53,35	68,7313	53,35	65,6753	53,35	63,6604	
53,514	68,7286	53,514	65,7242	53,514	63,7347	53,514	68,7306	53,514	65,6751	53,514	63,6603	
53,6789	68,7286	53,6789	65,7234	53,6789	63,7351	53,6789	68,7315	53,6789	65,6748	53,6789	63,6605	
53,8426	68,7283	53,8426	65,7238	53,8426	63,7344	53,8426	68,7318	53,8426	65,6744	53,8426	63,6604	
54,0066	68,7281	54,0066	65,7237	54,0066	63,7346	54,0066	68,7304	54,0066	65,6744	54,0066	63,6604	
54,1715	68,7284	54,1715	65,7239	54,1715	63,7344	54,1715	68,7308	54,1715	65,674	54,1715	63,6604	
54,3357	68,7295	54,3357	65,7238	54,3357	63,7346	54,3357	68,7305	54,3357	65,6745	54,3357	63,6605	
54,5	68,7299	54,5	65,7238	54,5	63,7346	54,5	68,7313	54,5	65,6744	54,5	63,6605	
54,664	68,7301	54,664	65,7242	54,664	63,7348	54,664	68,7315	54,664	65,6746	54,664	63,6605	
54,828	68,7296	54,828	65,7238	54,828	63,7345	54,828	68,7314	54,828	65,6746	54,828	63,6604	
54,9925	68,73	54,9925	65,7242	54,9925	63,7345	54,9925	68,7318	54,9925	65,6745	54,9925	63,6603	
55,1563	68,7283	55,1563	65,723	55,1563	63,735	55,1563	68,7317	55,1563	65,6749	55,1563	63,6605	
55,32	68,7298	55,32	65,7245	55,32	63,7346	55,32	68,7319	55,32	65,6749	55,32	63,6604	
55,484	68,7295	55,484	65,7244	55,484	63,7348	55,484	68,7313	55,484	65,6748	55,484	63,6603	
55,6486	68,7288	55,6486	65,7233	55,6486	63,7346	55,6486	68,7311	55,6486	65,6745	55,6486	63,6605	
55,8123	68,7306	55,8123	65,7246	55,8123	63,7348	55,8123	68,7321	55,8123	65,6749	55,8123	63,6603	
55,9761	68,7288	55,9761	65,724	55,9761	63,7347	55,9761	68,7306	55,9761	65,6748	55,9761	63,6605	
56,1398	68,7291	56,1398	65,7245	56,1398	63,7347	56,1398	68,7316	56,1398	65,6746	56,1398	63,6606	
56,3041	68,7305	56,3041	65,7245	56,3041	63,7347	56,3041	68,7319	56,3041	65,6749	56,3041	63,6603	
56,4683	68,7307	56,4683	65,7238	56,4683	63,7348	56,4683	68,732	56,4683	65,6749	56,4683	63,6605	
56,6321	68,7301	56,6321	65,7236	56,6321	63,735	56,6321	68,7319	56,6321	65,675	56,6321	63,6605	
56,7955	68,7293	56,7955	65,7238	56,7955	63,7349	56,7955	68,7301	56,7955	65,6753	56,7955	63,6605	
56,9593	68,7285	56,9593	65,7245	56,9593	63,7348	56,9593	68,7315	56,9593	65,6755	56,9593	63,6601	
57,124	68,7292	57,124	65,7236	57,124	63,7347	57,124	68,7321	57,124	65,6747	57,124	63,6602	
57,2882	68,7301	57,2882	65,7249	57,2882	63,735	57,2882	68,7318	57,2882	65,6747	57,2882	63,6602	
57,453	68,7302	57,453	65,7236	57,453	63,7349	57,453	68,7319	57,453	65,6746	57,453	63,6604	
57,6172	68,7304	57,6172	65,7239	57,6172	63,7346	57,6172	68,7311	57,6172	65,6746	57,6172	63,6605	
57,7816	68,7295	57,7816	65,7242	57,7816	63,735	57,7816	68,731	57,7816	65,6751	57,7816	63,6605	
57,9464	68,7293	57,9464	65,7242	57,9464	63,7349	57,9464	68,7317	57,9464	65,6747	57,9464	63,6602	
58,1109	68,7301	58,1109	65,7246	58,1109	63,7349	58,1109	68,7317	58,1109	65,6747	58,1109	63,6604	
58,2746	68,729	58,2746	65,7242	58,2746	63,7349	58,2746	68,7318	58,2746	65,6754	58,2746	63,6605	
58,4388	68,7291	58,4388	65,7247	58,4388	63,7347	58,4388	68,7312	58,4388	65,6744	58,4388	63,6605	
58,6036	68,7306	58,6036	65,7236	58,6036	63,735	58,6036	68,7315	58,6036	65,6751	58,6036	63,6605	
58,7673	68,7296	58,7673	65,7245	58,7673	63,7353	58,7673	68,7312	58,7673	65,6748	58,7673	63,6604	
58,9322	68,7296	58,9322	65,7239	58,9322	63,735	58,9322	68,7303	58,9322	65,6755	58,9322	63,6604	
59,0964	68,7293	59,0964	65,7243	59,0964	63,7349	59,0964	68,7322	59,0964	65,6754	59,0964	63,6602	
59,2604	68,7292	59,2604	65,724	59,2604	63,735	59,2604	68,7314	59,2604	65,6747	59,2604	63,6603	
59,4247	68,7288	59,4247	65,7238	59,4247	63,735	59,4247	68,7316	59,4247	65,6747	59,4247	63,6604	
59,5886	68,7306	59,5886	65,7247	59,5886	63,7352	59,5886	68,7306	59,5886	65,6752	59,5886	63,6603	
59,7521	68,7305	59,7521	65,7246	59,7521	63,735	59,7521	68,7321	59,7521	65,6752	59,7521	63,6604	
59,9156	68,7291	59,9156	65,7245	59,9156	63,7352	59,9156	68,7305	59,9156	65,6749	59,9156	63,6604	
60,0799	68,7293	60,0799	65,7239	60,0799	63,7348	60,0799	68,7304	60,0799	65,6751	60,0799	63,6604	
60,2439	68,7292	60,2439	65,7242	60,2439	63,7351	60,2439	68,7323	60,2439	65,6747	60,2439	63,6606	
60,4076	68,7288	60,4076	65,7238	60,4076	63,7351	60,4076	68,7306	60,4076	65,6749	60,4076	63,6604	
60,5726	68,7293	60,5726	65,7247	60,5726	63,735	60,5726	68,7317	60,5726	65,6749	60,5726	63,6603	
60,7364	68,7305	60,7364	65,7247	60,7364	63,7351	60,7364	68,7317	60,7364	65,6747	60,7364	63,6601	
60,901	68,7311	60,901	65,7238	60,901	63,7349	60,901	68,7316	60,901	65,6754	60,901	63,6604	
61,0647	68,7308	61,0647	65,7241	61,0647	63,7351	61,0647	68,7314	61,0647	65,6746	61,0647	63,6605	
61,2284	68,7285	61,2284	65,7241	61,2284	63,735	61,2284	68,7307	61,2284	65,6758	61,2284	63,6606	
61,3924	68,7298	61,3924	65,7248	61,3924	63,7348	61,3924	68,731	61,3924	65,6747	61,3924	63,6602	
61,5561	68,7289	61,5561	65,7239	61,5561	63,7351	61,5561	68,7302	61,5561	65,6754	61,5561	63,6605	
61,7198	68,73	61,7198	65,7249	61,7198	63,7351	61,7198	68,7299	61,7198	65,675	61,7198	63,6605	
61,8841	68,7309	61,8841	65,7244	61,8841	63,7349	61,8841	68,7319	61,8841	65,675	61,8841	63,6604	
62,049	68,7296	62,049	65,725	62,049	63,7349	62,049	68,7315	62,049	65,6751	62,049	63,6605	
62,213	68,7294	62,213	65,7246	62,213	63,7352	62,213	68,7316	62,213	65,6751	62,213	63,6604	
62,3764	68,7292	62,3764	65,7245	62,3764	63,735	62,3764	68,7319	62,3764	65,6749	62,3764	63,6605	
62,5401	68,73	62,5401	65,7247	62,5401	63,7351	62,5401	68,7324	62,5401	65,6749	62,5401	63,6604	
62,7041	68,7296	62,7041	65,7245	62,7041	63,7352	62,7041	68,7318	62,7041	65,6756	62,7041	63,6606	
62,8681	68,7304	62,8681	65,724	62,8681	63,7353	62,8681	68,7323	62,8681	65,6758	62,8681	63,6607	
63,0323	68,7314	63,0323	65,7247	63,0323	63,7353	63,0323	68,732	63,0323	65,6749	63,0323	63,6606	
63,1966	68,7302	63,1966	65,7246	63,1966	63,7355	63,1966	68,7322	63,1966	65,6752	63,1966	63,6606	
63,3611	68,7296	63,3611	65,7243	63,3611	63,7353	63,3611	68,7326	63,3611	65,6752	63,3611	63,6607	
63,5256	68,7306	63,5256	65,7247	63,5256	63,7356	63,5256	68,7322	63,5256	65,675	63,5256	63,6607	
63,6904	68,7312	63,6904	65,7244	63,6904	63,7353	63,6904	68,732	63,6904	65,6757	63,6904	63,6606	
63,8538	68,729	63,8538	65,7247	63,8538	63,7352	63,8538	68,7305	63,8538	65,6753	63,8538	63,6606	
64,0175	68,7306	64,0175	65,7246	64,0175	63,735	64,0175	68,7319	64,0175	65,6748	64,0175	63,6605	
64,1821	68,729	64,1821	65,7245	64,1821	63,7352	64,1821	68,7328	64,1821	65,6749	64,1821	63,6608	
64,3474	68,7305	64,3474	65,7243	64,3474	63,7355	64,3474	68,7312	64,3474	65,6755	64,3474	63,6609	
64,5111	68,7289	64,5111	65,7249	64,5111	63,7352	64,5111	68,7326	64,5111	65,6751	64,5111	63,6605	
64,6759	68,73	64,6759	65,7248	64,6759	63,735	64,6759	68,7313	64,6759	65,6751	64,6759	63,6606	
64,8393	68,7292	64,8393	65,7251	64,8393	63,735	64,8393	68,7315	64,8393	65,6747	64,8393	63,6605	
65,0031	68,7312	65,0031	65,7244	65,0031	63,7352	65,0031	68,7317	65,0031	65,6751	65,0031	63,6604	
65,1671	68,7309	65,1671	65,7245	65,1671	63,7354	65,1671	68,7324	65,1671	65,6751	65,1671	63,6605	
65,3311	68,7295	65,3311	65,7243	65,3311	63,7355	65,3311	68,7326	65,3311	65,6747	65,3311	63,6609	
65,4953	68,7301	65,4953	65,7242	65,4953	63,7352	65,4953	68,7322	65,4953	65,675	65,4953	63,6609	
65,6587	68,7299	65,6587	65,7246	65,6587	63,7351	65,6587	68,7313	65,6587	65,6751	65,6587	63,6605	
65,8222	68,7292	65,8222	65,7239	65,8222	63,7351	65,8222	68,7315	65,8222	65,6749	65,8222	63,6607	
65,9862	68,7314	65,9862	65,7236	65,9862	63,7352	65,9862	68,7319	65,9862	65,6748	65,9862	63,6607	
66,1507	68,7295	66,1507	65,7245	66,1507	63,735	66,1507	68,7326	66,1507	65,6753	66,1507	63,6604	
66,3144	68,7293	66,3144	65,7245	66,3144	63,735	66,3144	68,7324	66,3144	65,6752	66,3144	63,6604	
66,4781	68,729	66,4781	65,7241	66,4781	63,7349	66,4781	68,7322	66,4781	65,6746	66,4781	63,6602	
66,6421	68,7288	66,6421	65,7244	66,6421	63,7349	66,6421	68,7312	66,6421	65,6745	66,6421	63,6605	
66,8058	68,7295	66,8058	65,7246	66,8058	63,7352	66,8058	68,7321	66,8058	65,6749	66,8058	63,6605	
66,9696	68,7294	66,9696	65,7245	66,9696	63,7349	66,9696	68,732	66,9696	65,6748	66,9696	63,6604	
67,1341	68,7289	67,1341	65,7243	67,1341	63,7349	67,1341	68,7308	67,1341	65,6746	67,1341	63,6604	
67,2975	68,7291	67,2975	65,7247	67,2975	63,7352	67,2975	68,7307	67,2975	65,6748	67,2975	63,6606	
67,4613	68,73	67,4613	65,7246	67,4613	63,735	67,4613	68,7307	67,4613	65,6758	67,4613	63,6605	
67,6249	68,7303	67,6249	65,7246	67,6249	63,735	67,6249	68,7312	67,6249	65,6747	67,6249	63,6605	
67,7884	68,7293	67,7884	65,7244	67,7884	63,735	67,7884	68,7319	67,7884	65,6746	67,7884	63,6607	
67,9519	68,7294	67,9519	65,7237	67,9519	63,7349	67,9519	68,7311	67,9519	65,675	67,9519	63,6608	
68,1156	68,7314	68,1156	65,7245	68,1156	63,735	68,1156	68,7323	68,1156	65,6748	68,1156	63,6604	
68,2793	68,7298	68,2793	65,725	68,2793	63,7353	68,2793	68,7321	68,2793	65,6751	68,2793	63,6608	
68,443	68,7297	68,443	65,7248	68,443	63,7351	68,443	68,7321	68,443	65,6757	68,443	63,6605	
68,607	68,7286	68,607	65,7245	68,607	63,7352	68,607	68,732	68,607	65,6752	68,607	63,6606	
68,7704	68,7309	68,7704	65,7245	68,7704	63,7354	68,7704	68,7318	68,7704	65,6755	68,7704	63,6606	
68,9339	68,7303	68,9339	65,7248	68,9339	63,7354	68,9339	68,7315	68,9339	65,6749	68,9339	63,6607	
69,0973	68,7305	69,0973	65,7249	69,0973	63,7353	69,0973	68,7319	69,0973	65,6749	69,0973	63,6606	
69,2611	68,7306	69,2611	65,7249	69,2611	63,7351	69,2611	68,732	69,2611	65,6753	69,2611	63,6605	
69,4248	68,7294	69,4248	65,7243	69,4248	63,7351	69,4248	68,7309	69,4248	65,6749	69,4248	63,6604	
69,5885	68,7295	69,5885	65,7252	69,5885	63,7354	69,5885	68,7317	69,5885	65,6753	69,5885	63,6609	
69,752	68,7312	69,752	65,7243	69,752	63,7355	69,752	68,7317	69,752	65,6754	69,752	63,6608	
69,916	68,7291	69,916	65,7246	69,916	63,735	69,916	68,7314	69,916	65,6752	69,916	63,6605	
70,0799	68,7297	70,0799	65,7245	70,0799	63,7354	70,0799	68,7319	70,0799	65,6754	70,0799	63,6605	
70,2437	68,7299	70,2437	65,7249	70,2437	63,7354	70,2437	68,7311	70,2437	65,6755	70,2437	63,6606	
70,4074	68,729	70,4074	65,7243	70,4074	63,7352	70,4074	68,7316	70,4074	65,6754	70,4074	63,6606	
70,5711	68,7299	70,5711	65,7245	70,5711	63,7353	70,5711	68,7329	70,5711	65,6748	70,5711	63,6609	
70,7346	68,7335	70,7346	65,7259	70,7346	63,7363	70,7346	68,7306	70,7346	65,6747	70,7346	63,6608	
70,8986	68,768	70,8986	65,7437	70,8986	63,7453	70,8986	68,7314	70,8986	65,6751	70,8986	63,6605	
71,062	68,7951	71,062	65,764	71,062	63,7606	71,062	68,7322	71,062	65,6743	71,062	63,6604	
71,2255	68,8025	71,2255	65,7703	71,2255	63,7668	71,2255	68,7328	71,2255	65,6746	71,2255	63,6606	
71,3889	68,8058	71,3889	65,7736	71,3889	63,7701	71,3889	68,733	71,3889	65,6745	71,3889	63,6608	
71,5526	68,8082	71,5526	65,7772	71,5526	63,7729	71,5526	68,7325	71,5526	65,6755	71,5526	63,6607	
71,7161	68,8124	71,7161	65,7789	71,7161	63,7742	71,7161	68,7314	71,7161	65,6748	71,7161	63,6602	
71,8799	68,8145	71,8799	65,7803	71,8799	63,7759	71,8799	68,7323	71,8799	65,6758	71,8799	63,6606	
72,0441	68,8153	72,0441	65,7812	72,0441	63,7765	72,0441	68,7316	72,0441	65,6756	72,0441	63,6607	
72,2081	68,8161	72,2081	65,7817	72,2081	63,7774	72,2081	68,7323	72,2081	65,6752	72,2081	63,6606	
72,3718	68,8152	72,3718	65,7827	72,3718	63,7778	72,3718	68,7303	72,3718	65,6749	72,3718	63,6606	
72,5359	68,8171	72,5359	65,7829	72,5359	63,7784	72,5359	68,7312	72,5359	65,675	72,5359	63,6607	
72,7001	68,8174	72,7001	65,783	72,7001	63,7784	72,7001	68,7316	72,7001	65,6753	72,7001	63,6605	
72,8639	68,8169	72,8639	65,7832	72,8639	63,7785	72,8639	68,7315	72,8639	65,6747	72,8639	63,6608	
73,0279	68,8177	73,0279	65,784	73,0279	63,7785	73,0279	68,7311	73,0279	65,675	73,0279	63,6607	
73,1919	68,8164	73,1919	65,7837	73,1919	63,7785	73,1919	68,732	73,1919	65,6744	73,1919	63,6606	
73,3556	68,818	73,3556	65,7839	73,3556	63,779	73,3556	68,7317	73,3556	65,6745	73,3556	63,6607	
73,5196	68,818	73,5196	65,7841	73,5196	63,7788	73,5196	68,7303	73,5196	65,6751	73,5196	63,6605	
73,6833	68,8183	73,6833	65,7834	73,6833	63,7787	73,6833	68,7304	73,6833	65,6749	73,6833	63,6607	
73,8468	68,8167	73,8468	65,7837	73,8468	63,7789	73,8468	68,7323	73,8468	65,6747	73,8468	63,6606	
74,0105	68,8184	74,0105	65,7831	74,0105	63,7787	74,0105	68,7316	74,0105	65,6753	74,0105	63,6605	
74,1745	68,8178	74,1745	65,7839	74,1745	63,7786	74,1745	68,7325	74,1745	65,6744	74,1745	63,6604	
74,3385	68,8178	74,3385	65,7841	74,3385	63,7788	74,3385	68,7317	74,3385	65,6746	74,3385	63,6608	
74,5025	68,818	74,5025	65,7831	74,5025	63,7786	74,5025	68,7316	74,5025	65,6747	74,5025	63,6606	
74,6665	68,8182	74,6665	65,7831	74,6665	63,7789	74,6665	68,7315	74,6665	65,6745	74,6665	63,6606	
74,8307	68,8181	74,8307	65,7832	74,8307	63,7785	74,8307	68,7309	74,8307	65,6753	74,8307	63,6605	
74,9944	68,8183	74,9944	65,7835	74,9944	63,7785	74,9944	68,732	74,9944	65,6755	74,9944	63,6604	
75,1581	68,8181	75,1581	65,7836	75,1581	63,7788	75,1581	68,7316	75,1581	65,6754	75,1581	63,6605	
75,3221	68,8177	75,3221	65,7832	75,3221	63,7787	75,3221	68,732	75,3221	65,6748	75,3221	63,6605	
75,4863	68,8161	75,4863	65,784	75,4863	63,7787	75,4863	68,7324	75,4863	65,6755	75,4863	63,6606	
75,6503	68,8194	75,6503	65,7836	75,6503	63,7789	75,6503	68,7314	75,6503	65,6745	75,6503	63,6608	
75,8146	68,817	75,8146	65,7837	75,8146	63,7788	75,8146	68,7324	75,8146	65,6749	75,8146	63,6607	
75,9783	68,8181	75,9783	65,7841	75,9783	63,7787	75,9783	68,7326	75,9783	65,6748	75,9783	63,6606	
76,1423	68,8184	76,1423	65,7843	76,1423	63,7789	76,1423	68,7323	76,1423	65,6746	76,1423	63,6606	
76,3063	68,8184	76,3063	65,7832	76,3063	63,7788	76,3063	68,7313	76,3063	65,6747	76,3063	63,6605	
76,4708	68,818	76,4708	65,7834	76,4708	63,7786	76,4708	68,7327	76,4708	65,6747	76,4708	63,6606	
76,6345	68,8169	76,6345	65,7833	76,6345	63,7784	76,6345	68,7309	76,6345	65,6746	76,6345	63,6606	
76,7982	68,8177	76,7982	65,7827	76,7982	63,7784	76,7982	68,7324	76,7982	65,6748	76,7982	63,6606	
76,9619	68,8171	76,9619	65,783	76,9619	63,7779	76,9619	68,7315	76,9619	65,6745	76,9619	63,6604	
77,1256	68,815	77,1256	65,7823	77,1256	63,7777	77,1256	68,732	77,1256	65,6747	77,1256	63,6605	
77,2894	68,8171	77,2894	65,7824	77,2894	63,7772	77,2894	68,7309	77,2894	65,6745	77,2894	63,6607	
77,4537	68,8163	77,4537	65,7817	77,4537	63,7771	77,4537	68,7312	77,4537	65,675	77,4537	63,6605	
77,6182	68,8157	77,6182	65,7812	77,6182	63,777	77,6182	68,7319	77,6182	65,675	77,6182	63,6605	
77,7819	68,8154	77,7819	65,7815	77,7819	63,7762	77,7819	68,7316	77,7819	65,6745	77,7819	63,6603	
77,9454	68,8152	77,9454	65,7813	77,9454	63,7758	77,9454	68,7319	77,9454	65,676	77,9454	63,6605	
78,1091	68,8142	78,1091	65,7804	78,1091	63,7757	78,1091	68,7317	78,1091	65,6756	78,1091	63,6605	
78,2726	68,8135	78,2726	65,7797	78,2726	63,7752	78,2726	68,7311	78,2726	65,6748	78,2726	63,6604	
78,4363	68,8133	78,4363	65,7805	78,4363	63,7745	78,4363	68,732	78,4363	65,6744	78,4363	63,6603	
78,6003	68,813	78,6003	65,7787	78,6003	63,7743	78,6003	68,7325	78,6003	65,6743	78,6003	63,6604	
78,7638	68,8108	78,7638	65,7776	78,7638	63,7729	78,7638	68,7318	78,7638	65,6745	78,7638	63,6604	
78,928	68,8053	78,928	65,7736	78,928	63,7692	78,928	68,7318	78,928	65,6747	78,928	63,6605	
79,092	68,802	79,092	65,7708	79,092	63,7664	79,092	68,7318	79,092	65,6746	79,092	63,6605	
79,2561	68,7986	79,2561	65,7674	79,2561	63,7639	79,2561	68,732	79,2561	65,6751	79,2561	63,6606	
79,4203	68,7947	79,4203	65,7637	79,4203	63,761	79,4203	68,7321	79,4203	65,6756	79,4203	63,6606	
79,5846	68,7911	79,5846	65,7613	79,5846	63,7584	79,5846	68,7324	79,5846	65,6757	79,5846	63,6605	
79,7486	68,7794	79,7486	65,7548	79,7486	63,7539	79,7486	68,732	79,7486	65,6749	79,7486	63,6605	
79,912	68,7487	79,912	65,7376	79,912	63,7436	79,912	68,7316	79,912	65,6751	79,912	63,6604	
80,0762	68,7359	80,0762	65,7279	80,0762	63,7375	80,0762	68,7322	80,0762	65,6752	80,0762	63,6603	
80,2406	68,732	80,2406	65,7254	80,2406	63,7357	80,2406	68,7305	80,2406	65,6745	80,2406	63,6604	
80,4046	68,73	80,4046	65,7237	80,4046	63,7351	80,4046	68,7326	80,4046	65,6745	80,4046	63,6605	
80,5692	68,7304	80,5692	65,7243	80,5692	63,7347	80,5692	68,7324	80,5692	65,6742	80,5692	63,6605	
80,7329	68,7284	80,7329	65,7247	80,7329	63,7349	80,7329	68,7326	80,7329	65,6756	80,7329	63,6605	
80,8974	68,7296	80,8974	65,7249	80,8974	63,7346	80,8974	68,7317	80,8974	65,6751	80,8974	63,6604	
81,062	68,7284	81,062	65,7236	81,062	63,7347	81,062	68,7318	81,062	65,6758	81,062	63,6605	
81,2262	68,729	81,2262	65,7242	81,2262	63,7345	81,2262	68,7322	81,2262	65,6749	81,2262	63,6604	
81,3904	68,7288	81,3904	65,7232	81,3904	63,7347	81,3904	68,7327	81,3904	65,6748	81,3904	63,6605	
81,5547	68,7299	81,5547	65,7237	81,5547	63,7346	81,5547	68,7306	81,5547	65,6741	81,5547	63,6604	
81,7187	68,7293	81,7187	65,7242	81,7187	63,7345	81,7187	68,7322	81,7187	65,6748	81,7187	63,6603	
81,8829	68,7305	81,8829	65,7236	81,8829	63,7347	81,8829	68,7314	81,8829	65,6755	81,8829	63,6607	
82,0469	68,7295	82,0469	65,7235	82,0469	63,7348	82,0469	68,7316	82,0469	65,6754	82,0469	63,6605	
82,2106	68,73	82,2106	65,7239	82,2106	63,7346	82,2106	68,732	82,2106	65,6748	82,2106	63,6603	
82,3746	68,7288	82,3746	65,7242	82,3746	63,7348	82,3746	68,7314	82,3746	65,6749	82,3746	63,6606	
82,5388	68,7302	82,5388	65,7235	82,5388	63,7348	82,5388	68,732	82,5388	65,675	82,5388	63,6606	
82,7037	68,7292	82,7037	65,7234	82,7037	63,7347	82,7037	68,7309	82,7037	65,6755	82,7037	63,6604	
82,8679	68,7299	82,8679	65,7238	82,8679	63,7346	82,8679	68,7322	82,8679	65,6748	82,8679	63,6604	
83,0324	68,7294	83,0324	65,7233	83,0324	63,7348	83,0324	68,7314	83,0324	65,6754	83,0324	63,6604	
83,1962	68,7286	83,1962	65,7236	83,1962	63,7347	83,1962	68,7322	83,1962	65,6745	83,1962	63,6606	
83,3599	68,7288	83,3599	65,7231	83,3599	63,7348	83,3599	68,7319	83,3599	65,6753	83,3599	63,6605	
83,5237	68,7302	83,5237	65,7238	83,5237	63,7346	83,5237	68,7319	83,5237	65,6749	83,5237	63,6604	
83,6876	68,7288	83,6876	65,7245	83,6876	63,7345	83,6876	68,7308	83,6876	65,6754	83,6876	63,6603	
83,8517	68,7279	83,8517	65,7238	83,8517	63,7346	83,8517	68,7308	83,8517	65,6756	83,8517	63,6605	
84,0157	68,7278	84,0157	65,7237	84,0157	63,7346	84,0157	68,7318	84,0157	65,6746	84,0157	63,6604	
84,1797	68,7278	84,1797	65,723	84,1797	63,7344	84,1797	68,7318	84,1797	65,6744	84,1797	63,6604	
84,3434	68,7295	84,3434	65,7228	84,3434	63,7345	84,3434	68,7333	84,3434	65,6746	84,3434	63,6604	
84,5074	68,728	84,5074	65,7236	84,5074	63,7347	84,5074	68,7319	84,5074	65,6747	84,5074	63,6605	
84,6711	68,728	84,6711	65,7235	84,6711	63,7344	84,6711	68,7311	84,6711	65,6755	84,6711	63,6601	
84,8357	68,7285	84,8357	65,7237	84,8357	63,7346	84,8357	68,7321	84,8357	65,6749	84,8357	63,6603	
85	68,7282	85	65,7235	85	63,7344	85	68,7322	85	65,6742	85	63,6603	
85,1643	68,7286	85,1643	65,7232	85,1643	63,7344	85,1643	68,7318	85,1643	65,6744	85,1643	63,6604	
85,3282	68,7283	85,3282	65,7239	85,3282	63,7343	85,3282	68,7322	85,3282	65,674	85,3282	63,6603	
85,4922	68,728	85,4922	65,7237	85,4922	63,7344	85,4922	68,7317	85,4922	65,6744	85,4922	63,6605	
85,6565	68,7276	85,6565	65,7237	85,6565	63,7344	85,6565	68,7303	85,6565	65,6744	85,6565	63,6604	
85,821	68,7284	85,821	65,7224	85,821	63,7344	85,821	68,7325	85,821	65,6744	85,821	63,6601	
85,9853	68,7283	85,9853	65,7238	85,9853	63,7347	85,9853	68,7311	85,9853	65,6755	85,9853	63,6603	
86,1496	68,7283	86,1496	65,7242	86,1496	63,7346	86,1496	68,7324	86,1496	65,675	86,1496	63,6603	
86,3138	68,729	86,3138	65,723	86,3138	63,7346	86,3138	68,7321	86,3138	65,6747	86,3138	63,6604	
86,4781	68,7284	86,4781	65,7237	86,4781	63,7346	86,4781	68,7315	86,4781	65,6749	86,4781	63,6601	
86,6418	68,7285	86,6418	65,7238	86,6418	63,7343	86,6418	68,7315	86,6418	65,675	86,6418	63,6603	
86,8053	68,728	86,8053	65,7236	86,8053	63,7343	86,8053	68,7315	86,8053	65,675	86,8053	63,6602	
86,9695	68,7286	86,9695	65,7241	86,9695	63,7344	86,9695	68,7303	86,9695	65,675	86,9695	63,6603	
87,1332	68,7284	87,1332	65,7235	87,1332	63,7349	87,1332	68,7321	87,1332	65,6758	87,1332	63,6604	
87,2969	68,7281	87,2969	65,7237	87,2969	63,7345	87,2969	68,7309	87,2969	65,6753	87,2969	63,6605	
87,4612	68,7303	87,4612	65,7241	87,4612	63,7345	87,4612	68,7312	87,4612	65,6751	87,4612	63,6604	
87,626	68,7287	87,626	65,7235	87,626	63,7341	87,626	68,7327	87,626	65,6746	87,626	63,6603	
87,79	68,7288	87,79	65,7238	87,79	63,7344	87,79	68,7327	87,79	65,6749	87,79	63,6605	
87,9537	68,729	87,9537	65,7235	87,9537	63,7346	87,9537	68,7314	87,9537	65,6755	87,9537	63,6603	
88,118	68,7297	88,118	65,7244	88,118	63,7347	88,118	68,7322	88,118	65,6754	88,118	63,6603	
88,2819	68,7286	88,2819	65,7233	88,2819	63,7344	88,2819	68,7325	88,2819	65,6751	88,2819	63,6604	
88,4462	68,729	88,4462	65,7241	88,4462	63,7348	88,4462	68,7322	88,4462	65,6752	88,4462	63,6604	
88,6107	68,7297	88,6107	65,7245	88,6107	63,7343	88,6107	68,7326	88,6107	65,6755	88,6107	63,6601	
88,7747	68,7282	88,7747	65,7243	88,7747	63,7346	88,7747	68,7319	88,7747	65,675	88,7747	63,6604	
88,9387	68,7281	88,9387	65,7229	88,9387	63,7346	88,9387	68,7315	88,9387	65,6749	88,9387	63,6605	
89,1021	68,7282	89,1021	65,7239	89,1021	63,7346	89,1021	68,7313	89,1021	65,6751	89,1021	63,6607	
89,2667	68,7285	89,2667	65,724	89,2667	63,7346	89,2667	68,7322	89,2667	65,6756	89,2667	63,6603	
89,4306	68,7296	89,4306	65,7242	89,4306	63,7348	89,4306	68,732	89,4306	65,6747	89,4306	63,6605	
89,5947	68,7285	89,5947	65,7242	89,5947	63,7347	89,5947	68,7317	89,5947	65,6753	89,5947	63,6604	
89,7589	68,7301	89,7589	65,7236	89,7589	63,7347	89,7589	68,7324	89,7589	65,6756	89,7589	63,6606	
89,9229	68,7288	89,9229	65,7233	89,9229	63,7347	89,9229	68,7331	89,9229	65,6756	89,9229	63,6604	
90,0869	68,7287	90,0869	65,7234	90,0869	63,7346	90,0869	68,7309	90,0869	65,6747	90,0869	63,6605	
