Time (min) - L1 670nm	 - L1 670nm	Time (min) - L2 785nm	 - L2 785nm	Time (min) - L3 980nm	 - L3 980nm	Time (min) - L5 670nm	 - L5 670nm	Time (min) - L6 785nm	 - L6 785nm	Time (min) - L7 980nm	 - L7 980nm	
0,173833	68,7229	0,173833	65,7204	0,173833	63,7355	0,173833	68,7328	0,173833	65,677	0,173833	63,6635	
0,337267	68,7233	0,337267	65,7207	0,337267	63,7346	0,337267	68,732	0,337267	65,6761	0,337267	63,6628	
0,50125	68,7227	0,50125	65,7199	0,50125	63,7344	0,50125	68,7316	0,50125	65,675	0,50125	63,6625	
0,665217	68,7216	0,665217	65,7196	0,665217	63,7338	0,665217	68,7309	0,665217	65,6751	0,665217	63,662	
0,830033	68,721	0,830033	65,7196	0,830033	63,7339	0,830033	68,7296	0,830033	65,675	0,830033	63,6618	
0,994283	68,7205	0,994283	65,7193	0,994283	63,7337	0,994283	68,7304	0,994283	65,6741	0,994283	63,6615	
1,15802	68,7204	1,15802	65,7184	1,15802	63,7333	1,15802	68,7298	1,15802	65,6747	1,15802	63,6615	
1,32257	68,7203	1,32257	65,7188	1,32257	63,7334	1,32257	68,7288	1,32257	65,674	1,32257	63,6611	
1,48655	68,7208	1,48655	65,7184	1,48655	63,7332	1,48655	68,7298	1,48655	65,6738	1,48655	63,6609	
1,65028	68,7199	1,65028	65,7188	1,65028	63,733	1,65028	68,7294	1,65028	65,6739	1,65028	63,6609	
1,81485	68,7204	1,81485	65,7182	1,81485	63,7332	1,81485	68,7291	1,81485	65,6736	1,81485	63,6611	
1,9796	68,7206	1,9796	65,7179	1,9796	63,7327	1,9796	68,7289	1,9796	65,6729	1,9796	63,6605	
2,1433	68,7204	2,1433	65,7189	2,1433	63,7327	2,1433	68,7287	2,1433	65,673	2,1433	63,6606	
2,30758	68,7203	2,30758	65,7181	2,30758	63,7328	2,30758	68,7288	2,30758	65,6732	2,30758	63,6607	
2,47212	68,7199	2,47212	65,7181	2,47212	63,7326	2,47212	68,7287	2,47212	65,6728	2,47212	63,6603	
2,63663	68,7193	2,63663	65,7178	2,63663	63,7322	2,63663	68,7285	2,63663	65,6726	2,63663	63,6601	
2,80172	68,7192	2,80172	65,718	2,80172	63,7322	2,80172	68,7286	2,80172	65,6733	2,80172	63,6603	
2,96593	68,7202	2,96593	65,7178	2,96593	63,7325	2,96593	68,7282	2,96593	65,6728	2,96593	63,6601	
3,13047	68,7198	3,13047	65,7178	3,13047	63,7324	3,13047	68,7283	3,13047	65,673	3,13047	63,6599	
3,29443	68,7193	3,29443	65,7178	3,29443	63,7322	3,29443	68,7283	3,29443	65,6732	3,29443	63,6602	
3,45817	68,7191	3,45817	65,7179	3,45817	63,7321	3,45817	68,7278	3,45817	65,6726	3,45817	63,6596	
3,62212	68,7187	3,62212	65,7171	3,62212	63,7321	3,62212	68,7283	3,62212	65,6732	3,62212	63,6599	
3,78638	68,7189	3,78638	65,7176	3,78638	63,732	3,78638	68,727	3,78638	65,6731	3,78638	63,6599	
3,95085	68,7187	3,95085	65,7175	3,95085	63,7321	3,95085	68,7277	3,95085	65,6726	3,95085	63,6601	
4,11482	68,7196	4,11482	65,7184	4,11482	63,7318	4,11482	68,7285	4,11482	65,6726	4,11482	63,6599	
4,27853	68,719	4,27853	65,7178	4,27853	63,7321	4,27853	68,7284	4,27853	65,6729	4,27853	63,66	
4,44227	68,7196	4,44227	65,7172	4,44227	63,7319	4,44227	68,7281	4,44227	65,6732	4,44227	63,6598	
4,6068	68,7196	4,6068	65,7174	4,6068	63,7317	4,6068	68,7285	4,6068	65,6725	4,6068	63,6596	
4,77105	68,7194	4,77105	65,7175	4,77105	63,7319	4,77105	68,728	4,77105	65,6724	4,77105	63,6598	
4,9353	68,7192	4,9353	65,718	4,9353	63,7319	4,9353	68,7277	4,9353	65,6731	4,9353	63,6598	
5,09953	68,7191	5,09953	65,7176	5,09953	63,7319	5,09953	68,7281	5,09953	65,6733	5,09953	63,6596	
5,2635	68,7183	5,2635	65,7178	5,2635	63,7318	5,2635	68,7282	5,2635	65,6725	5,2635	63,6597	
5,42722	68,719	5,42722	65,7184	5,42722	63,7316	5,42722	68,7287	5,42722	65,6724	5,42722	63,6592	
5,59177	68,7186	5,59177	65,7178	5,59177	63,7321	5,59177	68,7274	5,59177	65,6719	5,59177	63,6598	
5,75603	68,7186	5,75603	65,7174	5,75603	63,7317	5,75603	68,728	5,75603	65,6726	5,75603	63,6598	
5,92028	68,7203	5,92028	65,7181	5,92028	63,7313	5,92028	68,7267	5,92028	65,6727	5,92028	63,6596	
6,084	68,7191	6,084	65,7172	6,084	63,7319	6,084	68,7268	6,084	65,6721	6,084	63,6599	
6,24853	68,7194	6,24853	65,7181	6,24853	63,7317	6,24853	68,7278	6,24853	65,6724	6,24853	63,6597	
6,41308	68,7183	6,41308	65,7182	6,41308	63,7322	6,41308	68,7279	6,41308	65,6731	6,41308	63,6597	
6,57787	68,7201	6,57787	65,7181	6,57787	63,7318	6,57787	68,7276	6,57787	65,6727	6,57787	63,6596	
6,7421	68,7189	6,7421	65,7179	6,7421	63,7323	6,7421	68,7283	6,7421	65,673	6,7421	63,6599	
6,90658	68,7196	6,90658	65,7176	6,90658	63,7319	6,90658	68,7277	6,90658	65,6727	6,90658	63,6597	
7,07178	68,7197	7,07178	65,7175	7,07178	63,7321	7,07178	68,7283	7,07178	65,672	7,07178	63,6599	
7,23655	68,7192	7,23655	65,7175	7,23655	63,7319	7,23655	68,728	7,23655	65,6723	7,23655	63,6595	
7,4008	68,7189	7,4008	65,7171	7,4008	63,7319	7,4008	68,7276	7,4008	65,672	7,4008	63,6598	
7,56455	68,7188	7,56455	65,7176	7,56455	63,7317	7,56455	68,7285	7,56455	65,6723	7,56455	63,6595	
7,72853	68,7207	7,72853	65,7177	7,72853	63,7319	7,72853	68,728	7,72853	65,6731	7,72853	63,6596	
7,89303	68,7204	7,89303	65,7176	7,89303	63,7319	7,89303	68,7285	7,89303	65,6727	7,89303	63,6598	
8,05675	68,7195	8,05675	65,7183	8,05675	63,732	8,05675	68,7279	8,05675	65,6722	8,05675	63,6595	
8,22127	68,7189	8,22127	65,7179	8,22127	63,7319	8,22127	68,7285	8,22127	65,6723	8,22127	63,6597	
8,38528	68,7192	8,38528	65,7179	8,38528	63,732	8,38528	68,728	8,38528	65,6731	8,38528	63,6595	
8,54928	68,719	8,54928	65,7178	8,54928	63,7317	8,54928	68,7283	8,54928	65,6723	8,54928	63,6596	
8,71387	68,7188	8,71387	65,718	8,71387	63,7319	8,71387	68,7277	8,71387	65,6731	8,71387	63,6597	
8,87808	68,7188	8,87808	65,7176	8,87808	63,7316	8,87808	68,7276	8,87808	65,6727	8,87808	63,6594	
9,04153	68,7192	9,04153	65,7175	9,04153	63,7317	9,04153	68,7275	9,04153	65,6722	9,04153	63,6591	
9,20552	68,7202	9,20552	65,7173	9,20552	63,7317	9,20552	68,7272	9,20552	65,6723	9,20552	63,6595	
9,36922	68,7192	9,36922	65,7171	9,36922	63,7316	9,36922	68,7274	9,36922	65,6718	9,36922	63,6594	
9,53295	68,7194	9,53295	65,7171	9,53295	63,7319	9,53295	68,728	9,53295	65,6722	9,53295	63,6596	
9,69773	68,7188	9,69773	65,7178	9,69773	63,7319	9,69773	68,7273	9,69773	65,6722	9,69773	63,6593	
9,86225	68,7192	9,86225	65,7179	9,86225	63,7317	9,86225	68,7279	9,86225	65,6724	9,86225	63,6594	
10,0273	68,7187	10,0273	65,7179	10,0273	63,7318	10,0273	68,7266	10,0273	65,6725	10,0273	63,6595	
10,1913	68,7186	10,1913	65,7178	10,1913	63,7315	10,1913	68,7276	10,1913	65,6729	10,1913	63,6589	
10,3553	68,7192	10,3553	65,717	10,3553	63,7315	10,3553	68,7274	10,3553	65,6716	10,3553	63,6594	
10,519	68,7191	10,519	65,7176	10,519	63,7313	10,519	68,7282	10,519	65,6723	10,519	63,6592	
10,683	68,7202	10,683	65,7173	10,683	63,7316	10,683	68,7275	10,683	65,6721	10,683	63,6594	
10,8475	68,719	10,8475	65,7176	10,8475	63,7316	10,8475	68,7281	10,8475	65,6722	10,8475	63,6593	
11,0123	68,7187	11,0123	65,7175	11,0123	63,7316	11,0123	68,7274	11,0123	65,6723	11,0123	63,6594	
11,1761	68,7202	11,1761	65,7173	11,1761	63,7314	11,1761	68,7277	11,1761	65,673	11,1761	63,6593	
11,3409	68,719	11,3409	65,7172	11,3409	63,7318	11,3409	68,7269	11,3409	65,6726	11,3409	63,6593	
11,5049	68,7194	11,5049	65,7178	11,5049	63,7317	11,5049	68,7268	11,5049	65,6725	11,5049	63,6593	
11,6686	68,7201	11,6686	65,718	11,6686	63,7317	11,6686	68,7276	11,6686	65,6723	11,6686	63,6593	
11,8326	68,7198	11,8326	65,7177	11,8326	63,7319	11,8326	68,7271	11,8326	65,6719	11,8326	63,6594	
11,9971	68,7178	11,9971	65,7182	11,9971	63,7318	11,9971	68,7269	11,9971	65,6727	11,9971	63,6595	
12,1608	68,7206	12,1608	65,7176	12,1608	63,7316	12,1608	68,7274	12,1608	65,673	12,1608	63,6591	
12,3248	68,7202	12,3248	65,7174	12,3248	63,7318	12,3248	68,7272	12,3248	65,6723	12,3248	63,6595	
12,4882	68,7201	12,4882	65,7175	12,4882	63,7315	12,4882	68,7271	12,4882	65,6724	12,4882	63,6592	
12,6522	68,7184	12,6522	65,7182	12,6522	63,7315	12,6522	68,7274	12,6522	65,6724	12,6522	63,6593	
12,8167	68,7193	12,8167	65,7177	12,8167	63,7317	12,8167	68,7279	12,8167	65,6727	12,8167	63,6592	
12,9816	68,7206	12,9816	65,7183	12,9816	63,7315	12,9816	68,7279	12,9816	65,6723	12,9816	63,6594	
13,1455	68,7196	13,1455	65,7176	13,1455	63,7318	13,1455	68,7279	13,1455	65,6724	13,1455	63,6595	
13,3101	68,7194	13,3101	65,7178	13,3101	63,7316	13,3101	68,7279	13,3101	65,6726	13,3101	63,6595	
13,4741	68,7204	13,4741	65,7176	13,4741	63,7319	13,4741	68,7275	13,4741	65,6721	13,4741	63,6597	
13,6382	68,7193	13,6382	65,7173	13,6382	63,7315	13,6382	68,7276	13,6382	65,672	13,6382	63,6594	
13,8023	68,7191	13,8023	65,7177	13,8023	63,7314	13,8023	68,7277	13,8023	65,6723	13,8023	63,6591	
13,9665	68,7195	13,9665	65,7176	13,9665	63,7314	13,9665	68,7279	13,9665	65,6724	13,9665	63,6591	
14,1305	68,7196	14,1305	65,7178	14,1305	63,7318	14,1305	68,7271	14,1305	65,6729	14,1305	63,6591	
14,2942	68,7198	14,2942	65,7181	14,2942	63,7315	14,2942	68,7271	14,2942	65,6723	14,2942	63,6591	
14,4577	68,7192	14,4577	65,7176	14,4577	63,7318	14,4577	68,7281	14,4577	65,6723	14,4577	63,6595	
14,6217	68,721	14,6217	65,7175	14,6217	63,7319	14,6217	68,7282	14,6217	65,6719	14,6217	63,6594	
14,7854	68,7197	14,7854	65,7188	14,7854	63,7314	14,7854	68,7273	14,7854	65,6731	14,7854	63,6593	
14,9489	68,7199	14,9489	65,7181	14,9489	63,7315	14,9489	68,7276	14,9489	65,6724	14,9489	63,6593	
15,1128	68,7188	15,1128	65,718	15,1128	63,7317	15,1128	68,728	15,1128	65,6727	15,1128	63,6592	
15,2774	68,7199	15,2774	65,7179	15,2774	63,7316	15,2774	68,7279	15,2774	65,6722	15,2774	63,6593	
15,4419	68,7191	15,4419	65,7178	15,4419	63,7316	15,4419	68,7274	15,4419	65,6721	15,4419	63,6591	
15,6056	68,7189	15,6056	65,7172	15,6056	63,7316	15,6056	68,7272	15,6056	65,6718	15,6056	63,659	
15,7696	68,7196	15,7696	65,7172	15,7696	63,7316	15,7696	68,7279	15,7696	65,6721	15,7696	63,6593	
15,9341	68,7187	15,9341	65,7173	15,9341	63,7316	15,9341	68,7279	15,9341	65,6717	15,9341	63,6592	
16,0978	68,7195	16,0978	65,7177	16,0978	63,7313	16,0978	68,7271	16,0978	65,6723	16,0978	63,659	
16,2618	68,7195	16,2618	65,7182	16,2618	63,7316	16,2618	68,7277	16,2618	65,6723	16,2618	63,6592	
16,4258	68,7195	16,4258	65,7182	16,4258	63,7315	16,4258	68,7283	16,4258	65,6725	16,4258	63,6593	
16,5895	68,721	16,5895	65,7177	16,5895	63,7316	16,5895	68,7286	16,5895	65,6722	16,5895	63,6592	
16,7537	68,7193	16,7537	65,7178	16,7537	63,7316	16,7537	68,728	16,7537	65,6724	16,7537	63,6593	
16,918	68,7196	16,918	65,7175	16,918	63,7312	16,918	68,7263	16,918	65,6724	16,918	63,6591	
17,0814	68,7192	17,0814	65,7173	17,0814	63,7315	17,0814	68,7273	17,0814	65,6721	17,0814	63,6593	
17,2459	68,7196	17,2459	65,7178	17,2459	63,7315	17,2459	68,7278	17,2459	65,6723	17,2459	63,6593	
17,4101	68,7198	17,4101	65,7175	17,4101	63,7316	17,4101	68,7278	17,4101	65,6719	17,4101	63,6592	
17,5739	68,7188	17,5739	65,7179	17,5739	63,7315	17,5739	68,7272	17,5739	65,6718	17,5739	63,659	
17,7378	68,7201	17,7378	65,7176	17,7378	63,7313	17,7378	68,7287	17,7378	65,6725	17,7378	63,6591	
17,9018	68,7197	17,9018	65,7176	17,9018	63,7314	17,9018	68,7271	17,9018	65,6721	17,9018	63,6592	
18,0653	68,7197	18,0653	65,7175	18,0653	63,7313	18,0653	68,7275	18,0653	65,6722	18,0653	63,6591	
18,2298	68,721	18,2298	65,718	18,2298	63,7313	18,2298	68,7284	18,2298	65,672	18,2298	63,6591	
18,3935	68,7195	18,3935	65,718	18,3935	63,7315	18,3935	68,7272	18,3935	65,6723	18,3935	63,6595	
18,5575	68,7191	18,5575	65,7183	18,5575	63,7318	18,5575	68,728	18,5575	65,6722	18,5575	63,6591	
18,7212	68,7195	18,7212	65,7175	18,7212	63,7315	18,7212	68,728	18,7212	65,6726	18,7212	63,6592	
18,8849	68,7208	18,8849	65,718	18,8849	63,7319	18,8849	68,7276	18,8849	65,6727	18,8849	63,6592	
19,0484	68,7219	19,0484	65,719	19,0484	63,7329	19,0484	68,728	19,0484	65,6717	19,0484	63,6592	
19,2125	68,7244	19,2125	65,7216	19,2125	63,7349	19,2125	68,7271	19,2125	65,6716	19,2125	63,6592	
19,3765	68,7255	19,3765	65,7222	19,3765	63,736	19,3765	68,7274	19,3765	65,6721	19,3765	63,6589	
19,5407	68,7264	19,5407	65,7235	19,5407	63,7369	19,5407	68,7265	19,5407	65,6718	19,5407	63,6592	
19,7048	68,7265	19,7048	65,7236	19,7048	63,7373	19,7048	68,7276	19,7048	65,6723	19,7048	63,6591	
19,8688	68,7271	19,8688	65,7244	19,8688	63,7372	19,8688	68,7267	19,8688	65,6724	19,8688	63,6592	
20,0325	68,7269	20,0325	65,7238	20,0325	63,7375	20,0325	68,727	20,0325	65,673	20,0325	63,6592	
20,1962	68,7266	20,1962	65,7243	20,1962	63,7373	20,1962	68,7277	20,1962	65,672	20,1962	63,6592	
20,3596	68,726	20,3596	65,7236	20,3596	63,7368	20,3596	68,7271	20,3596	65,6729	20,3596	63,659	
20,5233	68,7285	20,5233	65,7235	20,5233	63,7373	20,5233	68,7257	20,5233	65,6726	20,5233	63,6589	
20,6871	68,7284	20,6871	65,724	20,6871	63,7371	20,6871	68,7275	20,6871	65,6719	20,6871	63,6588	
20,851	68,7271	20,851	65,7238	20,851	63,7371	20,851	68,7273	20,851	65,6726	20,851	63,659	
21,0153	68,7277	21,0153	65,7239	21,0153	63,7369	21,0153	68,7269	21,0153	65,6718	21,0153	63,6589	
21,179	68,7267	21,179	65,7245	21,179	63,7371	21,179	68,7275	21,179	65,6718	21,179	63,659	
21,3425	68,7277	21,3425	65,7243	21,3425	63,7376	21,3425	68,7277	21,3425	65,6722	21,3425	63,6592	
21,5062	68,727	21,5062	65,7244	21,5062	63,7372	21,5062	68,7272	21,5062	65,6728	21,5062	63,6591	
21,6699	68,7268	21,6699	65,7244	21,6699	63,7371	21,6699	68,7277	21,6699	65,6728	21,6699	63,6592	
21,8336	68,7275	21,8336	65,7243	21,8336	63,7372	21,8336	68,7276	21,8336	65,6722	21,8336	63,6593	
21,9973	68,7274	21,9973	65,7238	21,9973	63,7373	21,9973	68,7271	21,9973	65,6716	21,9973	63,6589	
22,1613	68,7269	22,1613	65,7244	22,1613	63,7374	22,1613	68,7277	22,1613	65,6724	22,1613	63,6591	
22,3255	68,7273	22,3255	65,7243	22,3255	63,7373	22,3255	68,7263	22,3255	65,6721	22,3255	63,6593	
22,489	68,7291	22,489	65,7246	22,489	63,7371	22,489	68,7281	22,489	65,6721	22,489	63,659	
22,6524	68,7267	22,6524	65,7245	22,6524	63,7371	22,6524	68,7273	22,6524	65,6723	22,6524	63,6589	
22,8161	68,7272	22,8161	65,725	22,8161	63,7373	22,8161	68,7265	22,8161	65,6723	22,8161	63,6591	
22,9799	68,7272	22,9799	65,7243	22,9799	63,7372	22,9799	68,7254	22,9799	65,6718	22,9799	63,6591	
23,1436	68,7282	23,1436	65,725	23,1436	63,7374	23,1436	68,7277	23,1436	65,6723	23,1436	63,659	
23,307	68,728	23,307	65,724	23,307	63,7371	23,307	68,727	23,307	65,672	23,307	63,659	
23,4707	68,7285	23,4707	65,7245	23,4707	63,7373	23,4707	68,7276	23,4707	65,6719	23,4707	63,6592	
23,6347	68,7275	23,6347	65,7249	23,6347	63,7376	23,6347	68,7274	23,6347	65,6718	23,6347	63,659	
23,7987	68,7274	23,7987	65,725	23,7987	63,7373	23,7987	68,7276	23,7987	65,672	23,7987	63,6591	
23,9625	68,7283	23,9625	65,7241	23,9625	63,7372	23,9625	68,7276	23,9625	65,6718	23,9625	63,659	
24,1262	68,7279	24,1262	65,7247	24,1262	63,7375	24,1262	68,7274	24,1262	65,6719	24,1262	63,6589	
24,2896	68,7274	24,2896	65,7248	24,2896	63,7372	24,2896	68,7275	24,2896	65,673	24,2896	63,659	
24,4534	68,7279	24,4534	65,7244	24,4534	63,7376	24,4534	68,7274	24,4534	65,6715	24,4534	63,659	
24,6171	68,7275	24,6171	65,725	24,6171	63,7378	24,6171	68,7274	24,6171	65,6722	24,6171	63,6593	
24,7811	68,7275	24,7811	65,724	24,7811	63,7375	24,7811	68,7274	24,7811	65,6721	24,7811	63,6591	
24,9448	68,7279	24,9448	65,7252	24,9448	63,7377	24,9448	68,7257	24,9448	65,672	24,9448	63,659	
25,1088	68,7277	25,1088	65,7248	25,1088	63,7376	25,1088	68,7273	25,1088	65,6721	25,1088	63,659	
25,2725	68,7277	25,2725	65,7238	25,2725	63,7376	25,2725	68,7265	25,2725	65,6718	25,2725	63,6591	
25,4362	68,7281	25,4362	65,724	25,4362	63,7377	25,4362	68,7273	25,4362	65,673	25,4362	63,659	
25,5999	68,7277	25,5999	65,7245	25,5999	63,7376	25,5999	68,727	25,5999	65,6717	25,5999	63,6591	
25,7634	68,7292	25,7634	65,7242	25,7634	63,7376	25,7634	68,7275	25,7634	65,6721	25,7634	63,659	
25,9274	68,7283	25,9274	65,7241	25,9274	63,7374	25,9274	68,7281	25,9274	65,6727	25,9274	63,6588	
26,0911	68,7288	26,0911	65,7242	26,0911	63,7377	26,0911	68,7278	26,0911	65,6726	26,0911	63,6593	
26,2545	68,7278	26,2545	65,7247	26,2545	63,7376	26,2545	68,7279	26,2545	65,6729	26,2545	63,6593	
26,4188	68,7276	26,4188	65,7243	26,4188	63,7375	26,4188	68,7274	26,4188	65,6722	26,4188	63,6591	
26,5825	68,7277	26,5825	65,7251	26,5825	63,7376	26,5825	68,7272	26,5825	65,6719	26,5825	63,6592	
26,7462	68,7281	26,7462	65,7254	26,7462	63,7377	26,7462	68,7276	26,7462	65,6719	26,7462	63,6595	
26,9102	68,7283	26,9102	65,724	26,9102	63,7372	26,9102	68,7284	26,9102	65,6721	26,9102	63,6591	
27,0739	68,7259	27,0739	65,7231	27,0739	63,7365	27,0739	68,7278	27,0739	65,6717	27,0739	63,6593	
27,2378	68,7238	27,2378	65,7209	27,2378	63,7346	27,2378	68,7267	27,2378	65,6715	27,2378	63,6592	
27,4016	68,7224	27,4016	65,7194	27,4016	63,7331	27,4016	68,7275	27,4016	65,6719	27,4016	63,6592	
27,5664	68,7201	27,5664	65,719	27,5664	63,7328	27,5664	68,7272	27,5664	65,6723	27,5664	63,6592	
27,7304	68,7214	27,7304	65,7185	27,7304	63,7321	27,7304	68,7276	27,7304	65,6722	27,7304	63,6594	
27,8949	68,7213	27,8949	65,7181	27,8949	63,7324	27,8949	68,7274	27,8949	65,672	27,8949	63,6593	
28,0588	68,7217	28,0588	65,7183	28,0588	63,7322	28,0588	68,7276	28,0588	65,6718	28,0588	63,6594	
28,2223	68,7216	28,2223	65,7184	28,2223	63,7321	28,2223	68,7275	28,2223	65,672	28,2223	63,6591	
28,386	68,7209	28,386	65,7181	28,386	63,732	28,386	68,7277	28,386	65,6719	28,386	63,6591	
28,5508	68,72	28,5508	65,7188	28,5508	63,7315	28,5508	68,7273	28,5508	65,6717	28,5508	63,6589	
28,7154	68,7198	28,7154	65,7181	28,7154	63,7319	28,7154	68,7284	28,7154	65,6717	28,7154	63,6588	
28,8792	68,7209	28,8792	65,7184	28,8792	63,7317	28,8792	68,7269	28,8792	65,6718	28,8792	63,6588	
29,0431	68,7205	29,0431	65,7178	29,0431	63,7319	29,0431	68,7276	29,0431	65,6713	29,0431	63,659	
29,2071	68,7198	29,2071	65,7184	29,2071	63,7317	29,2071	68,7257	29,2071	65,6719	29,2071	63,6589	
29,3706	68,7192	29,3706	65,7181	29,3706	63,7318	29,3706	68,7271	29,3706	65,6723	29,3706	63,659	
29,5349	68,7208	29,5349	65,7183	29,5349	63,7323	29,5349	68,7271	29,5349	65,6715	29,5349	63,6591	
29,6996	68,7207	29,6996	65,7182	29,6996	63,7317	29,6996	68,7276	29,6996	65,6719	29,6996	63,6589	
29,8633	68,7205	29,8633	65,7178	29,8633	63,7319	29,8633	68,7265	29,8633	65,672	29,8633	63,6593	
30,0285	68,7204	30,0285	65,7182	30,0285	63,7319	30,0285	68,7259	30,0285	65,6724	30,0285	63,6593	
30,1931	68,7201	30,1931	65,7183	30,1931	63,7321	30,1931	68,7279	30,1931	65,6723	30,1931	63,6593	
30,3573	68,72	30,3573	65,7186	30,3573	63,7317	30,3573	68,7279	30,3573	65,672	30,3573	63,6593	
30,5219	68,7212	30,5219	65,718	30,5219	63,7319	30,5219	68,7281	30,5219	65,6729	30,5219	63,659	
30,6861	68,7198	30,6861	65,7181	30,6861	63,7317	30,6861	68,7262	30,6861	65,6722	30,6861	63,659	
30,8509	68,7203	30,8509	65,7178	30,8509	63,7319	30,8509	68,7268	30,8509	65,6715	30,8509	63,6591	
31,0152	68,7199	31,0152	65,7176	31,0152	63,7319	31,0152	68,7274	31,0152	65,672	31,0152	63,6593	
31,1792	68,7201	31,1792	65,7183	31,1792	63,7319	31,1792	68,7266	31,1792	65,6727	31,1792	63,6591	
31,3437	68,7199	31,3437	65,7186	31,3437	63,7318	31,3437	68,7274	31,3437	65,6719	31,3437	63,6589	
31,5077	68,7201	31,5077	65,7178	31,5077	63,732	31,5077	68,7258	31,5077	65,6725	31,5077	63,6593	
31,6719	68,7212	31,6719	65,7181	31,6719	63,732	31,6719	68,7275	31,6719	65,6723	31,6719	63,6593	
31,8365	68,7198	31,8365	65,7185	31,8365	63,7319	31,8365	68,7274	31,8365	65,6716	31,8365	63,659	
32,0008	68,7205	32,0008	65,7177	32,0008	63,7319	32,0008	68,7271	32,0008	65,6725	32,0008	63,6592	
32,1648	68,7205	32,1648	65,7182	32,1648	63,7318	32,1648	68,7273	32,1648	65,6717	32,1648	63,659	
32,329	68,7204	32,329	65,7177	32,329	63,7321	32,329	68,7271	32,329	65,6725	32,329	63,6591	
32,493	68,72	32,493	65,7183	32,493	63,7317	32,493	68,727	32,493	65,672	32,493	63,6589	
32,6573	68,7203	32,6573	65,7176	32,6573	63,7318	32,6573	68,7273	32,6573	65,6718	32,6573	63,659	
32,8213	68,7202	32,8213	65,7181	32,8213	63,7318	32,8213	68,7281	32,8213	65,6714	32,8213	63,6589	
32,985	68,7206	32,985	65,718	32,985	63,732	32,985	68,7275	32,985	65,6716	32,985	63,6591	
33,1489	68,7199	33,1489	65,7183	33,1489	63,7319	33,1489	68,7264	33,1489	65,6724	33,1489	63,6589	
33,3129	68,7208	33,3129	65,7185	33,3129	63,7319	33,3129	68,727	33,3129	65,673	33,3129	63,6591	
33,4771	68,7206	33,4771	65,7182	33,4771	63,7321	33,4771	68,7261	33,4771	65,672	33,4771	63,659	
33,6419	68,7205	33,6419	65,7177	33,6419	63,7318	33,6419	68,7271	33,6419	65,6716	33,6419	63,659	
33,8056	68,7203	33,8056	65,7177	33,8056	63,7318	33,8056	68,7262	33,8056	65,6712	33,8056	63,6591	
33,9694	68,7207	33,9694	65,7177	33,9694	63,7321	33,9694	68,7275	33,9694	65,6714	33,9694	63,6591	
34,1336	68,7205	34,1336	65,7181	34,1336	63,7317	34,1336	68,7266	34,1336	65,6725	34,1336	63,6591	
34,298	68,7208	34,298	65,7183	34,298	63,732	34,298	68,7275	34,298	65,6727	34,298	63,6592	
34,4625	68,721	34,4625	65,7193	34,4625	63,7322	34,4625	68,7275	34,4625	65,6731	34,4625	63,6591	
34,6259	68,7218	34,6259	65,7183	34,6259	63,7318	34,6259	68,7274	34,6259	65,6714	34,6259	63,659	
34,7899	68,7206	34,7899	65,7181	34,7899	63,732	34,7899	68,7265	34,7899	65,6727	34,7899	63,6592	
34,9544	68,7206	34,9544	65,7186	34,9544	63,7317	34,9544	68,7272	34,9544	65,6729	34,9544	63,659	
35,1182	68,7206	35,1182	65,7182	35,1182	63,7319	35,1182	68,7271	35,1182	65,6716	35,1182	63,6589	
35,2819	68,7209	35,2819	65,718	35,2819	63,7321	35,2819	68,7277	35,2819	65,6717	35,2819	63,6591	
35,4464	68,7202	35,4464	65,7178	35,4464	63,7319	35,4464	68,7268	35,4464	65,6721	35,4464	63,6592	
35,6101	68,7208	35,6101	65,7181	35,6101	63,732	35,6101	68,7279	35,6101	65,6717	35,6101	63,6592	
35,7747	68,7208	35,7747	65,7185	35,7747	63,7321	35,7747	68,7279	35,7747	65,6715	35,7747	63,6592	
35,9393	68,721	35,9393	65,7179	35,9393	63,7318	35,9393	68,7272	35,9393	65,6722	35,9393	63,6592	
36,103	68,721	36,103	65,7183	36,103	63,7321	36,103	68,7274	36,103	65,6717	36,103	63,6593	
36,2669	68,7214	36,2669	65,7181	36,2669	63,7322	36,2669	68,728	36,2669	65,6726	36,2669	63,6593	
36,4314	68,7208	36,4314	65,7183	36,4314	63,732	36,4314	68,7278	36,4314	65,6726	36,4314	63,6592	
36,5959	68,7208	36,5959	65,7183	36,5959	63,732	36,5959	68,728	36,5959	65,672	36,5959	63,6592	
36,7599	68,7208	36,7599	65,7187	36,7599	63,732	36,7599	68,7277	36,7599	65,672	36,7599	63,6593	
36,9239	68,7209	36,9239	65,719	36,9239	63,732	36,9239	68,7276	36,9239	65,6717	36,9239	63,6592	
37,0879	68,7211	37,0879	65,719	37,0879	63,7317	37,0879	68,7276	37,0879	65,672	37,0879	63,6593	
37,2513	68,7211	37,2513	65,7193	37,2513	63,7322	37,2513	68,7277	37,2513	65,6729	37,2513	63,6594	
37,415	68,7204	37,415	65,7185	37,415	63,7319	37,415	68,7285	37,415	65,672	37,415	63,6591	
37,5787	68,7207	37,5787	65,7182	37,5787	63,7321	37,5787	68,7275	37,5787	65,6728	37,5787	63,6594	
37,7433	68,7212	37,7433	65,7185	37,7433	63,7323	37,7433	68,7276	37,7433	65,6721	37,7433	63,6594	
37,9083	68,7215	37,9083	65,7182	37,9083	63,7321	37,9083	68,727	37,9083	65,6719	37,9083	63,6593	
38,0729	68,7214	38,0729	65,7185	38,0729	63,7322	38,0729	68,7279	38,0729	65,6726	38,0729	63,6594	
38,2369	68,7208	38,2369	65,7183	38,2369	63,7323	38,2369	68,7283	38,2369	65,6732	38,2369	63,6592	
38,4014	68,7205	38,4014	65,7185	38,4014	63,732	38,4014	68,7281	38,4014	65,6721	38,4014	63,6594	
38,5662	68,7211	38,5662	65,7185	38,5662	63,7322	38,5662	68,7281	38,5662	65,6719	38,5662	63,6593	
38,7308	68,7222	38,7308	65,7182	38,7308	63,7317	38,7308	68,7292	38,7308	65,6726	38,7308	63,659	
38,8945	68,7223	38,8945	65,7181	38,8945	63,7321	38,8945	68,7272	38,8945	65,6726	38,8945	63,6593	
39,0582	68,7206	39,0582	65,7184	39,0582	63,7319	39,0582	68,7289	39,0582	65,6724	39,0582	63,6592	
39,2222	68,7211	39,2222	65,7184	39,2222	63,7318	39,2222	68,728	39,2222	65,6726	39,2222	63,6593	
39,386	68,7203	39,386	65,7186	39,386	63,7318	39,386	68,7279	39,386	65,6728	39,386	63,6591	
39,5502	68,7208	39,5502	65,7182	39,5502	63,732	39,5502	68,7273	39,5502	65,6722	39,5502	63,6591	
39,7145	68,7207	39,7145	65,7183	39,7145	63,7321	39,7145	68,7289	39,7145	65,6725	39,7145	63,6591	
39,8782	68,7213	39,8782	65,7185	39,8782	63,7323	39,8782	68,7281	39,8782	65,6723	39,8782	63,6593	
40,0419	68,7212	40,0419	65,7185	40,0419	63,7321	40,0419	68,7275	40,0419	65,6731	40,0419	63,6595	
40,2059	68,7209	40,2059	65,7184	40,2059	63,7316	40,2059	68,7281	40,2059	65,6727	40,2059	63,659	
40,3701	68,7217	40,3701	65,7186	40,3701	63,7322	40,3701	68,7281	40,3701	65,6723	40,3701	63,6593	
40,5344	68,7205	40,5344	65,7188	40,5344	63,732	40,5344	68,7275	40,5344	65,6718	40,5344	63,6591	
40,6984	68,722	40,6984	65,7183	40,6984	63,7323	40,6984	68,7275	40,6984	65,6723	40,6984	63,6594	
40,8624	68,7224	40,8624	65,7185	40,8624	63,732	40,8624	68,7284	40,8624	65,6723	40,8624	63,6593	
41,0262	68,7211	41,0262	65,7186	41,0262	63,732	41,0262	68,729	41,0262	65,6727	41,0262	63,6593	
41,1899	68,721	41,1899	65,7189	41,1899	63,7322	41,1899	68,7279	41,1899	65,6726	41,1899	63,6594	
41,3541	68,7214	41,3541	65,7191	41,3541	63,7321	41,3541	68,7269	41,3541	65,6721	41,3541	63,6594	
41,5178	68,7227	41,5178	65,7187	41,5178	63,7321	41,5178	68,7281	41,5178	65,6729	41,5178	63,6592	
41,6818	68,7209	41,6818	65,7189	41,6818	63,7322	41,6818	68,7278	41,6818	65,6729	41,6818	63,6591	
41,8461	68,7212	41,8461	65,7186	41,8461	63,7321	41,8461	68,7285	41,8461	65,6729	41,8461	63,6591	
42,0098	68,721	42,0098	65,7186	42,0098	63,7322	42,0098	68,728	42,0098	65,672	42,0098	63,6593	
42,1735	68,7207	42,1735	65,719	42,1735	63,7321	42,1735	68,7283	42,1735	65,6718	42,1735	63,6592	
42,3375	68,7218	42,3375	65,7185	42,3375	63,7323	42,3375	68,7281	42,3375	65,6725	42,3375	63,6593	
42,5015	68,7211	42,5015	65,7186	42,5015	63,7321	42,5015	68,7277	42,5015	65,6722	42,5015	63,6591	
42,6658	68,721	42,6658	65,7185	42,6658	63,7321	42,6658	68,728	42,6658	65,673	42,6658	63,6592	
42,8295	68,7209	42,8295	65,7181	42,8295	63,7323	42,8295	68,7278	42,8295	65,6726	42,8295	63,6594	
42,994	68,7209	42,994	65,7189	42,994	63,732	42,994	68,726	42,994	65,6722	42,994	63,659	
43,1583	68,7207	43,1583	65,7188	43,1583	63,7321	43,1583	68,7261	43,1583	65,6727	43,1583	63,6592	
43,322	68,7223	43,322	65,7184	43,322	63,7323	43,322	68,7284	43,322	65,6718	43,322	63,6594	
43,486	68,7218	43,486	65,7191	43,486	63,7321	43,486	68,7277	43,486	65,673	43,486	63,6593	
43,6497	68,7208	43,6497	65,7186	43,6497	63,7321	43,6497	68,7282	43,6497	65,6716	43,6497	63,6591	
43,8134	68,7215	43,8134	65,7185	43,8134	63,7323	43,8134	68,7283	43,8134	65,673	43,8134	63,6595	
43,9774	68,722	43,9774	65,719	43,9774	63,7322	43,9774	68,7282	43,9774	65,6721	43,9774	63,6594	
44,1421	68,7217	44,1421	65,7186	44,1421	63,7323	44,1421	68,7281	44,1421	65,6719	44,1421	63,6594	
44,3064	68,7222	44,3064	65,7185	44,3064	63,7323	44,3064	68,7281	44,3064	65,6734	44,3064	63,6594	
44,4709	68,7217	44,4709	65,7191	44,4709	63,7324	44,4709	68,7281	44,4709	65,6722	44,4709	63,6594	
44,6354	68,7218	44,6354	65,7189	44,6354	63,7323	44,6354	68,7277	44,6354	65,6722	44,6354	63,6595	
44,7994	68,7226	44,7994	65,7189	44,7994	63,7322	44,7994	68,7286	44,7994	65,6729	44,7994	63,6596	
44,9648	68,7228	44,9648	65,7187	44,9648	63,7322	44,9648	68,7292	44,9648	65,6725	44,9648	63,6596	
45,1301	68,7203	45,1301	65,7187	45,1301	63,7323	45,1301	68,7282	45,1301	65,6723	45,1301	63,6595	
45,2938	68,7215	45,2938	65,7185	45,2938	63,7323	45,2938	68,7285	45,2938	65,672	45,2938	63,6593	
45,4578	68,721	45,4578	65,7187	45,4578	63,732	45,4578	68,7274	45,4578	65,6724	45,4578	63,6593	
45,6221	68,7222	45,6221	65,7185	45,6221	63,7323	45,6221	68,7278	45,6221	65,6723	45,6221	63,6593	
45,7861	68,7215	45,7861	65,7186	45,7861	63,7324	45,7861	68,7272	45,7861	65,6722	45,7861	63,6593	
45,9501	68,7209	45,9501	65,7189	45,9501	63,732	45,9501	68,7281	45,9501	65,6726	45,9501	63,6593	
46,1149	68,7221	46,1149	65,7187	46,1149	63,7322	46,1149	68,7283	46,1149	65,6721	46,1149	63,6593	
46,2795	68,7214	46,2795	65,7183	46,2795	63,7323	46,2795	68,7283	46,2795	65,6718	46,2795	63,6593	
46,4435	68,7221	46,4435	65,7189	46,4435	63,7322	46,4435	68,7287	46,4435	65,6733	46,4435	63,6594	
46,6078	68,7211	46,6078	65,7189	46,6078	63,7321	46,6078	68,7283	46,6078	65,6729	46,6078	63,6592	
46,7718	68,7214	46,7718	65,719	46,7718	63,7323	46,7718	68,7281	46,7718	65,6725	46,7718	63,6592	
46,9357	68,7221	46,9357	65,7187	46,9357	63,7323	46,9357	68,7284	46,9357	65,6727	46,9357	63,6595	
47,1001	68,7214	47,1001	65,7185	47,1001	63,7322	47,1001	68,7285	47,1001	65,6724	47,1001	63,6595	
47,2654	68,7224	47,2654	65,7188	47,2654	63,7319	47,2654	68,7286	47,2654	65,6721	47,2654	63,6593	
47,4296	68,7214	47,4296	65,719	47,4296	63,7321	47,4296	68,7285	47,4296	65,6726	47,4296	63,6595	
47,5941	68,7214	47,5941	65,7184	47,5941	63,7324	47,5941	68,7281	47,5941	65,6724	47,5941	63,6595	
47,7587	68,7213	47,7587	65,719	47,7587	63,7321	47,7587	68,7282	47,7587	65,6734	47,7587	63,6594	
47,9229	68,7217	47,9229	65,7189	47,9229	63,7319	47,9229	68,7283	47,9229	65,6727	47,9229	63,6589	
48,0869	68,7212	48,0869	65,7184	48,0869	63,732	48,0869	68,7273	48,0869	65,6725	48,0869	63,6592	
48,2509	68,7213	48,2509	65,7186	48,2509	63,7319	48,2509	68,7288	48,2509	65,6729	48,2509	63,6594	
48,4149	68,7225	48,4149	65,7189	48,4149	63,7321	48,4149	68,7288	48,4149	65,673	48,4149	63,6596	
48,5802	68,7221	48,5802	65,7186	48,5802	63,7325	48,5802	68,7285	48,5802	65,6726	48,5802	63,6595	
48,7448	68,7214	48,7448	65,7186	48,7448	63,7325	48,7448	68,7286	48,7448	65,6732	48,7448	63,6596	
48,9091	68,7216	48,9091	65,719	48,9091	63,7321	48,9091	68,7287	48,9091	65,6734	48,9091	63,6596	
49,0733	68,7211	49,0733	65,7188	49,0733	63,7323	49,0733	68,7273	49,0733	65,6725	49,0733	63,6594	
49,237	68,7216	49,237	65,7192	49,237	63,7324	49,237	68,7281	49,237	65,6733	49,237	63,6594	
49,4008	68,7221	49,4008	65,7185	49,4008	63,7325	49,4008	68,7286	49,4008	65,6721	49,4008	63,6595	
49,5661	68,7215	49,5661	65,719	49,5661	63,7325	49,5661	68,7287	49,5661	65,6728	49,5661	63,6597	
49,7301	68,7217	49,7301	65,7191	49,7301	63,7323	49,7301	68,729	49,7301	65,6734	49,7301	63,6595	
49,8941	68,7217	49,8941	65,7191	49,8941	63,7322	49,8941	68,728	49,8941	65,6723	49,8941	63,6594	
50,0583	68,7213	50,0583	65,719	50,0583	63,7323	50,0583	68,7287	50,0583	65,6734	50,0583	63,6596	
50,222	68,7216	50,222	65,7189	50,222	63,7322	50,222	68,7281	50,222	65,6729	50,222	63,6596	
50,3871	68,7213	50,3871	65,7188	50,3871	63,7321	50,3871	68,7282	50,3871	65,6733	50,3871	63,6596	
50,551	68,7222	50,551	65,7188	50,551	63,7322	50,551	68,7283	50,551	65,6727	50,551	63,6596	
50,715	68,7209	50,715	65,7191	50,715	63,7322	50,715	68,7286	50,715	65,6726	50,715	63,6594	
50,8796	68,7222	50,8796	65,7188	50,8796	63,7322	50,8796	68,7289	50,8796	65,6728	50,8796	63,6597	
51,0438	68,7222	51,0438	65,719	51,0438	63,7323	51,0438	68,7287	51,0438	65,6727	51,0438	63,6596	
51,2079	68,7211	51,2079	65,7189	51,2079	63,7323	51,2079	68,7265	51,2079	65,6724	51,2079	63,6593	
51,373	68,7219	51,373	65,7191	51,373	63,7323	51,373	68,7281	51,373	65,6726	51,373	63,6595	
51,5377	68,7218	51,5377	65,7191	51,5377	63,7325	51,5377	68,7287	51,5377	65,6736	51,5377	63,6596	
51,702	68,7211	51,702	65,719	51,702	63,7321	51,702	68,7276	51,702	65,673	51,702	63,6595	
51,8665	68,7215	51,8665	65,7192	51,8665	63,732	51,8665	68,7289	51,8665	65,673	51,8665	63,6592	
52,0313	68,7216	52,0313	65,7189	52,0313	63,7322	52,0313	68,7278	52,0313	65,6728	52,0313	63,6595	
52,1958	68,7228	52,1958	65,7185	52,1958	63,7324	52,1958	68,7283	52,1958	65,6724	52,1958	63,6594	
52,3604	68,7212	52,3604	65,7193	52,3604	63,7324	52,3604	68,7287	52,3604	65,6732	52,3604	63,6596	
52,5244	68,7214	52,5244	65,7187	52,5244	63,7325	52,5244	68,7283	52,5244	65,6725	52,5244	63,6597	
52,6879	68,7217	52,6879	65,7192	52,6879	63,7325	52,6879	68,7288	52,6879	65,6735	52,6879	63,6596	
52,8516	68,7227	52,8516	65,7192	52,8516	63,7327	52,8516	68,7289	52,8516	65,6725	52,8516	63,6596	
53,0159	68,722	53,0159	65,7192	53,0159	63,7326	53,0159	68,7292	53,0159	65,6726	53,0159	63,6596	
53,1796	68,7222	53,1796	65,7194	53,1796	63,7326	53,1796	68,7289	53,1796	65,6723	53,1796	63,6599	
53,3441	68,7226	53,3441	65,7194	53,3441	63,7325	53,3441	68,7284	53,3441	65,6732	53,3441	63,6596	
53,5098	68,7213	53,5098	65,719	53,5098	63,7323	53,5098	68,7285	53,5098	65,6733	53,5098	63,6595	
53,6738	68,7219	53,6738	65,7197	53,6738	63,7326	53,6738	68,728	53,6738	65,6728	53,6738	63,6596	
53,8381	68,7218	53,8381	65,7196	53,8381	63,7327	53,8381	68,7292	53,8381	65,6731	53,8381	63,6595	
54,0018	68,7216	54,0018	65,7193	54,0018	63,7324	54,0018	68,7285	54,0018	65,6731	54,0018	63,6595	
54,1655	68,7226	54,1655	65,7189	54,1655	63,7323	54,1655	68,7291	54,1655	65,6733	54,1655	63,6597	
54,33	68,722	54,33	65,7193	54,33	63,7324	54,33	68,7293	54,33	65,6735	54,33	63,6597	
54,494	68,7221	54,494	65,7189	54,494	63,7326	54,494	68,7287	54,494	65,6727	54,494	63,6599	
54,6588	68,7221	54,6588	65,7191	54,6588	63,7328	54,6588	68,7295	54,6588	65,6733	54,6588	63,6598	
54,8231	68,7231	54,8231	65,72	54,8231	63,7327	54,8231	68,7287	54,8231	65,6734	54,8231	63,6599	
54,9873	68,7228	54,9873	65,7196	54,9873	63,7325	54,9873	68,7285	54,9873	65,6734	54,9873	63,6596	
55,1519	68,7217	55,1519	65,7193	55,1519	63,7328	55,1519	68,729	55,1519	65,6729	55,1519	63,6598	
55,3156	68,7233	55,3156	65,7194	55,3156	63,7326	55,3156	68,7297	55,3156	65,6731	55,3156	63,6597	
55,4801	68,722	55,4801	65,7194	55,4801	63,7327	55,4801	68,7292	55,4801	65,6727	55,4801	63,6596	
55,6448	68,7228	55,6448	65,7194	55,6448	63,7328	55,6448	68,7287	55,6448	65,6726	55,6448	63,6598	
55,8083	68,7215	55,8083	65,7192	55,8083	63,7329	55,8083	68,7268	55,8083	65,6727	55,8083	63,6598	
55,9723	68,7229	55,9723	65,7194	55,9723	63,733	55,9723	68,729	55,9723	65,6731	55,9723	63,66	
56,1365	68,7225	56,1365	65,7195	56,1365	63,7327	56,1365	68,729	56,1365	65,6735	56,1365	63,66	
56,3005	68,7215	56,3005	65,7195	56,3005	63,7327	56,3005	68,7283	56,3005	65,6732	56,3005	63,6599	
56,4645	68,722	56,4645	65,7192	56,4645	63,7329	56,4645	68,7293	56,4645	65,6728	56,4645	63,66	
56,6287	68,7222	56,6287	65,72	56,6287	63,7331	56,6287	68,7299	56,6287	65,6734	56,6287	63,66	
56,7933	68,7221	56,7933	65,7193	56,7933	63,733	56,7933	68,7286	56,7933	65,6725	56,7933	63,6598	
56,9579	68,7226	56,9579	65,7191	56,9579	63,7329	56,9579	68,7294	56,9579	65,673	56,9579	63,6598	
57,1219	68,7217	57,1219	65,7201	57,1219	63,7328	57,1219	68,729	57,1219	65,6735	57,1219	63,6597	
57,2856	68,7215	57,2856	65,7193	57,2856	63,7329	57,2856	68,7287	57,2856	65,674	57,2856	63,6598	
57,4493	68,7219	57,4493	65,7191	57,4493	63,7326	57,4493	68,7292	57,4493	65,6732	57,4493	63,6597	
57,6135	68,7229	57,6135	65,719	57,6135	63,7327	57,6135	68,7289	57,6135	65,6725	57,6135	63,6601	
57,7775	68,7231	57,7775	65,7192	57,7775	63,7328	57,7775	68,7287	57,7775	65,6733	57,7775	63,6599	
57,9423	68,7222	57,9423	65,7195	57,9423	63,7327	57,9423	68,7293	57,9423	65,6739	57,9423	63,66	
58,1073	68,7222	58,1073	65,72	58,1073	63,7328	58,1073	68,7285	58,1073	65,6733	58,1073	63,6595	
58,2716	68,7231	58,2716	65,7195	58,2716	63,7327	58,2716	68,7289	58,2716	65,6728	58,2716	63,6597	
58,4358	68,7225	58,4358	65,719	58,4358	63,7325	58,4358	68,7289	58,4358	65,6731	58,4358	63,66	
58,6001	68,7214	58,6001	65,7193	58,6001	63,7326	58,6001	68,7291	58,6001	65,6736	58,6001	63,6597	
58,764	68,7219	58,764	65,7198	58,764	63,7327	58,764	68,729	58,764	65,6732	58,764	63,6597	
58,9283	68,7219	58,9283	65,7193	58,9283	63,7327	58,9283	68,7298	58,9283	65,6731	58,9283	63,66	
59,0925	68,7232	59,0925	65,7194	59,0925	63,7326	59,0925	68,7294	59,0925	65,674	59,0925	63,66	
59,2568	68,7229	59,2568	65,7195	59,2568	63,7328	59,2568	68,729	59,2568	65,6735	59,2568	63,6602	
59,4208	68,7223	59,4208	65,7196	59,4208	63,7331	59,4208	68,7292	59,4208	65,6731	59,4208	63,6602	
59,5845	68,7222	59,5845	65,7195	59,5845	63,7329	59,5845	68,7293	59,5845	65,6733	59,5845	63,6602	
59,7487	68,7223	59,7487	65,7193	59,7487	63,7329	59,7487	68,7287	59,7487	65,6731	59,7487	63,6601	
59,9122	68,7214	59,9122	65,7195	59,9122	63,7329	59,9122	68,7287	59,9122	65,6734	59,9122	63,66	
60,0761	68,7219	60,0761	65,7197	60,0761	63,7326	60,0761	68,7289	60,0761	65,673	60,0761	63,6601	
60,2408	68,7218	60,2408	65,7192	60,2408	63,7327	60,2408	68,7277	60,2408	65,6734	60,2408	63,6601	
60,4059	68,7222	60,4059	65,7195	60,4059	63,733	60,4059	68,7288	60,4059	65,6732	60,4059	63,66	
60,5701	68,7222	60,5701	65,7196	60,5701	63,7331	60,5701	68,7289	60,5701	65,6731	60,5701	63,66	
60,7345	68,7215	60,7345	65,7197	60,7345	63,7327	60,7345	68,7296	60,7345	65,6732	60,7345	63,6599	
60,8995	68,7225	60,8995	65,7192	60,8995	63,7331	60,8995	68,7296	60,8995	65,673	60,8995	63,66	
61,0635	68,7234	61,0635	65,7193	61,0635	63,7326	61,0635	68,7297	61,0635	65,6732	61,0635	63,6601	
61,227	68,7224	61,227	65,7195	61,227	63,7329	61,227	68,729	61,227	65,6733	61,227	63,6599	
61,3913	68,7225	61,3913	65,7191	61,3913	63,7327	61,3913	68,7288	61,3913	65,6732	61,3913	63,6601	
61,5555	68,722	61,5555	65,7191	61,5555	63,7328	61,5555	68,7284	61,5555	65,6731	61,5555	63,6598	
61,7195	68,7219	61,7195	65,7189	61,7195	63,733	61,7195	68,7293	61,7195	65,6734	61,7195	63,6603	
61,8832	68,7224	61,8832	65,7196	61,8832	63,7328	61,8832	68,7289	61,8832	65,6737	61,8832	63,6601	
62,0475	68,722	62,0475	65,7191	62,0475	63,7326	62,0475	68,7298	62,0475	65,6736	62,0475	63,6598	
62,2109	68,7222	62,2109	65,7201	62,2109	63,7326	62,2109	68,7291	62,2109	65,6736	62,2109	63,66	
62,3746	68,7224	62,3746	65,7203	62,3746	63,7329	62,3746	68,729	62,3746	65,6731	62,3746	63,6601	
62,5395	68,7217	62,5395	65,7196	62,5395	63,7331	62,5395	68,7294	62,5395	65,6733	62,5395	63,66	
62,7032	68,722	62,7032	65,7197	62,7032	63,7327	62,7032	68,7294	62,7032	65,6738	62,7032	63,66	
62,8675	68,7218	62,8675	65,7199	62,8675	63,7328	62,8675	68,7292	62,8675	65,6738	62,8675	63,6602	
63,0312	68,7223	63,0312	65,7194	63,0312	63,7331	63,0312	68,7298	63,0312	65,6732	63,0312	63,66	
63,1951	68,7228	63,1951	65,7192	63,1951	63,7328	63,1951	68,7294	63,1951	65,673	63,1951	63,6601	
63,3591	68,7223	63,3591	65,7192	63,3591	63,7327	63,3591	68,7294	63,3591	65,6736	63,3591	63,66	
63,5229	68,7231	63,5229	65,7197	63,5229	63,7327	63,5229	68,7293	63,5229	65,6734	63,5229	63,66	
63,6866	68,7223	63,6866	65,7193	63,6866	63,7326	63,6866	68,7293	63,6866	65,6734	63,6866	63,66	
63,8503	68,7221	63,8503	65,7195	63,8503	63,7327	63,8503	68,7295	63,8503	65,6738	63,8503	63,66	
64,0143	68,7227	64,0143	65,7193	64,0143	63,7326	64,0143	68,73	64,0143	65,6736	64,0143	63,6598	
64,1782	68,7221	64,1782	65,7197	64,1782	63,7325	64,1782	68,7301	64,1782	65,6735	64,1782	63,6601	
64,3422	68,7227	64,3422	65,7207	64,3422	63,7327	64,3422	68,7299	64,3422	65,6734	64,3422	63,6599	
64,5059	68,7233	64,5059	65,7205	64,5059	63,7327	64,5059	68,7299	64,5059	65,6737	64,5059	63,6601	
64,6704	68,7223	64,6704	65,7195	64,6704	63,7326	64,6704	68,7294	64,6704	65,6735	64,6704	63,6599	
64,835	68,722	64,835	65,7193	64,835	63,7325	64,835	68,7292	64,835	65,6739	64,835	63,6599	
64,9989	68,7215	64,9989	65,7197	64,9989	63,7327	64,9989	68,7291	64,9989	65,6742	64,9989	63,6598	
65,1629	68,7222	65,1629	65,7191	65,1629	63,7325	65,1629	68,7292	65,1629	65,674	65,1629	63,6598	
65,3267	68,7223	65,3267	65,7196	65,3267	63,7328	65,3267	68,7284	65,3267	65,674	65,3267	63,66	
65,4904	68,7221	65,4904	65,719	65,4904	63,7328	65,4904	68,729	65,4904	65,6743	65,4904	63,66	
65,6546	68,7225	65,6546	65,7195	65,6546	63,7327	65,6546	68,7293	65,6546	65,6731	65,6546	63,66	
65,8181	68,7217	65,8181	65,7192	65,8181	63,7327	65,8181	68,7293	65,8181	65,6738	65,8181	63,6599	
65,9823	68,7215	65,9823	65,7196	65,9823	63,7326	65,9823	68,7295	65,9823	65,6736	65,9823	63,6598	
66,1463	68,7219	66,1463	65,7194	66,1463	63,7327	66,1463	68,7299	66,1463	65,6735	66,1463	63,6599	
66,31	68,7227	66,31	65,7192	66,31	63,7328	66,31	68,7291	66,31	65,6734	66,31	63,6599	
66,4735	68,723	66,4735	65,7189	66,4735	63,7329	66,4735	68,7294	66,4735	65,673	66,4735	63,6597	
66,6372	68,7218	66,6372	65,7194	66,6372	63,7324	66,6372	68,7289	66,6372	65,6735	66,6372	63,6597	
66,8014	68,7228	66,8014	65,7197	66,8014	63,7325	66,8014	68,7291	66,8014	65,6734	66,8014	63,6599	
66,9651	68,7232	66,9651	65,7196	66,9651	63,7326	66,9651	68,7297	66,9651	65,674	66,9651	63,6601	
67,1286	68,729	67,1286	65,7229	67,1286	63,7343	67,1286	68,7281	67,1286	65,6734	67,1286	63,6601	
67,292	68,7696	67,292	65,7446	67,292	63,7455	67,292	68,7296	67,292	65,6731	67,292	63,6599	
67,4555	68,7938	67,4555	65,7639	67,4555	63,7612	67,4555	68,7289	67,4555	65,6743	67,4555	63,6597	
67,6192	68,799	67,6192	65,771	67,6192	63,7673	67,6192	68,7293	67,6192	65,6735	67,6192	63,6599	
67,7832	68,8056	67,7832	65,7743	67,7832	63,7705	67,7832	68,7292	67,7832	65,6736	67,7832	63,6599	
67,9466	68,8085	67,9466	65,7766	67,9466	63,7726	67,9466	68,7293	67,9466	65,6741	67,9466	63,66	
68,1101	68,8087	68,1101	65,778	68,1101	63,7743	68,1101	68,7294	68,1101	65,6736	68,1101	63,6596	
68,2735	68,8123	68,2735	65,7786	68,2735	63,7754	68,2735	68,729	68,2735	65,6734	68,2735	63,66	
68,4372	68,8125	68,4372	65,7804	68,4372	63,7762	68,4372	68,7293	68,4372	65,673	68,4372	63,6598	
68,6009	68,8126	68,6009	65,7805	68,6009	63,7769	68,6009	68,7289	68,6009	65,6731	68,6009	63,6599	
68,7647	68,8126	68,7647	65,7807	68,7647	63,7771	68,7647	68,7293	68,7647	65,6733	68,7647	63,6599	
68,9284	68,8147	68,9284	65,7812	68,9284	63,7775	68,9284	68,7292	68,9284	65,673	68,9284	63,6601	
69,0923	68,813	69,0923	65,7817	69,0923	63,778	69,0923	68,7297	69,0923	65,6736	69,0923	63,6601	
69,2558	68,8148	69,2558	65,7812	69,2558	63,7778	69,2558	68,7276	69,2558	65,6732	69,2558	63,6601	
69,4201	68,8154	69,4201	65,7813	69,4201	63,7779	69,4201	68,7289	69,4201	65,6739	69,4201	63,6601	
69,5838	68,8155	69,5838	65,782	69,5838	63,7779	69,5838	68,7289	69,5838	65,6741	69,5838	63,6601	
69,7473	68,8147	69,7473	65,7824	69,7473	63,7777	69,7473	68,7286	69,7473	65,6732	69,7473	63,66	
69,9115	68,8156	69,9115	65,7816	69,9115	63,7778	69,9115	68,7292	69,9115	65,6729	69,9115	63,66	
70,075	68,8154	70,075	65,782	70,075	63,778	70,075	68,7297	70,075	65,6734	70,075	63,6599	
70,2387	68,8149	70,2387	65,7823	70,2387	63,7778	70,2387	68,7281	70,2387	65,6733	70,2387	63,66	
70,4025	68,8144	70,4025	65,7821	70,4025	63,7781	70,4025	68,729	70,4025	65,6733	70,4025	63,6601	
70,5664	68,8149	70,5664	65,7824	70,5664	63,7778	70,5664	68,728	70,5664	65,6741	70,5664	63,6601	
70,7304	68,816	70,7304	65,7826	70,7304	63,7782	70,7304	68,7298	70,7304	65,6735	70,7304	63,6602	
70,8944	68,8149	70,8944	65,7825	70,8944	63,7783	70,8944	68,7291	70,8944	65,6731	70,8944	63,6601	
71,0582	68,8162	71,0582	65,7823	71,0582	63,778	71,0582	68,7293	71,0582	65,6739	71,0582	63,66	
71,2219	68,815	71,2219	65,7823	71,2219	63,778	71,2219	68,7296	71,2219	65,6734	71,2219	63,6601	
71,3859	68,815	71,3859	65,7824	71,3859	63,7784	71,3859	68,7292	71,3859	65,6732	71,3859	63,6602	
71,5497	68,8144	71,5497	65,7824	71,5497	63,7781	71,5497	68,7302	71,5497	65,6747	71,5497	63,6602	
71,7139	68,8149	71,7139	65,7823	71,7139	63,7779	71,7139	68,7292	71,7139	65,6734	71,7139	63,66	
71,8782	68,8147	71,8782	65,7819	71,8782	63,7782	71,8782	68,7295	71,8782	65,6738	71,8782	63,6603	
72,0416	68,8155	72,0416	65,7827	72,0416	63,7783	72,0416	68,7293	72,0416	65,6744	72,0416	63,6602	
72,2059	68,8167	72,2059	65,7822	72,2059	63,7781	72,2059	68,7292	72,2059	65,6739	72,2059	63,6603	
72,3701	68,8167	72,3701	65,783	72,3701	63,7784	72,3701	68,7296	72,3701	65,6741	72,3701	63,6604	
72,5339	68,8153	72,5339	65,7824	72,5339	63,7786	72,5339	68,7291	72,5339	65,6737	72,5339	63,6605	
72,6973	68,8158	72,6973	65,783	72,6973	63,7785	72,6973	68,7276	72,6973	65,6733	72,6973	63,6604	
72,8608	68,8133	72,8608	65,7821	72,8608	63,7782	72,8608	68,7291	72,8608	65,6739	72,8608	63,6607	
73,0242	68,8151	73,0242	65,7821	73,0242	63,7781	73,0242	68,7276	73,0242	65,6742	73,0242	63,6604	
73,188	68,8149	73,188	65,7817	73,188	63,7776	73,188	68,7293	73,188	65,6737	73,188	63,6603	
73,3518	68,815	73,3518	65,7819	73,3518	63,7777	73,3518	68,7292	73,3518	65,6735	73,3518	63,6605	
73,5154	68,8127	73,5154	65,7808	73,5154	63,777	73,5154	68,7293	73,5154	65,6738	73,5154	63,6604	
73,6795	68,8137	73,6795	65,7818	73,6795	63,7769	73,6795	68,729	73,6795	65,6734	73,6795	63,6605	
73,8432	68,8132	73,8432	65,7805	73,8432	63,7764	73,8432	68,7294	73,8432	65,6737	73,8432	63,6605	
74,0069	68,8135	74,0069	65,7809	74,0069	63,7764	74,0069	68,7289	74,0069	65,6737	74,0069	63,6605	
74,1709	68,8132	74,1709	65,7803	74,1709	63,7757	74,1709	68,7292	74,1709	65,6735	74,1709	63,6604	
74,3352	68,8133	74,3352	65,7792	74,3352	63,7753	74,3352	68,7284	74,3352	65,6743	74,3352	63,6603	
74,4992	68,8109	74,4992	65,7794	74,4992	63,7749	74,4992	68,7302	74,4992	65,6737	74,4992	63,6604	
74,6626	68,8097	74,6626	65,7785	74,6626	63,7747	74,6626	68,7291	74,6626	65,6739	74,6626	63,6604	
74,8266	68,8112	74,8266	65,7784	74,8266	63,7744	74,8266	68,7279	74,8266	65,6739	74,8266	63,6604	
74,9905	68,81	74,9905	65,7773	74,9905	63,7739	74,9905	68,73	74,9905	65,6743	74,9905	63,6601	
75,1551	68,8075	75,1551	65,7747	75,1551	63,7718	75,1551	68,7299	75,1551	65,674	75,1551	63,6602	
75,3196	68,8024	75,3196	65,7717	75,3196	63,7684	75,3196	68,729	75,3196	65,6739	75,3196	63,6602	
75,4836	68,7988	75,4836	65,7684	75,4836	63,7655	75,4836	68,7299	75,4836	65,6739	75,4836	63,6602	
75,6479	68,7943	75,6479	65,7648	75,6479	63,7628	75,6479	68,7293	75,6479	65,6734	75,6479	63,6602	
75,8122	68,7912	75,8122	65,7621	75,8122	63,7601	75,8122	68,7282	75,8122	65,673	75,8122	63,6603	
75,9765	68,7856	75,9765	65,7593	75,9765	63,7577	75,9765	68,7288	75,9765	65,6733	75,9765	63,6603	
76,1405	68,7697	76,1405	65,7497	76,1405	63,7517	76,1405	68,7288	76,1405	65,6739	76,1405	63,6605	
76,3055	68,739	76,3055	65,731	76,3055	63,7406	76,3055	68,7299	76,3055	65,6736	76,3055	63,6605	
76,4695	68,7282	76,4695	65,7227	76,4695	63,7355	76,4695	68,729	76,4695	65,6743	76,4695	63,6603	
76,634	68,7242	76,634	65,7207	76,634	63,7337	76,634	68,7292	76,634	65,6743	76,634	63,6604	
76,798	68,7222	76,798	65,7198	76,798	63,7333	76,798	68,7292	76,798	65,674	76,798	63,6605	
76,9617	68,7214	76,9617	65,72	76,9617	63,7327	76,9617	68,7292	76,9617	65,6736	76,9617	63,6602	
77,1254	68,7231	77,1254	65,7194	77,1254	63,7331	77,1254	68,7292	77,1254	65,6733	77,1254	63,6603	
77,2894	68,7216	77,2894	65,7195	77,2894	63,7329	77,2894	68,73	77,2894	65,6737	77,2894	63,6601	
77,4539	68,7218	77,4539	65,719	77,4539	63,733	77,4539	68,729	77,4539	65,6747	77,4539	63,6604	
77,6182	68,7211	77,6182	65,7191	77,6182	63,7329	77,6182	68,7295	77,6182	65,6741	77,6182	63,6608	
77,7822	68,7218	77,7822	65,7193	77,7822	63,7329	77,7822	68,7299	77,7822	65,6738	77,7822	63,6603	
77,9467	68,7217	77,9467	65,7197	77,9467	63,733	77,9467	68,7291	77,9467	65,6741	77,9467	63,6606	
78,1104	68,7208	78,1104	65,7194	78,1104	63,7328	78,1104	68,728	78,1104	65,6731	78,1104	63,6605	
78,2747	68,721	78,2747	65,7191	78,2747	63,7327	78,2747	68,7287	78,2747	65,6738	78,2747	63,6605	
78,4393	68,7214	78,4393	65,7196	78,4393	63,7325	78,4393	68,729	78,4393	65,6744	78,4393	63,6604	
78,6032	68,7202	78,6032	65,7191	78,6032	63,7327	78,6032	68,7297	78,6032	65,6737	78,6032	63,6604	
78,7681	68,7211	78,7681	65,7198	78,7681	63,7329	78,7681	68,7291	78,7681	65,674	78,7681	63,6606	
78,9318	68,7214	78,9318	65,7188	78,9318	63,733	78,9318	68,7295	78,9318	65,6739	78,9318	63,6607	
79,0955	68,722	79,0955	65,7197	79,0955	63,733	79,0955	68,7294	79,0955	65,674	79,0955	63,6605	
79,26	68,7216	79,26	65,7193	79,26	63,7329	79,26	68,7299	79,26	65,6737	79,26	63,6606	
79,4244	68,7206	79,4244	65,7192	79,4244	63,7326	79,4244	68,729	79,4244	65,674	79,4244	63,6603	
79,5881	68,7204	79,5881	65,7191	79,5881	63,7329	79,5881	68,7278	79,5881	65,6739	79,5881	63,6604	
79,7516	68,7203	79,7516	65,7192	79,7516	63,7327	79,7516	68,7294	79,7516	65,6747	79,7516	63,6605	
79,9158	68,7206	79,9158	65,719	79,9158	63,7326	79,9158	68,7281	79,9158	65,6741	79,9158	63,6605	
80,0796	68,7202	80,0796	65,7193	80,0796	63,7323	80,0796	68,7283	80,0796	65,6737	80,0796	63,6602	
80,2433	68,7208	80,2433	65,7186	80,2433	63,7326	80,2433	68,7288	80,2433	65,6743	80,2433	63,6603	
80,4072	68,7203	80,4072	65,7189	80,4072	63,733	80,4072	68,7289	80,4072	65,6736	80,4072	63,6604	
80,5713	68,7207	80,5713	65,7191	80,5713	63,733	80,5713	68,7291	80,5713	65,6735	80,5713	63,6604	
80,7349	68,7218	80,7349	65,7198	80,7349	63,7329	80,7349	68,7291	80,7349	65,6742	80,7349	63,6605	
80,8989	68,7207	80,8989	65,7191	80,8989	63,7331	80,8989	68,7292	80,8989	65,6737	80,8989	63,6605	
81,0634	68,7202	81,0634	65,72	81,0634	63,7326	81,0634	68,7286	81,0634	65,6739	81,0634	63,6605	
81,2279	68,7218	81,2279	65,7194	81,2279	63,7327	81,2279	68,729	81,2279	65,6741	81,2279	63,6604	
81,3927	68,7213	81,3927	65,7185	81,3927	63,7329	81,3927	68,7288	81,3927	65,6733	81,3927	63,6604	
81,5566	68,7207	81,5566	65,7189	81,5566	63,7329	81,5566	68,7293	81,5566	65,6734	81,5566	63,6604	
81,7204	68,7209	81,7204	65,7188	81,7204	63,7328	81,7204	68,729	81,7204	65,6739	81,7204	63,6605	
81,8838	68,7209	81,8838	65,7196	81,8838	63,7328	81,8838	68,7293	81,8838	65,6741	81,8838	63,6605	
82,0475	68,7219	82,0475	65,7192	82,0475	63,7325	82,0475	68,7291	82,0475	65,6744	82,0475	63,6602	
82,2118	68,721	82,2118	65,7187	82,2118	63,7327	82,2118	68,7294	82,2118	65,6733	82,2118	63,6607	
82,3771	68,7205	82,3771	65,7191	82,3771	63,7329	82,3771	68,7283	82,3771	65,6748	82,3771	63,6606	
82,5411	68,7209	82,5411	65,7195	82,5411	63,7328	82,5411	68,7292	82,5411	65,6737	82,5411	63,6604	
